target_id	length	eff_length	est_counts	tpm
rna28331	66	31	0	0
rna28332	63	28	0	0
rna28333	66	31	2	14.2323
rna28334	63	28	0	0
rna28335	70	35	0	0
rna28336	69	34	5	32.4412
gene12361	1002	967	625	142.58
rna28337	69	34	24	155.718
rna28338	68	33	312.993	2092.31
rna28339	72	37	10	59.6216
gene12362	1566	1531	72173	10399.3
rna28340	70	35	1	6.30286
gene12363	678	643	13351	4580.45
rna28341	69	34	3	19.4647
rna28342	69	34	2	12.9765
gene12364	159	124	9	16.0113
gene12365	681	646	546	186.451
gene12366	780	745	1464	433.501
rna28343	66	31	7	49.8129
gene12367	354	319	37	25.5868
rna28344	67	32	4	27.575
rna28345	69	34	0	0
rna28346	69	34	1	6.48824
gene12368	1665	1630	3251	439.982
rna28347	68	33	7	46.794
gene12369	1344	1309	5039	849.201
gene12370	264	229	50	48.166
rna28348	78	43	3	15.3907
rna28349	68	33	5	33.4243
gene12371	504	469	269	126.528
gene12372	1152	1117	15625	3085.83
rna28350	67	32	2	13.7875
gene12373	918	883	1276	318.783
rna28351	71	36	22	134.811
rna28352	1371	1336	210448	34749.1
rna28353	70	35	19	119.754
rna28354	786	751	6301	1850.87
rna0	1447	1412	41.7749	6.52659
rna1	835	800	23.4852	6.47603
rna2	1068	1033	43.8629	9.36705
rna3	4225	4190	976.035	51.3874
rna4	4189	4154	552.2	29.3248
rna5	4183	4148	398.761	21.207
rna6	4099	4064	68.8703	3.73838
rna7	4256	4221	738.011	38.5703
rna8	1745	1710	194.205	25.0536
rna9	1848	1813	1788.79	217.655
rna10	1156	1121	309.719	60.9492
rna11	811	776	207.6	59.0163
rna12	2088	2053	258.202	27.7445
rna13	1866	1831	0	0
rna14	1817	1782	0	0
rna15	1761	1726	670.102	85.6457
rna16	1767	1732	75.5264	9.61959
rna17	2330	2295	271.85	26.1308
rna18	1595	1560	443	62.6448
rna20	1635	1600	153.229	21.1264
rna19	2736	2701	112.718	9.20607
rna21	1102	1067	12	2.48098
rna22	370	335	33.6828	22.1804
rna23	5269	5234	1668.31	70.3153
rna24	709	674	8	2.6184
rna25	1346	1311	217	36.5143
rna29	2262	2227	0	0
rna28	2319	2284	0	0
rna27	2080	2045	376	40.5602
rna26	2131	2096	0	0
rna31	2378	2343	0.000155367	1.46283e-005
rna30	2797	2762	37.2189	2.97266
rna32	2705	2670	1135.78	93.8402
rna34	670	635	0	0
rna33	519	484	153	69.7351
rna35	7543	7508	319	9.37286
rna48	2647	2612	1447.02	122.21
rna47	3942	3907	27.1526	1.53311
rna46	2870	2835	101.909	7.92983
rna45	4248	4213	358.968	18.7962
rna44	4454	4419	8.82502	0.440552
rna43	3106	3071	92.2255	6.62486
rna42	2769	2734	0	0
rna40	2940	2905	97.0591	7.37048
rna41	3144	3109	19.0982	1.35512
rna38	2843	2808	0	0
rna39	3009	2974	122.901	9.11636
rna37	3214	3179	16.4919	1.14442
rna36	3212	3177	1.66098e-005	1.15332e-006
rna49	84	49	0	0
rna50	23	24	0	0
rna51	89	54	0	0
rna53	78	43	0	0
rna52	23	24	0	0
rna54	24	25	0	0
rna55	79	44	0	0
rna56	23	24	0	0
rna57	100	65	0	0
rna58	21	22	0	0
rna59	100	65	0	0
rna60	23	24	0	0
rna61	100	65	0	0
rna62	19	20	0	0
rna63	2794	2759	201.373	16.1011
rna64	2208	2173	56.3365	5.71921
rna65	2212	2177	6.41981	0.650533
rna66	14474	14439	0	0
rna67	14423	14388	83.7133	1.28351
rna68	14444	14409	47.1631	0.722062
rna69	14417	14382	51.6387	0.792067
rna70	14453	14418	0	0
rna71	14407	14372	1.84864e-008	2.83754e-010
rna72	14356	14321	102.44	1.57799
rna73	14266	14231	190.622	2.9549
rna74	14458	14423	7.21634e-008	1.10374e-009
rna75	14395	14360	928.494	14.2636
rna76	14316	14281	6.37677	0.0985026
rna77	14300	14265	616.585	9.53513
rna78	14089	14054	1111.97	17.4541
rna83	6159	6124	81.9095	2.95056
rna81	4544	4509	183.293	8.96748
rna82	4606	4571	1.81406e-005	8.75478e-007
rna80	4421	4386	1255.8	63.1621
rna79	4544	4509	0	0
rna84	1474	1439	32.6528	5.00571
rna85	4011	3976	694.239	38.5184
rna86	4332	4297	0	0
rna87	5550	5515	0	0
rna88	5530	5495	0	0
rna89	4942	4907	1071.96	48.1912
rna91	2164	2129	5.24535	0.543506
rna92	88	53	0	0
rna93	23	24	0	0
rna90	4161	4126	90.0284	4.81345
rna94	1791	1756	6	0.753759
rna95	7798	7763	1020.01	28.9854
rna96	1263	1228	45.8421	8.23516
rna97	1507	1472	1.01291	0.151798
rna98	147	112	2.81896	5.55235
rna99	1089	1054	17	3.55807
rna100	3465	3430	775.743	49.8918
rna101	3014	2979	701.257	51.9293
rna102	2233	2198	1755.09	176.148
rna103	556	521	0	0
rna104	937	902	5	1.22284
rna106	2689	2654	208.359	17.3187
rna105	2799	2764	136.285	10.8772
rna107	4147	4112	575.807	30.8908
rna108	3811	3776	21.193	1.23813
rna109	135	100	0	0
rna110	21	22	0	0
rna113	1684	1649	740.729	99.0933
rna112	1416	1381	310.389	49.5814
rna111	1532	1497	465.882	68.6531
rna114	1231	1196	237	43.7142
rna118	2623	2588	18.577	1.5835
rna117	2429	2394	56.5799	5.21367
rna115	2665	2630	721.843	60.547
rna116	2757	2722	2.27279e-008	1.84195e-009
rna119	443	408	34	18.3833
rna120	2938	2903	872.062	66.2683
rna121	3327	3292	0	0
rna122	3374	3339	359.938	23.7803
rna123	3403	3368	329.217	21.5633
rna124	73	38	0.158746	0.921561
rna125	719	684	391	126.103
rna126	5004	4969	1799.78	79.9018
rna127	1408	1373	63.6516	10.2269
rna128	977	942	426.348	99.8434
rna129	72	37	8.88889	52.997
rna130	2528	2493	243	21.5025
rna131	3012	2977	126	9.33678
rna132	4581	4546	15	0.727893
rna136	1963	1928	0	0
rna135	1986	1951	23.4601	2.65264
rna133	1999	1964	505.236	56.749
rna134	1907	1872	14.3041	1.68562
rna137	3630	3595	30	1.84089
rna138	2375	2340	9.21514	0.868744
rna140	107	72	0	0
rna141	22	23	0	0
rna142	119	84	0	0
rna143	21	22	0	0
rna144	1328	1293	0	0
rna145	1189	1154	3	0.573484
rna139	2657	2622	9.78486	0.823242
rna146	3248	3213	34	2.33439
rna147	5977	5942	21	0.779637
rna148	4414	4379	0	0
rna149	5848	5813	0	0
rna157	3268	3233	9.83309	0.67095
rna158	899	864	7	1.78727
rna150	6141	6106	9.60349	0.346959
rna151	4784	4749	86.5703	4.02135
rna152	5907	5872	0	0
rna153	4704	4669	0	0
rna154	4412	4377	0	0
rna155	4661	4626	0	0
rna156	4160	4125	41.8263	2.23682
rna159	1629	1594	63.1613	8.74115
rna163	82	47	0	0
rna164	1464	1429	10	1.54374
rna165	4796	4761	21.0021	0.973127
rna166	8094	8059	0	0
rna167	7887	7852	23.0859	0.648592
rna168	8169	8134	0	0
rna169	8148	8113	0	0
rna170	8251	8216	0	0
rna160	1804	1769	132.915	16.575
rna161	2772	2737	447.884	36.0991
rna162	1631	1596	56.0127	7.7421
rna171	1399	1364	3.08598	0.499097
rna172	2605	2570	0	0
rna173	2503	2468	437	39.0609
rna174	2094	2059	0	0
rna175	1367	1332	42	6.95586
rna187	1426	1391	20.2371	3.20943
rna185	1453	1418	0	0
rna186	1487	1452	43.8958	6.66902
rna183	1444	1409	0	0
rna184	1466	1431	0	0
rna182	1163	1128	46.2693	9.04876
rna181	1580	1545	0	0
rna180	2304	2269	19.6276	1.90827
rna179	2288	2253	0	0
rna178	1869	1834	0	0
rna177	2100	2065	2.97014	0.317294
rna176	2071	2036	0	0
rna188	2361	2326	58	5.50078
rna189	2256	2221	38.2931	3.80345
rna190	2140	2105	20.7069	2.17004
rna191	1955	1920	0	0
rna192	2067	2032	0	0
rna196	1155	1120	7.07299	1.39313
rna195	1005	970	218.931	49.7898
rna194	1152	1117	167.993	33.1774
rna193	1015	980	0.00120151	0.000270464
rna197	516	481	254.059	116.518
rna198	1143	1108	5	0.995488
rna199	1149	1114	182	36.0406
rna200	533	498	126	55.8145
rna201	1144	1109	71	14.1232
rna202	7618	7583	1088	31.6514
rna203	2103	2068	205	21.868
rna204	6766	6731	3804.34	124.683
rna206	1109	1074	0.784431	0.161122
rna205	2111	2076	6.21557	0.660479
rna207	3358	3323	3064.72	203.454
rna208	1894	1859	211.438	25.0905
rna209	7243	7208	71.04	2.17417
rna213	1431	1396	498.182	78.7242
rna212	2058	2023	8.06189	0.879116
rna210	2024	1989	0	0
rna211	1934	1899	0	0
rna214	4265	4230	1126.23	58.7343
rna215	4217	4182	1504.48	79.361
rna216	1391	1356	6.15474	1.00128
rna217	2870	2835	200.581	15.6078
rna218	942	907	0	0
rna219	1027	992	13	2.89093
rna220	5207	5172	411.999	17.5729
rna221	5212	5177	0.000683008	2.9104e-005
rna222	748	713	31	9.59131
rna223	4396	4361	5.10355	0.258162
rna224	4411	4376	871.896	43.9535
rna225	1975	1940	380.216	43.2349
rna226	1921	1886	468.271	54.7723
rna227	203	168	17.5128	22.996
rna228	1441	1406	454.485	71.3083
rna230	895	860	52.5145	13.4706
rna229	929	894	0	0
rna231	2383	2348	644.637	60.5652
rna232	6280	6245	317.014	11.1983
rna233	6283	6248	810.348	28.6112
rna234	597	562	1616	634.323
rna236	2208	2173	423.497	42.9928
rna235	2236	2201	55.5031	5.56292
rna237	1266	1231	2	0.358408
rna238	4947	4912	134.637	6.0466
rna245	1423	1388	15	2.38401
rna239	4476	4441	78.7875	3.91365
rna240	4697	4662	1.07522e-008	5.08783e-010
rna246	1039	1004	3	0.659164
rna247	1165	1130	0	0
rna241	5124	5089	20.0688	0.86995
rna242	5164	5129	0	0
rna243	4837	4802	20.273	0.931325
rna244	4832	4797	10.234	0.47063
rna249	349	314	1	0.702548
rna248	620	585	0	0
rna253	2641	2606	83.5768	7.07485
rna250	2963	2928	0.0171581	0.00129272
rna251	2966	2931	41.406	3.1164
rna252	3231	3196	0	0
rna254	955	920	5	1.19891
rna255	265	230	0	0
rna256	2577	2542	10	0.867821
rna257	715	680	4	1.29765
rna260	2686	2651	8.58909	0.714731
rna258	2685	2650	13.4109	1.1164
rna259	2786	2751	0	0
rna261	2734	2699	176	14.3852
rna262	1874	1839	0	0
rna263	2213	2178	5	0.506428
rna264	892	857	73.2658	18.8593
rna265	1056	1021	14.5478	3.14324
rna266	1074	1039	1.50463e-006	3.19462e-007
rna267	1093	1058	57.1863	11.9237
rna268	2835	2800	366.275	28.8573
rna269	82	47	0	0
rna270	3679	3644	0.0209951	0.001271
rna271	3665	3630	1.979	0.120267
rna272	3761	3726	0	0
rna273	684	649	0	0
rna276	1281	1246	40.7584	7.21614
rna277	1233	1198	12.3302	2.27049
rna278	1756	1721	491.897	63.052
rna279	1185	1150	535.952	102.81
rna274	1924	1889	528.501	61.7191
rna275	1876	1841	260.287	31.1892
rna280	2902	2867	256.948	19.7708
rna281	2690	2655	354.871	29.4857
rna282	4107	4072	433.667	23.4939
rna283	4148	4113	863.485	46.3129
rna284	865	830	77.0289	20.473
rna286	1476	1441	32.8748	5.03274
rna285	1463	1428	19.1252	2.95449
rna287	2970	2935	1122	84.3316
rna288	3322	3287	816	54.7641
rna289	859	824	786	210.427
rna290	3663	3628	216.846	13.1853
rna291	3228	3193	372.154	25.7116
rna292	940	905	2373	578.435
rna293	3024	2989	456.76	33.7107
rna295	2732	2697	615.24	50.3233
rna294	2706	2671	0	0
rna297	1661	1626	424.558	57.5999
rna296	1635	1600	242.232	33.3978
rna298	2098	2063	63.21	6.75916
rna299	882	847	193	50.2666
rna300	4532	4497	281.736	13.8206
rna301	4697	4662	25.7624	1.21904
rna302	3685	3650	20.5013	1.23907
rna303	3460	3425	858	55.2627
rna304	3386	3351	0	0
rna305	3108	3073	1530.07	109.838
rna306	1305	1270	245	42.5567
rna308	1800	1765	705.881	88.2251
rna307	1842	1807	215.119	26.2619
rna309	1404	1369	1242.06	200.145
rna310	1206	1171	92.9421	17.509
rna311	2640	2605	79.7449	6.75306
rna312	2346	2311	275.255	26.2749
rna313	2902	2867	2062	158.66
rna314	2508	2473	366	32.6485
rna315	1021	986	251	56.1568
rna317	3567	3532	734.503	45.8753
rna318	3639	3604	0.00171253	0.000104824
rna316	3910	3875	59.6876	3.39796
rna319	3594	3559	798.808	49.5131
rna320	2883	2848	349	27.0328
rna322	1451	1416	403.888	62.9221
rna321	1570	1535	0	0
rna323	1856	1821	39.1123	4.73816
rna324	592	557	1624	643.186
rna325	75	40	0	0
rna326	5379	5344	3824	157.855
rna327	738	703	125	39.2248
rna331	4622	4587	19.5506	0.940236
rna328	5994	5959	4.65721e-007	1.72408e-008
rna329	5982	5947	275.83	10.2317
rna330	5967	5932	165.354	6.14921
rna332	5854	5819	414.266	15.7049
rna333	1718	1683	786	103.025
rna337	2185	2150	341.452	35.0345
rna335	3030	2995	297.133	21.8856
rna336	3033	2998	0	0
rna334	3007	2972	27.9233	2.07264
rna339	721	686	20.3913	6.55732
rna338	2788	2753	30.9877	2.48307
rna340	1857	1822	61.8259	7.48561
rna341	1662	1627	0	0
rna342	2506	2471	138	12.32
rna343	5668	5633	819.315	32.0861
rna346	1544	1509	39.8451	5.82494
rna345	1493	1458	48.4897	7.33664
rna344	1447	1412	37.35	5.83528
rna347	1510	1475	133	19.8914
rna348	2693	2658	245	20.3337
rna350	2572	2537	98.4145	8.55744
rna349	2588	2553	355.586	30.7255
rna351	3988	3953	133.454	7.4475
rna352	3978	3943	200.908	11.2403
rna353	3498	3463	286.193	18.2311
rna354	1233	1198	310	57.0835
rna355	563	528	614.445	256.717
rna356	5717	5682	1149	44.6092
rna357	895	860	0	0
rna358	849	814	171	46.3423
rna359	1961	1926	411	47.0751
rna360	906	871	3293	834.025
rna361	3276	3241	48.3592	3.29159
rna362	3225	3190	20.3278	1.40574
rna363	3118	3083	0	0
rna364	3112	3077	885.313	63.4709
rna365	6886	6851	58.1677	1.87298
rna366	7113	7078	0	0
rna367	7084	7049	0.00132328	4.14124e-005
rna368	7094	7059	5.01279e-006	1.56654e-007
rna369	6977	6942	140.874	4.47664
rna370	7037	7002	0.000182633	5.7539e-006
rna371	7069	7034	2391.35	74.9974
rna372	7049	7014	8.50691e-005	2.67554e-006
rna373	6986	6951	5.1271e-007	1.62716e-008
rna374	7026	6991	655.799	20.6936
rna375	6887	6852	5271.59	169.719
rna376	6895	6860	4729.5	152.089
rna377	6883	6848	697.417	22.4664
rna378	3028	2993	27.2151	2.0059
rna379	3037	3002	0.78491	0.0576786
rna380	1063	1028	1.03646	0.222415
rna381	4102	4067	45.3595	2.46037
rna382	910	875	220	55.4652
rna383	8371	8336	502.521	13.2985
rna392	5234	5199	646.681	27.4395
rna384	8392	8357	0	0
rna385	8371	8336	0	0
rna386	8173	8138	23.414	0.634692
rna387	8152	8117	58.7144	1.59571
rna388	7990	7955	0	0
rna389	7948	7913	22.7833	0.635157
rna390	8311	8276	0	0
rna391	8243	8208	72.267	1.94226
rna393	5454	5419	6.31787	0.257192
rna394	8563	8528	6.06981	0.157012
rna395	8276	8241	7.40322	0.198174
rna396	6413	6378	139.563	4.82715
rna397	2833	2798	210.469	16.5938
rna398	2381	2346	216.531	20.3609
rna400	1993	1958	45.7311	5.15234
rna399	1702	1667	574.269	75.9951
rna401	2158	2123	60	6.23458
rna402	2377	2342	4	0.376772
rna404	497	462	0	0
rna403	644	609	0	0
rna406	3560	3525	241.714	15.1269
rna405	3210	3175	111.286	7.73217
rna407	2413	2378	0	0
rna408	2408	2373	20.5748	1.91269
rna409	5568	5533	3106.98	123.875
rna410	5527	5492	194.438	7.81011
rna415	164	129	0	0
rna416	4287	4252	3484.4	180.776
rna417	4374	4339	2465.67	125.357
rna418	4419	4384	0.623932	0.0313959
rna419	4464	4429	1089.31	54.2565
rna420	2010	1975	17	1.89884
rna411	6997	6962	24.5079	0.776565
rna412	5361	5326	997.017	41.2959
rna413	5774	5739	139.482	5.36151
rna414	5757	5722	0	0
rna421	865	830	639	169.835
rna422	747	712	6	1.85899
rna423	2452	2417	96.6003	8.81673
rna424	2437	2402	35.5526	3.26516
rna425	3412	3377	573.866	37.4874
rna426	742	707	8	2.49618
rna427	1252	1217	103.903	18.834
rna428	1661	1626	84.0974	11.4095
rna429	1426	1391	148	23.4715
rna430	1000	965	166.111	37.9732
rna457	5106	5071	568.001	24.7093
rna456	6214	6179	729.236	26.0349
rna455	5378	5343	1.1603	0.0479059
rna451	5993	5958	542.001	20.068
rna452	6002	5967	0.0313312	0.00115831
rna453	6032	5997	0.00307352	0.00011306
rna454	6044	6009	95.8028	3.51708
rna448	6024	5989	42.234	1.55565
rna449	6054	6019	379.271	13.9005
rna450	6075	6040	0.000114706	4.18944e-006
rna446	6053	6018	1.89465e-007	6.94515e-009
rna447	6095	6060	0.00063758	2.32096e-005
rna436	5856	5821	41.0104	1.55418
rna437	6045	6010	0.0026946	9.89066e-005
rna438	6075	6040	0.000270752	9.88872e-006
rna439	6117	6082	1.26915e-005	4.60334e-007
rna440	6084	6049	1.61699e-008	5.89699e-010
rna441	6114	6079	1.6545e-007	6.004e-009
rna442	6126	6091	0	0
rna443	6965	6930	0	0
rna444	6130	6095	0	0
rna445	6969	6934	0	0
rna434	6123	6088	40.074	1.45209
rna435	6124	6089	238.91	8.65555
rna433	6121	6086	0	0
rna431	5592	5557	0	0
rna432	6431	6396	0	0
rna458	764	729	13.9122	4.20992
rna459	502	467	9.09293	4.29529
rna460	2236	2201	2	0.200454
rna461	1030	995	1	0.221709
rna462	2925	2890	1	0.0763322
rna463	3161	3126	0	0
rna464	5433	5398	645.444	26.3774
rna465	5541	5506	1261.82	50.5552
rna466	1011	976	5.08838	1.1501
rna467	2681	2646	8	0.666969
rna468	1552	1517	0	0
rna469	3241	3206	0	0
rna470	3174	3139	45	3.16247
rna471	5981	5946	27	1.00172
rna472	5948	5913	0	0
rna473	1805	1770	1	0.124633
rna474	567	532	872	361.585
rna475	2213	2178	316.712	32.0783
rna476	1767	1732	1170.29	149.056
rna477	1712	1677	0	0
rna478	1322	1287	50.0524	8.57931
rna479	1397	1362	186.948	30.2795
rna480	1431	1396	126	19.9109
rna481	793	758	730	212.451
rna482	1970	1935	215	24.5111
rna483	1743	1708	58.211	7.51835
rna484	1441	1406	0	0
rna485	1779	1744	7.8647	0.994813
rna486	1630	1595	21.9243	3.03229
rna487	2284	2249	1388.72	136.217
rna495	10219	10184	2731.68	59.1721
rna494	12269	12234	530.005	9.5569
rna488	11674	11639	171.785	3.25593
rna489	12678	12643	83.6823	1.46012
rna490	13008	12973	314.945	5.3555
rna491	13011	12976	125.535	2.13417
rna492	13005	12970	629.664	10.7096
rna493	13014	12979	0	0
rna496	1945	1910	50.9921	5.88946
rna497	713	678	9.54471e-006	3.10555e-006
rna498	706	671	2.00787	0.660112
rna499	3281	3246	51	3.46599
rna500	1998	1963	11.7058	1.31548
rna501	1245	1210	243	44.3023
rna502	978	943	369	86.3218
rna503	736	701	108	33.9869
rna504	1874	1839	543	65.1364
rna505	1566	1531	16	2.30542
rna506	1856	1821	276	33.4353
rna507	4145	4110	0	0
rna508	4090	4055	33.6393	1.83004
rna509	4011	3976	861.361	47.7908
rna511	2804	2769	0	0
rna510	2836	2801	10.0598	0.79229
rna513	2565	2530	12.9273	1.12718
rna512	2816	2781	22.6881	1.79971
rna514	2817	2782	0	0
rna515	3023	2988	10.0854	0.744589
rna516	3112	3077	0	0
rna517	3113	3078	0	0
rna518	2091	2056	399.758	42.8923
rna519	2306	2271	213.482	20.7372
rna520	1173	1138	70	13.5694
rna521	999	964	78	17.8494
rna522	1599	1564	56.3845	7.95295
rna523	1217	1182	186.616	34.8286
rna524	2765	2730	151	12.2017
rna525	2059	2024	206.882	22.5485
rna526	2034	1999	236	26.0438
rna527	1966	1931	417.673	47.7155
rna529	508	473	1865	869.808
rna528	583	548	0	0
rna530	2720	2685	8.53637	0.70135
rna531	3582	3547	599.464	37.2827
rna532	901	866	321	81.7698
rna533	1599	1564	563	79.4104
rna534	1503	1468	0	0
rna535	2209	2174	403	40.8932
rna536	2440	2405	407.342	37.3637
rna537	2207	2172	372.751	37.8586
rna538	2111	2076	779.908	82.8746
rna539	1721	1686	828	108.337
rna540	3746	3711	0.181203	0.0107716
rna541	3759	3724	817.819	48.4455
rna542	1613	1578	289	40.4014
rna543	2443	2408	1104	101.139
rna544	1714	1679	164.68	21.6369
rna546	1751	1716	412.374	53.0126
rna545	1761	1726	30.9463	3.95525
rna547	1244	1209	219	39.9598
rna548	1269	1234	0	0
rna549	1287	1252	518	91.2706
rna550	822	787	566	158.653
rna551	1680	1645	0	0
rna554	2566	2531	74.5821	6.50052
rna555	2286	2251	35.385	3.46776
rna552	1523	1488	41.2995	6.12276
rna553	1508	1473	14.2857	2.13946
rna556	1242	1207	0	0
rna557	1296	1261	0	0
rna558	1193	1158	170.448	32.4705
rna559	855	820	212.014	57.0369
rna560	2646	2611	308.536	26.0678
rna561	2643	2608	265.359	22.4456
rna562	1093	1058	106.105	22.1237
rna563	934	899	114	27.9738
rna564	3099	3064	16.4892	1.18718
rna565	3091	3056	361.511	26.096
rna566	2301	2266	0	0
rna567	2162	2127	0	0
rna568	2452	2417	0	0
rna569	1600	1565	3.19506	0.45037
rna570	1597	1562	30.8049	4.35056
rna571	2143	2108	44	4.60456
rna572	1318	1283	0	0
rna573	709	674	3	0.981899
rna574	1235	1200	3.33042e-006	6.12242e-007
rna575	1216	1181	511	95.4502
rna576	2582	2547	907	78.5568
rna577	1392	1357	2	0.325129
rna578	1309	1274	5	0.865777
rna579	2780	2745	17	1.36619
rna580	2878	2843	0	0
rna581	1311	1276	3	0.518652
rna582	1305	1270	487	84.5923
rna583	918	883	112	27.981
rna586	3434	3399	0	0
rna587	3449	3414	0	0
rna585	3258	3223	81	5.54409
rna584	3308	3273	1.02961e-006	6.93958e-008
rna588	1285	1250	570.229	100.634
rna590	1714	1679	77.7709	10.2181
rna589	1573	1538	0	0
rna591	1944	1909	147	16.987
rna592	2081	2046	323.617	34.8924
rna593	1961	1926	0	0
rna594	1870	1835	192.028	23.0852
rna595	1861	1826	0	0
rna596	1716	1681	106.402	13.9633
rna597	1951	1916	0	0
rna598	1853	1818	309.349	37.537
rna599	2114	2079	125.605	13.3277
rna601	4372	4337	41.9915	2.13588
rna600	4659	4624	51.3521	2.44989
rna602	4691	4656	16.8865	0.800079
rna603	4535	4500	50.7698	2.48885
rna606	2215	2180	0	0
rna605	2144	2109	104.383	10.9184
rna604	2215	2180	91.3585	9.24481
rna607	648	613	514	184.973
rna608	1418	1383	312	49.7666
rna609	1453	1418	367.025	57.0985
rna611	3462	3427	541.412	34.8513
rna610	3717	3682	216.588	12.9765
rna612	2188	2153	428	43.8536
rna620	4637	4602	1953.24	93.6301
rna619	4916	4881	0	0
rna617	4838	4803	566.513	26.0197
rna618	4994	4959	0	0
rna616	4901	4866	6.93063e-006	3.142e-007
rna615	4970	4935	0	0
rna614	4898	4863	1.43577e-005	6.51309e-007
rna613	5070	5035	0	0
rna624	4710	4675	0	0
rna625	4791	4756	18.2799	0.847886
rna623	5834	5799	115.697	4.40125
rna622	4922	4887	24.9862	1.12788
rna621	4869	4834	0	0
rna626	257	222	17.0693	16.9617
rna627	768	733	0	0
rna628	503	468	4	1.88547
rna629	1984	1949	0	0
rna630	1067	1032	1	0.21376
rna631	4853	4818	6.64779	0.30438
rna632	5208	5173	0	0
rna633	4865	4830	0.35221	0.0160864
rna634	7835	7800	16.8309	0.476012
rna635	5487	5452	12.1691	0.49239
rna636	5740	5705	0	0
rna637	5261	5226	0	0
rna638	5267	5232	0	0
rna639	5263	5228	0	0
rna640	5150	5115	0	0
rna641	5143	5108	0	0
rna642	5158	5123	0	0
rna643	4404	4369	0	0
rna644	2232	2197	18	1.80737
rna645	1789	1754	388	48.7986
rna647	1392	1357	7.96207	1.29435
rna646	1284	1249	140.038	24.7337
rna648	1184	1149	242	46.4623
rna649	686	651	76	25.7536
rna650	479	444	17	8.4464
rna651	1967	1932	1785	203.815
rna656	3265	3230	353.24	24.1253
rna655	3283	3248	67.7603	4.60219
rna654	3324	3289	0	0
rna653	3291	3256	0	0
rna652	3344	3309	0	0
rna657	2057	2022	274	29.8934
rna658	1545	1510	235	34.3318
rna659	1119	1084	175	35.6135
rna660	1484	1449	1687.21	256.865
rna661	1487	1452	1783.79	271.009
rna662	3872	3837	3.77598	0.217092
rna663	4586	4551	53.129	2.57531
rna664	4507	4472	506.095	24.9653
rna665	2083	2048	0	0
rna666	2195	2160	32.0675	3.27504
rna667	2388	2353	0	0
rna668	2111	2076	167.932	17.8449
rna669	1564	1529	15	2.16416
rna672	4658	4623	0	0
rna670	4505	4470	1487.42	73.406
rna671	4511	4476	5986.58	295.049
rna673	4214	4179	568.995	30.036
rna674	1347	1312	484.455	81.4563
rna675	1404	1369	46.5499	7.50103
rna676	1142	1107	0	0
rna677	814	779	0	0
rna678	715	680	3	0.973236
rna679	1003	968	69	15.7246
rna681	3371	3336	22.8134	1.50859
rna682	4104	4069	20.2007	1.09518
rna683	4112	4077	1.98586	0.107452
rna680	3990	3955	0	0
rna684	3152	3117	41	2.9017
rna685	2788	2753	20	1.60262
rna689	1342	1307	7	1.18148
rna688	1705	1670	0	0
rna686	1813	1778	0	0
rna687	1879	1844	0	0
rna690	2446	2411	21	1.92144
rna692	1322	1287	109.618	18.7893
rna691	1005	970	116.382	26.4678
rna693	741	706	683	213.413
rna694	3259	3224	3843.67	263.001
rna695	3163	3128	33.3302	2.35059
rna696	3771	3736	446.067	26.339
rna697	3773	3738	288.61	17.0325
rna698	3683	3648	1.18255e-006	7.15106e-008
rna699	3698	3663	0.401352	0.024171
rna700	3695	3660	1.05624	0.0636633
rna701	3604	3569	188.294	11.6384
rna702	3572	3537	131.123	8.17804
rna709	1093	1058	5.04319	1.05154
rna713	926	891	0	0
rna712	1100	1065	0	0
rna710	994	959	8.34623	1.9199
rna711	1202	1167	5.61058	1.06058
rna703	3291	3256	26.2581	1.77903
rna704	3043	3008	1297.19	95.1331
rna705	3186	3151	44.07	3.08532
rna706	3220	3185	17.9944	1.24633
rna707	2581	2546	282.158	24.4478
rna708	3293	3258	21.7778	1.47458
rna714	741	706	49	15.3108
rna715	1551	1516	0	0
rna716	1384	1349	293	47.9139
rna717	1444	1409	0	0
rna718	2337	2302	639.173	61.2517
rna719	2332	2297	2030.83	195.037
rna721	2099	2064	314.454	33.6088
rna722	2191	2156	282.985	28.9548
rna720	2307	2272	86.5606	8.40461
rna723	2770	2735	54.6975	4.4118
rna724	2720	2685	36.0165	2.95912
rna726	2149	2114	19.7379	2.05969
rna725	2301	2266	43.5481	4.2395
rna727	650	615	0	0
rna728	2392	2357	2861	267.771
rna729	2428	2393	50130	4621.26
rna730	1018	983	209.936	47.1129
rna731	1065	1030	241.064	51.6298
rna732	560	525	5997	2519.88
rna733	7015	6980	4620.78	146.038
rna734	459	424	10.4674	5.44599
rna735	775	740	0	0
rna738	1090	1055	3	0.627299
rna737	1365	1330	0.259815	0.0430942
rna736	1362	1327	3.74018	0.621767
rna739	1826	1791	9	1.10854
rna740	1301	1266	206	35.8954
rna741	952	917	131	31.5143
rna742	1525	1490	80.2858	11.8866
rna743	836	801	301.714	83.0938
rna746	734	699	60.1397	18.9797
rna745	765	730	0	0
rna744	913	878	58.8603	14.7888
rna747	2265	2230	9.08891	0.89911
rna748	2037	2002	1244.38	137.118
rna749	2210	2175	103.534	10.501
rna750	699	664	0	0
rna751	601	566	1	0.389753
rna752	3593	3558	58.1528	3.60554
rna753	7449	7414	345.874	10.2913
rna754	7704	7669	180.447	5.19059
rna755	3547	3512	775	48.6803
rna756	1745	1710	377	48.6352
rna757	624	589	243	91.0116
rna758	1015	980	919	206.869
rna765	1817	1782	595.127	73.6729
rna764	2001	1966	1.75309	0.19671
rna763	2000	1965	3.1971	0.358922
rna761	2925	2890	0	0
rna762	3296	3261	42.9168	2.90323
rna760	3517	3482	5.09257e-008	3.22637e-009
rna759	3459	3424	21.0061	1.35337
rna766	812	777	5	1.41956
rna767	133	98	0	0
rna768	23	24	0	0
rna769	457	422	2	1.0455
rna770	848	813	5	1.3567
rna771	1475	1440	0	0
rna772	1399	1364	0	0
rna773	1521	1486	5	0.742261
rna774	1795	1760	0	0
rna775	629	594	4	1.48552
rna776	1989	1954	1	0.112897
rna777	1515	1480	2.1449	0.319706
rna778	1651	1616	10.6623	1.45551
rna779	1654	1619	1.19279	0.162526
rna780	1369	1334	58	9.59131
rna781	5153	5118	915.691	39.4688
rna786	5390	5355	1027.32	42.3205
rna782	6287	6252	22.7053	0.80115
rna783	6287	6252	87.5515	3.08923
rna784	6215	6180	56.8649	2.02984
rna785	5473	5438	82.8707	3.36177
rna787	941	906	12.9263	3.14739
rna788	874	839	543.074	142.792
rna789	637	602	9	3.29801
rna790	1769	1734	293	37.2756
rna791	1642	1607	12	1.64729
rna792	1597	1562	0	0
rna793	1205	1170	0	0
rna794	2396	2361	21.2574	1.98618
rna800	2328	2293	0	0
rna796	2236	2201	7.74265	0.776024
rna797	2523	2488	0	0
rna798	2677	2642	0	0
rna799	2684	2649	0	0
rna795	2012	1977	0	0
rna801	1639	1604	0	0
rna802	1498	1463	0	0
rna804	2817	2782	3.51995	0.279116
rna805	2856	2821	2.54834e-007	1.99278e-008
rna803	1302	1267	1.48005	0.257694
rna806	2135	2100	6	0.630286
rna807	2398	2363	3	0.280068
rna808	2373	2338	1	0.0943542
rna809	164	129	0	0
rna810	1567	1532	0	0
rna811	1434	1399	22	3.46905
rna812	1105	1070	182	37.5226
rna813	2697	2662	79.0676	6.55234
rna814	1464	1429	0	0
rna815	1617	1582	316	44.0642
rna816	1736	1701	0	0
rna817	1751	1716	179.973	23.1364
rna818	1757	1722	292.457	37.4657
rna819	1579	1544	34.5701	4.93922
rna820	1825	1790	63	7.76414
rna821	2373	2338	24269.4	2289.92
rna822	2822	2787	30202.2	2390.61
rna823	696	661	6	2.00242
rna824	742	707	0	0
rna825	9257	9222	95.6613	2.28832
rna826	9006	8971	0	0
rna827	8516	8481	45.3261	1.17898
rna828	8525	8490	0	0
rna829	8444	8409	95.9872	2.51811
rna830	8294	8259	213.58	5.70477
rna831	8509	8474	46.152	1.20146
rna832	9029	8994	29.0494	0.712509
rna833	6052	6017	413.541	15.1616
rna834	5947	5912	1156.3	43.1463
rna835	6641	6606	9.98672e-007	3.33496e-008
rna836	6550	6515	13	0.440184
rna837	5158	5123	0	0
rna838	6633	6598	0	0
rna839	1061	1026	13.3986	2.88083
rna840	4808	4773	660	30.5041
rna842	1900	1865	0	0
rna843	1910	1875	56.3327	6.62774
rna841	2194	2159	36.2303	3.7019
rna844	1125	1090	30.437	6.16
rna845	2868	2833	353.749	27.5457
rna849	1551	1516	132.45	19.2734
rna848	1978	1943	4.55035	0.516628
rna847	2119	2084	0	0
rna846	1646	1611	0	0
rna850	742	707	5	1.56011
rna851	591	556	246	97.6036
rna852	942	907	118	28.6999
rna854	1540	1505	0	0
rna853	1699	1664	202.925	26.9022
rna855	1523	1488	338.075	50.1205
rna856	1838	1803	429.795	52.5861
rna857	2666	2631	121.87	10.2184
rna858	2785	2750	130.222	10.4462
rna859	3538	3503	0.605581	0.0381362
rna860	3542	3507	606.302	38.1381
rna861	1705	1670	271.964	35.9253
rna862	5792	5757	114.036	4.36971
rna863	1117	1082	0	0
rna864	1668	1633	64.0719	8.6554
rna865	3472	3437	1068.93	68.608
rna866	10089	10054	505.029	11.0811
rna867	1586	1551	4	0.568923
rna869	922	887	3	0.746111
rna868	945	910	0	0
rna870	2076	2041	6	0.648506
rna871	1268	1233	12	2.14696
rna872	1226	1191	21	3.88967
rna873	2619	2584	49.6659	4.24006
rna874	2605	2570	0	0
rna876	1654	1619	59.0187	8.04171
rna875	1483	1448	3.853	0.586997
rna877	1026	991	16.7058	3.71877
rna878	2892	2857	0.436334	0.0336911
rna879	2878	2843	144.325	11.1988
rna880	551	516	0	0
rna881	4741	4706	17.5855	0.824345
rna882	4857	4822	0	0
rna885	4699	4664	0	0
rna883	4767	4732	18.4384	0.859578
rna884	4862	4827	0	0
rna886	4143	4108	11.976	0.643114
rna887	1930	1895	0	0
rna888	1712	1677	7	0.920811
rna889	469	434	0	0
rna890	1487	1452	16670.8	2532.77
rna891	672	637	12567.1	4352.11
rna892	1010	975	23	5.2039
rna893	1773	1738	12.0001	1.52314
rna894	774	739	30	8.95535
rna895	719	684	21.9899	7.09208
rna896	1544	1509	307	44.8802
rna897	4389	4354	143.797	7.28561
rna898	4469	4434	190.561	9.48076
rna899	4013	3978	7.53792	0.418016
rna900	4410	4375	206.661	10.4204
rna901	4490	4455	271.444	13.4412
rna902	1515	1480	49.9323	7.44261
rna903	994	959	58.3342	13.4187
rna904	1159	1124	15.7335	3.08792
rna905	3976	3941	145.363	8.13678
rna906	4229	4194	489.836	25.7648
rna907	3908	3873	0	0
rna918	664	629	13	4.5593
rna928	4257	4222	0	0
rna922	4386	4351	40.9185	2.07461
rna923	4721	4686	0	0
rna924	5657	5622	0	0
rna925	5785	5750	0	0
rna926	5708	5673	0	0
rna927	5836	5801	0	0
rna921	5496	5461	0	0
rna920	4067	4032	77.0815	4.21731
rna919	5615	5580	0	0
rna929	1014	979	1	0.225332
rna930	1280	1245	5	0.885944
rna908	5610	5575	600.462	23.76
rna909	5071	5036	34.0146	1.49
rna910	4682	4647	8.57013e-005	4.06837e-006
rna911	4709	4674	462.446	21.8262
rna912	4459	4424	231.882	11.5626
rna913	4273	4238	0	0
rna914	4342	4307	0	0
rna915	3986	3951	110.158	6.15054
rna931	2546	2511	0	0
rna932	2353	2318	0	0
rna933	2106	2071	0	0
rna934	2028	1993	0	0
rna916	3965	3930	0	0
rna935	1576	1541	2	0.286308
rna917	4071	4036	187.452	10.2458
rna936	970	935	15.387	3.63035
rna937	3866	3831	1769.18	101.874
rna938	3770	3735	133.824	7.90403
rna939	1081	1046	146	30.7912
rna940	9756	9721	1037	23.5328
rna941	1418	1383	2123	338.636
rna944	2319	2284	6.85607	0.662193
rna943	2014	1979	210.427	23.4564
rna942	2271	2236	49.9193	4.92495
rna945	1870	1835	24.7977	2.98113
rna946	738	703	5.41922	1.70054
rna947	711	676	6.58078	2.14751
rna948	1208	1173	0	0
rna949	1275	1240	3	0.53371
rna950	983	948	2491	579.657
rna951	945	910	560	135.754
rna952	2707	2672	21	1.73376
rna953	2926	2891	0	0
rna954	2951	2916	0	0
rna962	11643	11608	2489.76	47.3158
rna959	11607	11572	0.276901	0.00527864
rna960	11494	11459	0	0
rna961	11670	11635	2.16925	0.0411291
rna955	11696	11661	309.946	5.86348
rna956	11825	11790	1.00928e-005	1.88844e-007
rna957	11738	11703	334.847	6.31183
rna958	11867	11832	1.36953e-006	2.5534e-008
rna963	1453	1418	1011.69	157.39
rna964	1540	1505	29.0066	4.25173
rna965	1657	1622	0	0
rna966	1482	1447	90.9536	13.8662
rna967	1325	1290	2466.35	421.765
rna968	2389	2354	266	24.9276
rna969	2452	2417	787	71.8296
rna970	938	903	147.358	35.9992
rna972	1556	1521	7.92188	1.14896
rna971	1364	1329	100.72	16.7184
rna973	3138	3103	287	20.4036
rna978	2061	2026	14.8074	1.6123
rna977	2067	2032	28.306	3.07299
rna976	2092	2057	2.40969e-007	2.58423e-008
rna974	2248	2213	0	0
rna975	2495	2460	5.98723	0.536904
rna984	1940	1905	3.6033	0.417264
rna983	1940	1905	293.493	33.9866
rna982	1967	1932	2.17901e-007	2.48805e-008
rna979	2010	1975	108.971	12.1716
rna980	2124	2089	0	0
rna981	2371	2336	8.83267	0.834113
rna985	2415	2380	626	58.0234
rna986	3442	3407	29	1.87772
rna989	2768	2733	655.97	52.9481
rna988	2829	2794	0	0
rna987	2788	2753	138.03	11.0604
rna990	843	808	942	257.185
rna992	851	816	6.375	1.72344
rna991	723	688	386.625	123.967
rna993	1228	1193	139.082	25.718
rna994	636	601	26.2867	9.64867
rna995	1187	1152	1178.63	225.7
rna996	1370	1335	327	54.0346
rna997	819	784	347	97.638
rna998	1800	1765	117	14.6233
rna1000	2203	2168	3.29055	0.334822
rna999	2333	2298	329.709	31.651
rna1001	1018	983	84.5503	18.9744
rna1002	915	880	75.4497	18.9139
rna1003	2245	2210	359	35.835
rna1004	1456	1421	720	111.775
rna1006	1610	1575	162	22.6903
rna1005	2009	1974	0	0
rna1009	2275	2240	261.935	25.796
rna1008	2027	1992	92.0645	10.1955
rna1007	2304	2269	2.36901e-006	2.30324e-007
rna1010	755	720	389	119.185
rna1011	2104	2069	1544	164.624
rna1012	1653	1618	467	63.6713
rna1013	3967	3932	5382.41	301.974
rna1014	4407	4372	2542.59	128.293
rna1015	1604	1569	307	43.1639
rna1016	5052	5017	0	0
rna1017	5132	5097	0	0
rna1018	5060	5025	0	0
rna1019	5086	5051	0	0
rna1020	5061	5026	0	0
rna1021	5051	5016	0	0
rna1022	5039	5004	0	0
rna1023	5027	4992	0	0
rna1024	4761	4726	0	0
rna1025	4771	4736	0	0
rna1026	5037	5002	0	0
rna1027	4958	4923	0	0
rna1028	4167	4132	8.10345e-008	4.32629e-009
rna1029	3653	3618	1.64848e-008	1.00513e-009
rna1030	4967	4932	0	0
rna1031	4898	4863	0.689626	0.0312835
rna1032	4891	4856	3.77953	0.171698
rna1033	4176	4141	11.1702	0.595062
rna1034	3662	3627	32.3649	1.96848
rna1035	5000	4965	6.65299	0.295599
rna1036	4328	4293	128.523	6.6043
rna1047	1045	1010	6	1.3105
rna1037	8411	8376	10.2787	0.270713
rna1038	8502	8467	49.1299	1.28004
rna1039	4183	4148	0	0
rna1040	8003	7968	680.387	18.837
rna1041	3820	3785	0	0
rna1042	3798	3763	9.57773	0.56148
rna1043	3772	3737	0	0
rna1044	3777	3742	0	0
rna1045	3765	3730	0	0
rna1046	2973	2938	3.50586	0.263238
rna1048	2242	2207	106	10.5952
rna1050	1393	1358	0.00745139	0.00121044
rna1049	1385	1350	7.99255	1.30604
rna1054	1114	1079	5.47878	1.12013
rna1053	1026	991	12.7051	2.82821
rna1052	1202	1167	0	0
rna1051	948	913	76.8161	18.5604
rna1057	5415	5380	147.648	6.05412
rna1056	5224	5189	404.973	17.2166
rna1055	5858	5823	49.3791	1.87069
rna1058	3659	3624	8	0.486976
rna1059	2010	1975	52	5.8082
rna1060	1983	1948	0	0
rna1061	3207	3172	0	0
rna1062	2697	2662	214	17.7342
rna1063	3139	3104	0	0
rna1064	3187	3152	318.642	22.3009
rna1066	2139	2104	89	9.33147
rna1065	3044	3009	85.8346	6.29283
rna1067	3978	3943	6	0.335684
rna1068	1408	1373	1	0.16067
rna1071	2634	2599	0	0
rna1069	2861	2826	4	0.312244
rna1070	3270	3235	0	0
rna1072	3074	3039	6	0.435538
rna1073	2934	2899	0	0
rna1074	2781	2746	74.6943	6.00057
rna1076	2996	2961	114.186	8.50711
rna1075	2997	2962	1089.12	81.114
rna1079	3330	3295	0	0
rna1078	3088	3053	91	6.57537
rna1077	3266	3231	0	0
rna1080	3222	3187	8	0.55375
rna1085	3179	3144	135.923	9.53711
rna1081	4576	4541	231.612	11.2516
rna1082	4834	4799	0	0
rna1083	4723	4688	82.4647	3.88049
rna1084	4737	4702	0.00014341	6.72824e-006
rna1086	671	636	21.5237	7.46561
rna1087	2597	2562	359.626	30.9655
rna1098	4903	4868	86.5399	3.92167
rna1097	3699	3664	7.01324	0.422249
rna1096	3894	3859	0	0
rna1095	3506	3471	10.536	0.669621
rna1094	3697	3662	0	0
rna1093	3564	3529	58.1516	3.63509
rna1092	3771	3736	25.8547	1.52664
rna1090	3760	3725	0	0
rna1091	3958	3923	0	0
rna1089	3482	3447	145.052	9.28298
rna1088	3672	3637	0	0
rna1099	2060	2025	5	0.544692
rna1100	1659	1624	261.761	35.557
rna1101	1743	1708	65.2385	8.42601
rna1102	1885	1850	148.937	17.7597
rna1103	2044	2009	188.063	20.6504
rna1104	1606	1571	78.2594	10.9892
rna1105	1551	1516	26.5908	3.86935
rna1106	4170	4135	7173.01	382.676
rna1107	2717	2682	1514.14	124.541
rna1108	1082	1047	303	63.8413
rna1109	2821	2786	18	1.42527
rna1110	800	765	23	6.63242
rna1111	2609	2574	116.168	9.95596
rna1112	2610	2575	552.832	47.3611
rna1113	1117	1082	530.451	108.149
rna1114	2263	2228	565.549	55.9964
rna1116	1528	1493	74	10.934
rna1115	1436	1401	0	0
rna1117	2271	2236	102	10.0632
rna1119	819	784	15.0437	4.23295
rna1118	960	925	0.00788842	0.00188128
rna1120	852	817	5.94844	1.60615
rna1121	2947	2912	19.7711	1.49777
rna1122	3070	3035	11.2289	0.816174
rna1123	3168	3133	0	0
rna1125	1059	1024	145.912	31.4337
rna1124	1074	1039	0	0
rna1126	2226	2191	439	44.2006
rna1127	839	804	11.0882	3.04237
rna1128	3414	3379	232	15.1463
rna1135	2674	2639	252.297	21.0901
rna1129	2483	2448	708.826	63.8754
rna1130	2594	2559	2.07033e-007	1.78474e-008
rna1131	2606	2571	0	0
rna1132	2615	2580	461.877	39.4923
rna1133	2597	2562	0	0
rna1134	2708	2673	0	0
rna1138	1230	1195	94.5858	17.4608
rna1137	1221	1186	21.2676	3.95585
rna1136	1658	1623	133.147	18.0974
rna1139	12821	12786	1759	30.3485
rna1140	12848	12813	386.346	6.65167
rna1141	12833	12798	41.2304	0.710691
rna1142	12860	12825	9.09433	0.15643
rna1143	8973	8938	242.49	5.98493
rna1144	4114	4079	48.3653	2.61569
rna1145	106	71	0	0
rna1146	23	24	0	0
rna1147	1595	1560	0	0
rna1148	1445	1410	1	0.156454
rna1149	1950	1915	0	0
rna1150	798	763	0	0
rna1151	670	635	115	39.9512
rna1153	6225	6190	97.2076	3.4643
rna1152	6162	6127	29.8044	1.0731
rna1154	1382	1347	5	0.818857
rna1155	2012	1977	22	2.45483
rna1156	6184	6149	103.056	3.69721
rna1157	5647	5612	426.944	16.7826
rna1158	385	350	0	0
rna1159	861	826	35	9.34746
rna1160	876	841	0	0
rna1161	1077	1042	6.80789	1.44129
rna1162	3797	3762	7	0.410473
rna1163	1446	1411	2.19211	0.342721
rna1164	2761	2726	290.881	23.5394
rna1167	1463	1428	0	0
rna1166	1499	1464	21.7211	3.273
rna1165	1162	1127	109.398	21.4136
rna1168	3185	3150	32.206	2.25544
rna1169	3161	3126	0	0
rna1170	3034	2999	82.2102	6.0472
rna1171	3037	3002	217.584	15.989
rna1172	2365	2330	460	43.5519
rna1173	987	952	0	0
rna1174	1056	1021	0	0
rna1175	2384	2349	366.55	34.4236
rna1176	2378	2343	144.405	13.5961
rna1177	3155	3120	168	11.8785
rna1178	681	646	0	0
rna1179	830	795	10.1654	2.82075
rna1180	827	792	5.16256	1.43796
rna1181	633	598	106.672	39.3509
rna1182	630	595	3.00506e-006	1.11414e-006
rna1183	1097	1062	0	0
rna1184	1091	1056	23.6417	4.93879
rna1185	3613	3578	163.865	10.103
rna1187	2173	2138	62.1104	6.40859
rna1186	2220	2185	50.4566	5.09415
rna1188	1091	1056	108.585	22.6836
rna1189	1624	1589	95.0173	13.1912
rna1190	1683	1648	103.999	13.9213
rna1191	1677	1642	0	0
rna1192	1652	1617	0	0
rna1193	1735	1700	590	76.5612
rna1196	2783	2748	80.1895	6.43734
rna1195	2405	2370	175.569	16.342
rna1194	2417	2382	1198.57	111.001
rna1197	2254	2219	35	3.4795
rna1198	473	438	569	286.579
rna1199	7643	7608	104.602	3.03301
rna1200	7570	7535	0	0
rna1201	9301	9266	0.000590714	1.40634e-005
rna1202	9213	9178	82.4473	1.98168
rna1203	9091	9056	596.631	14.5337
rna1208	8744	8709	7	0.177311
rna1209	1091	1056	0	0
rna1210	2090	2055	2.00044	0.214743
rna1211	3016	2981	18.4476	1.36516
rna1214	2417	2382	0	0
rna1213	2450	2415	0	0
rna1212	2358	2323	242.552	23.0336
rna1204	7378	7343	0.154258	0.00463426
rna1205	7376	7341	0.212797	0.00639464
rna1215	1044	1009	19.3235	4.22475
rna1206	7484	7449	47.5199	1.40729
rna1207	7758	7723	0	0
rna1216	862	827	403	107.499
rna1219	6462	6427	588.092	20.1856
rna1218	6156	6121	1545.34	55.6939
rna1217	6288	6253	94.7424	3.34243
rna1220	10525	10490	8	0.168236
rna1221	3285	3250	2	0.135754
rna1222	2267	2232	3	0.296505
rna1223	8703	8668	19.005	0.483675
rna1224	3832	3797	34.0027	1.97551
rna1225	2301	2266	4	0.389409
rna1226	2473	2438	0	0
rna1227	2038	2003	1.78203	0.196263
rna1228	914	879	0.217972	0.0547037
rna1229	399	364	3	1.81813
rna1230	1915	1880	513.752	60.2839
rna1231	2041	2006	21.3784	2.35099
rna1232	2146	2111	43.1287	4.50696
rna1233	1806	1771	31.9417	3.97873
rna1235	1596	1561	94.6061	13.3697
rna1234	1563	1528	103.193	14.8981
rna1236	1384	1349	1079	176.447
rna1237	1902	1867	145.044	17.1381
rna1238	313	278	1754	1391.84
rna1239	1773	1738	353	44.8054
rna1245	978	943	88.6205	20.7314
rna1244	1163	1128	0	0
rna1243	1427	1392	111.497	17.6696
rna1242	1434	1399	0	0
rna1241	1620	1585	0	0
rna1240	1628	1593	0	0
rna1246	1519	1484	26.6622	3.9634
rna1247	1180	1145	13.2208	2.54717
rna1256	1979	1944	176.7	20.0514
rna1253	1899	1864	0	0
rna1254	2115	2080	137.862	14.6213
rna1255	2223	2188	365.438	36.8445
rna1250	1903	1868	2.37966e-006	2.81024e-007
rna1251	2113	2078	0	0
rna1252	2202	2167	55.7448	5.67481
rna1249	1920	1885	20.8036	2.43463
rna1248	1916	1881	244.452	28.6688
rna1257	1741	1706	372	48.1027
rna1258	1784	1749	4.89401e-005	6.17278e-006
rna1259	1799	1764	655	81.9121
rna1260	2047	2012	7101	778.569
rna1261	1713	1678	0	0
rna1262	1511	1476	139.702	20.8796
rna1263	1408	1373	557.298	89.5411
rna1265	2085	2050	389.497	41.9137
rna1264	2311	2276	324.194	31.4223
rna1267	1444	1409	108.309	16.9574
rna1266	1480	1445	0	0
rna1271	1739	1704	0	0
rna1268	2218	2183	388.401	39.2493
rna1269	2128	2093	48.5995	5.12233
rna1270	2104	2069	1.64993e-007	1.75918e-008
rna1282	4142	4107	362.426	19.467
rna1281	4161	4126	0	0
rna1280	4258	4223	0.129568	0.00676833
rna1277	4136	4101	26.5274	1.42696
rna1278	4178	4143	58.0234	3.08954
rna1279	4199	4164	0	0
rna1275	4278	4243	0	0
rna1276	4296	4261	0	0
rna1274	4219	4184	318.097	16.7716
rna1273	4318	4283	0	0
rna1272	4684	4649	12.7969	0.607225
rna1283	3322	3287	244	16.3755
rna1284	3011	2976	113	8.37628
rna1285	1958	1923	1.7347e-006	1.98999e-007
rna1286	2042	2007	354.248	38.9373
rna1287	2096	2061	186.752	19.9891
rna1288	1959	1924	140.682	16.1301
rna1289	2013	1978	72.7841	8.11738
rna1294	1438	1403	206.534	32.4743
rna1293	1601	1566	0	0
rna1291	1560	1525	0	0
rna1292	1653	1618	0	0
rna1290	1722	1687	0	0
rna1295	4919	4884	28.5287	1.28858
rna1296	4978	4943	543.471	24.2545
rna1297	3044	3009	0.00202647	0.000148567
rna1298	2894	2859	0.00270637	0.000208823
rna1299	3041	3006	88.5771	6.50037
rna1300	2891	2856	202.024	15.6045
rna1301	3191	3156	35.4697	2.47928
rna1302	3044	3009	3.80368e-005	2.78861e-006
rna1303	3262	3227	25.9244	1.77221
rna1320	1735	1700	0	0
rna1319	1865	1830	7.76372	0.935889
rna1318	1775	1740	0	0
rna1311	2023	1988	8.53932	0.947573
rna1312	3801	3766	0	0
rna1313	3878	3843	26.327	1.51125
rna1314	2030	1995	0	0
rna1315	3818	3783	0	0
rna1316	3895	3860	47.3701	2.70721
rna1317	3893	3858	0	0
rna1309	1896	1861	0	0
rna1310	1986	1951	0	0
rna1308	1997	1962	6.34614	0.713537
rna1305	1981	1946	0	0
rna1306	1991	1956	0	0
rna1307	2226	2191	0	0
rna1304	1232	1197	0	0
rna1325	1230	1195	0	0
rna1324	1321	1286	4.51809	0.775032
rna1322	1077	1042	0	0
rna1323	1167	1132	17.3309	3.37739
rna1321	311	276	1.80477	1.44251
rna1326	3122	3087	600.097	42.8836
rna1327	3131	3096	439.903	31.3445
rna1328	884	849	247	64.1793
rna1329	3007	2972	0.28082	0.0208442
rna1330	3155	3120	352.719	24.9391
rna1331	2478	2443	377	34.0427
rna1332	3386	3351	94	6.18812
rna1333	1408	1373	980.437	157.527
rna1337	2676	2641	0	0
rna1335	2578	2543	1093.73	94.8792
rna1336	2582	2547	318.962	27.6259
rna1334	2701	2666	3259.87	269.74
rna1338	73	38	0	0
rna1339	76	41	9	48.4244
rna1340	22	23	0	0
rna1344	2185	2150	126.471	12.9765
rna1343	1930	1895	326.516	38.0103
rna1342	2224	2189	353.205	35.5948
rna1341	1951	1916	91.2464	10.5057
rna1345	1838	1803	4.99059e-008	6.10607e-009
rna1346	1382	1347	1.37797e-005	2.25673e-006
rna1347	1877	1842	0	0
rna1348	1817	1782	112.332	13.9059
rna1349	1506	1471	253.23	37.9759
rna1350	4579	4544	318.6	15.4672
rna1351	3560	3525	70.2573	4.39682
rna1352	3769	3734	1.10422e-006	6.52359e-008
rna1353	3742	3707	296.143	17.6232
rna1354	5295	5260	2105.56	88.3055
rna1355	3169	3134	0	0
rna1356	3493	3458	139.791	8.91787
rna1357	3023	2988	103.209	7.61975
rna1358	3867	3832	6	0.345407
rna1359	6306	6271	2	0.0703556
rna1360	4603	4568	3	0.144877
rna1361	1036	1001	18	3.96683
rna1362	596	561	1	0.393226
rna1363	5602	5567	1	0.0396264
rna1364	454	419	0	0
rna1365	2084	2049	490.983	52.8604
rna1366	1387	1352	41.0167	6.69253
rna1367	892	857	0	0
rna1369	2527	2492	2.94388	0.260602
rna1370	2473	2438	0	0
rna1368	5920	5885	23.6028	0.884755
rna1372	3399	3364	0	0
rna1373	3374	3339	0	0
rna1374	2840	2805	10.0302	0.788827
rna1375	2786	2751	0	0
rna1376	2028	1993	0	0
rna1377	1859	1824	10.0519	1.2157
rna1371	5916	5881	631.336	23.6818
rna1382	821	786	1	0.280662
rna1378	1920	1885	0	0
rna1379	2008	1973	39.8522	4.45586
rna1380	1250	1215	9.18278	1.66726
rna1381	1171	1136	0	0
rna1383	2072	2037	28.1831	3.05214
rna1384	2524	2489	2.45906e-007	2.17947e-008
rna1385	2487	2452	11.8169	1.06313
rna1386	1247	1212	0	0
rna1387	1540	1505	0	0
rna1388	1985	1950	1496	169.24
rna1389	9574	9539	4711.88	108.968
rna1390	9637	9602	1.61162	0.037026
rna1391	10472	10437	781.368	16.5153
rna1392	2086	2051	2.31327	0.248809
rna1393	2149	2114	0	0
rna1395	5651	5616	4582.27	179.994
rna1394	5715	5680	0.00497586	0.000193253
rna1396	2290	2255	0	0
rna1397	6731	6696	12.2478	0.403504
rna1398	5496	5461	4	0.161582
rna1399	3195	3160	884.998	61.7819
rna1400	3069	3034	1701.71	123.73
rna1401	3168	3133	399.358	28.1195
rna1402	3042	3007	750.934	55.0902
rna1403	3253	3218	404.694	27.7426
rna1404	2370	2335	215.306	20.3411
rna1405	1663	1628	0	0
rna1406	1653	1618	73.7426	10.0542
rna1407	1280	1245	39.2574	6.95597
rna1408	1650	1615	3.18676	0.435294
rna1410	1872	1837	0	0
rna1409	1610	1575	46.8132	6.55683
rna1411	1565	1530	78	11.2463
rna1414	1926	1891	0	0
rna1412	2864	2829	1150.02	89.6767
rna1413	2772	2737	324.253	26.1345
rna1415	1912	1877	99.7232	11.7203
rna1416	1015	980	0	0
rna1417	3050	3015	0	0
rna1418	2541	2506	16	1.40846
rna1419	1273	1238	0	0
rna1420	8958	8923	1841.45	45.5255
rna1421	4193	4158	55	2.91799
rna1422	2331	2296	0	0
rna1423	2226	2191	46	4.63149
rna1424	2321	2286	0	0
rna1425	1426	1391	2	0.317182
rna1426	1167	1132	255.733	49.8363
rna1427	666	631	118.267	41.3467
rna1429	6897	6862	51.2976	1.64912
rna1428	6902	6867	21.7024	0.697181
rna1430	930	895	518	127.677
rna1431	675	640	34	11.7194
rna1432	1912	1877	276.756	32.5266
rna1433	1852	1817	10.2438	1.24369
rna1434	1892	1857	265	31.4804
rna1435	1479	1444	838	128.021
rna1440	2100	2065	0.567799	0.0606569
rna1441	2105	2070	0.032644	0.00347887
rna1439	2088	2053	553.9	59.518
rna1436	2162	2127	57.4989	5.96345
rna1437	2185	2150	0.000175083	1.79643e-005
rna1438	2190	2155	1.12677e-005	1.15343e-006
rna1442	1504	1469	346.257	51.9975
rna1443	1501	1466	11.0425	1.66164
rna1444	3012	2977	140.924	10.4426
rna1445	3245	3210	13.7768	0.946781
rna1446	1929	1894	6.00199	0.69907
rna1449	3216	3181	41.8548	2.9026
rna1447	3125	3090	0	0
rna1448	3140	3105	21.1452	1.5023
rna1450	1158	1123	2.93599	0.576741
rna1451	1776	1741	14.0858	1.78479
rna1452	1249	1214	298	54.1506
rna1453	1331	1296	223	37.9582
rna1454	2819	2784	26	2.0602
rna1455	1657	1622	172	23.3929
rna1456	1642	1607	0	0
rna1458	2342	2307	423.303	40.4771
rna1457	2124	2089	596.697	63.0117
rna1459	2559	2524	192.393	16.8153
rna1460	2513	2478	9.46136e-005	8.42283e-006
rna1461	2474	2439	105.607	9.55185
rna1462	2470	2435	246	22.2865
rna1463	2681	2646	530.616	44.2381
rna1464	2729	2694	0	0
rna1465	2750	2715	0	0
rna1466	1202	1167	474.384	89.6736
rna1468	2208	2173	0.488107	0.0495519
rna1467	2238	2203	119.512	11.9675
rna1469	1933	1898	0	0
rna1470	1915	1880	307	36.0235
rna1471	1795	1760	285	35.7222
rna1472	2877	2842	0	0
rna1473	2970	2935	5.43042	0.40816
rna1474	2489	2454	247.57	22.255
rna1475	3391	3356	620.662	40.798
rna1476	3494	3459	1121.34	71.5141
rna1477	917	882	35.28	8.824
rna1478	885	850	0	0
rna1479	792	757	49.72	14.4891
rna1480	1998	1963	37.995	4.26984
rna1481	1905	1870	0.0050242	0.000592694
rna1482	7266	7231	1879.92	57.3516
rna1483	7311	7276	58.0849	1.76107
rna1484	2354	2319	135.636	12.9026
rna1485	2354	2319	135.636	12.9026
rna1486	2587	2552	72.729	6.28684
rna1487	1473	1438	1076.68	165.171
rna1488	1117	1082	50.6366	10.3239
rna1489	1154	1119	60.4865	11.9243
rna1490	1652	1617	138.8	18.9359
rna1491	6490	6455	45.9303	1.56967
rna1492	6454	6419	1169.15	40.1797
rna1493	1708	1673	0	0
rna1494	1717	1682	279.332	36.6354
rna1495	1798	1763	49.4039	6.1818
rna1496	1788	1753	0	0
rna1499	2668	2633	646	54.1237
rna1497	1647	1612	996.946	136.431
rna1498	1644	1609	412.318	56.5304
rna1500	1739	1704	742	96.0594
rna1501	1625	1590	66.0299	9.16114
rna1504	1765	1730	222.903	28.4234
rna1503	2014	1979	0	0
rna1502	1987	1952	124.306	14.0481
rna1505	1407	1372	317.761	51.0919
rna1506	4697	4662	1906.15	90.1968
rna1507	4654	4619	420.189	20.0679
rna1508	4694	4659	122.864	5.81751
rna1509	4668	4633	0.156318	0.00744307
rna1510	4400	4365	0	0
rna1511	4664	4629	197.378	9.40628
rna1512	4512	4477	9.03795	0.445336
rna1513	4601	4566	582.941	28.164
rna1514	4575	4540	1726.29	83.8812
rna1515	4571	4536	238.2	11.5844
rna1516	4419	4384	64.3047	3.23577
rna1517	3276	3241	304	20.6919
rna1518	1487	1452	116	17.6237
rna1519	3878	3843	477.711	27.4221
rna1520	4024	3989	79.7315	4.40932
rna1521	4064	4029	61.5571	3.37044
rna1522	3018	2983	44.7086	3.30631
rna1523	2777	2742	0	0
rna1524	2690	2655	36.7396	3.05264
rna1525	2684	2649	531.552	44.2659
rna1526	1822	1787	279.52	34.5059
rna1527	1688	1653	73.6641	9.8308
rna1528	1882	1847	6.36113e-006	7.59754e-007
rna1531	1545	1510	449.835	65.7177
rna1529	1684	1649	113.981	15.2481
rna1530	1689	1654	0	0
rna1532	2980	2945	619.042	46.3704
rna1537	8252	8217	8263.38	221.845
rna1536	9680	9645	0	0
rna1533	9740	9705	0	0
rna1534	9836	9801	573.242	12.9025
rna1535	9851	9816	0	0
rna1538	8295	8260	115.745	3.09121
rna1539	8266	8231	57.0658	1.52943
rna1540	7996	7961	5.82255	0.161343
rna1541	8022	7987	58.8851	1.6264
rna1542	8121	8086	1398.78	38.1611
rna1543	1473	1438	500.653	76.8039
rna1544	1495	1460	8.16692e-006	1.23399e-006
rna1545	1964	1929	192.347	21.9968
rna1548	2426	2391	1708.85	157.663
rna1546	2553	2518	541.146	47.4094
rna1547	2562	2527	0	0
rna1549	2267	2232	0	0
rna1550	2369	2334	4.01962	0.379918
rna1552	963	928	0	0
rna1551	692	657	2.03529	0.683388
rna1553	1941	1906	0	0
rna1554	1877	1842	0	0
rna1555	3216	3181	118.669	8.22964
rna1556	2251	2216	101.15	10.0694
rna1557	4134	4099	0	0
rna1558	3701	3666	0	0
rna1559	3701	3666	0	0
rna1560	3704	3669	0	0
rna1561	3657	3622	13.1256	0.799421
rna1562	2298	2263	178.186	17.3698
rna1563	3012	2977	566.717	41.9946
rna1564	2898	2863	275.096	21.1967
rna1565	1264	1229	234	42.002
rna1566	533	498	102	45.1831
rna1567	4983	4948	835.031	37.2288
rna1568	5038	5003	90.9688	4.01114
rna1569	471	436	14	7.08349
rna1570	3423	3388	141.618	9.22103
rna1574	4258	4223	327.701	17.1184
rna1572	4250	4215	63.7861	3.33837
rna1573	4332	4297	384.231	19.7257
rna1571	4349	4314	1.33708e-006	6.83725e-008
rna1575	3961	3926	158.268	8.89301
rna1576	947	912	600	145.132
rna1577	467	432	8	4.08519
rna1579	1122	1087	298.432	60.565
rna1578	1166	1131	95.2742	18.5831
rna1580	1910	1875	736.293	86.6274
rna1592	4549	4514	983.917	48.0842
rna1593	4552	4517	0.47755	0.0233225
rna1591	4592	4557	303.112	14.6734
rna1590	4596	4561	0.120838	0.00584452
rna1589	4840	4805	126.667	5.81537
rna1586	4464	4429	64.5798	3.2166
rna1587	4914	4879	6.11937e-005	2.76683e-006
rna1588	4908	4873	567.209	25.6775
rna1585	4992	4957	168.092	7.48056
rna1584	4855	4820	96.205	4.40308
rna1582	4472	4437	0.00698283	0.000347174
rna1583	4922	4887	1.43111e-008	6.46005e-010
rna1581	5006	4971	0.0116481	0.000516911
rna1594	3102	3067	0	0
rna1595	3290	3255	0	0
rna1596	3476	3441	755	48.4025
rna1597	754	719	251	77.0106
rna1598	1344	1309	204	34.3792
rna1599	3270	3235	6692.71	456.387
rna1600	5145	5110	1104.35	47.6752
rna1603	4098	4063	21.6073	1.17317
rna1601	3997	3962	0	0
rna1602	4393	4358	0	0
rna1604	4430	4395	83.7575	4.20407
rna1611	4708	4673	24.9271	1.17674
rna1610	3250	3215	67.7744	4.6504
rna1609	3147	3112	0	0
rna1608	3101	3066	0	0
rna1606	3461	3426	39.1804	2.52283
rna1607	3475	3440	0	0
rna1605	3837	3802	6.90164	0.400448
rna1612	2918	2883	0	0
rna1613	2681	2646	30.2164	2.51918
rna1614	2740	2705	0	0
rna1615	1275	1240	10	1.77903
rna1616	976	941	3.21374	0.753402
rna1617	988	953	1.01775e-006	2.35588e-007
rna1618	1747	1712	3.15501	0.40654
rna1619	1453	1418	0	0
rna1620	1276	1241	3.91472	0.69588
rna1622	700	665	0	0
rna1621	800	765	2.71653	0.783354
rna1623	491	456	0	0
rna1624	1711	1676	4	0.526492
rna1625	2018	1983	902	100.344
rna1626	2453	2418	350.938	32.0169
rna1627	2462	2427	436.19	39.6471
rna1628	2060	2025	80.1631	8.73284
rna1629	2069	2034	395.709	42.9171
rna1630	2431	2396	0	0
rna1631	2428	2393	69.4153	6.39909
rna1632	2417	2382	1315.4	121.821
rna1633	2414	2379	173.184	16.059
rna1638	2833	2798	18.2377	1.4379
rna1637	2749	2714	104.983	8.53325
rna1636	2775	2740	210.059	16.9121
rna1635	3966	3931	146.74	8.23477
rna1634	3269	3234	0.000575863	3.92812e-005
rna1640	1421	1386	155.489	24.7482
rna1641	1353	1318	212.448	35.5584
rna1639	850	815	15.0424	4.07159
rna1642	1319	1284	78.104	13.4188
rna1643	1384	1349	0	0
rna1644	1718	1683	261.896	34.3281
rna1645	1737	1702	3.80629e-008	4.93341e-009
rna1646	2115	2080	80.0028	8.48492
rna1647	2089	2054	99.9972	10.7397
rna1651	3131	3096	2.3865e-007	1.70046e-008
rna1650	3325	3290	0	0
rna1649	3238	3203	45.4358	3.1293
rna1648	3768	3733	91.5642	5.41094
rna1652	1534	1499	29	4.26778
rna1653	1558	1523	2.06795e-007	2.99534e-008
rna1655	845	810	1	0.272346
rna1654	990	955	0	0
rna1656	656	621	0	0
rna1657	1539	1504	7	1.02673
rna1658	318	283	0	0
rna1659	269	234	0	0
rna1660	1515	1480	308	45.9087
rna1661	2424	2389	344.139	31.7778
rna1662	1137	1102	50.861	10.1814
rna1663	2897	2862	5	0.385395
rna1664	2401	2366	361.136	33.6714
rna1665	1560	1525	8.004	1.15782
rna1666	1253	1218	176.86	32.0323
rna1667	629	594	98	36.3953
rna1668	1313	1278	0	0
rna1670	1279	1244	46.0741	8.17037
rna1669	1252	1217	182.926	33.1582
rna1671	2641	2606	289	24.4641
rna1674	2970	2935	1.59497e-006	1.19881e-007
rna1675	2976	2941	61.5397	4.616
rna1673	3208	3173	13.6754	0.950767
rna1672	3003	2968	109.785	8.15989
rna1676	4501	4466	421.984	20.8441
rna1677	4120	4085	61.0158	3.295
rna1679	721	686	39.0393	12.554
rna1678	687	652	0.272346	0.0921467
rna1680	555	520	119.688	50.7755
rna1683	1547	1512	946.852	138.145
rna1682	1662	1627	14.1478	1.91826
rna1681	1578	1543	3.68798e-008	5.27265e-009
gene732	1001	966	87	19.8677
rna1684	1650	1615	62.0833	8.48024
rna1685	1770	1735	28.9167	3.67667
rna1686	1529	1494	40	5.90629
rna1687	2133	2098	990	104.096
rna1688	2914	2879	115	8.81174
rna1689	1674	1639	9.20787	1.23933
rna1690	1496	1461	128.792	19.4466
rna1691	1486	1451	37	5.62523
rna1692	3225	3190	716	49.514
rna1693	656	621	2053	729.295
rna1694	2161	2126	0	0
rna1695	2291	2256	12.8869	1.26013
rna1697	2094	2059	0	0
rna1696	1854	1819	0	0
rna1698	2167	2132	0	0
rna1699	2153	2118	71.1131	7.40678
rna1700	1956	1921	29.0841	3.3399
rna1701	1769	1734	0	0
rna1702	2108	2073	173.916	18.5074
rna1707	2031	1996	40.2681	4.45047
rna1705	2642	2607	23.9648	2.02787
rna1706	2649	2614	15.6831	1.32352
rna1704	2184	2149	192.084	19.7179
rna1703	2230	2195	0	0
rna1708	5070	5035	685	30.0121
rna1709	2551	2516	1109	97.2359
rna1710	780	745	370	109.56
rna1711	1096	1061	153.081	31.8281
rna1712	1167	1132	15.9437	3.10704
rna1713	1210	1175	0	0
rna1714	991	956	0	0
rna1715	995	960	75.9754	17.4585
rna1716	2531	2496	484.942	42.8598
rna1717	2528	2493	312.058	27.6133
rna1719	1510	1475	22.6661	3.38993
rna1720	1552	1517	0	0
rna1721	1618	1583	93.0589	12.9683
rna1718	1361	1326	163.275	27.1632
rna1722	3144	3109	117.254	8.31983
rna1723	2915	2880	896.746	68.6882
rna1725	930	895	35.3713	8.71833
rna1724	906	871	13.6287	3.45178
rna1726	1782	1747	0	0
rna1727	1785	1750	0	0
rna1728	1902	1867	0	0
rna1729	1884	1849	6.41648	0.765535
rna1730	1887	1852	0.945776	0.112656
rna1731	1905	1870	165.638	19.5399
rna1732	4289	4254	428.37	22.214
rna1734	3742	3707	16.9528	1.00884
rna1733	4010	3975	23.6776	1.31403
rna1735	527	492	29	13.0028
rna1736	641	606	76	27.666
rna1737	2335	2300	393.083	37.7018
rna1739	2431	2396	49.9166	4.59583
rna1738	2381	2346	1.8065e-005	1.69869e-006
rna1741	1208	1173	57.973	10.9027
rna1742	1220	1185	271.027	50.4545
rna1740	1248	1213	0	0
rna1745	3614	3579	19.4642	1.19972
rna1744	3080	3045	0	0
rna1743	3042	3007	0	0
rna1746	3441	3406	313.17	20.2834
rna1748	2256	2221	318.165	31.6016
rna1747	2141	2106	268.334	28.1075
rna1749	1487	1452	0	0
rna1750	1506	1471	336.072	50.3993
rna1751	1545	1510	29.0876	4.24948
rna1752	1283	1248	25.2257	4.45897
rna1753	1281	1246	377.235	66.7881
rna1754	1400	1365	76.2778	12.3274
rna1755	1590	1555	17.5521	2.49003
rna1756	1415	1380	0.000188663	3.01588e-005
rna1757	1402	1367	311.052	50.1961
rna1758	1861	1826	42	5.07404
rna1760	1530	1495	0	0
rna1759	1408	1373	115	18.4771
rna1761	3033	2998	521.594	38.3801
rna1762	2761	2726	0.00035707	2.88957e-005
rna1764	2335	2300	583.739	55.9882
rna1763	2473	2438	17.6667	1.59855
rna1765	2158	2123	45.1702	4.69362
rna1766	2064	2029	296.83	32.2724
rna1767	690	655	5.33075	1.79536
rna1768	783	748	19.8191	5.84504
rna1769	822	787	3.85018	1.07922
rna1770	2201	2166	45	4.5831
rna1771	3858	3823	29.8672	1.72344
rna1772	3730	3695	1156.13	69.0238
rna1774	93	58	0	0
rna1775	22	23	0	0
rna1773	3347	3312	0	0
rna1776	594	559	0	0
rna1777	5034	4999	43.2903	1.91035
rna1778	846	811	7.70973	2.09712
rna1779	555	520	6.498	2.75665
rna1781	1746	1711	1	0.12893
rna1782	2649	2614	0	0
rna1780	406	371	32.502	19.326
rna1784	2223	2188	208.552	21.0267
rna1783	2504	2469	228.448	20.4114
rna1785	2645	2610	12.7943	1.08139
rna1790	657	622	76.6743	27.1935
rna1791	679	644	110.924	37.9967
rna1792	655	620	2.6259e-008	9.34311e-009
rna1786	2779	2744	271.708	21.8436
rna1787	2686	2651	0	0
rna1788	2754	2719	735.071	59.6384
rna1789	2645	2610	25.5886	2.16278
rna1793	1228	1193	1103.24	204.002
rna1794	1290	1255	370	65.0375
rna1795	1426	1391	88	13.956
rna1796	4577	4542	744.999	36.1838
rna1798	4515	4480	274.148	13.4994
rna1797	4451	4416	273.852	13.6802
rna1802	2289	2254	328.843	32.184
rna1801	1838	1803	0.246861	0.0302039
rna1800	2198	2163	93.1198	9.4971
rna1799	2220	2185	31.9179	3.22246
rna1803	2049	2014	42.8727	4.69599
rna1804	2113	2078	0	0
rna1805	1284	1249	204.803	36.1726
rna1810	1269	1234	0.840531	0.15026
rna1809	1269	1234	0.840531	0.15026
rna1808	1408	1373	28.9515	4.65164
rna1807	1389	1354	10.9838	1.78953
rna1806	1580	1545	24.5807	3.50971
rna1811	5124	5089	3.00167	0.130118
rna1812	5074	5039	143.244	6.27101
rna1813	5023	4988	28.221	1.24811
rna1814	5036	5001	32.9466	1.45331
rna1815	4967	4932	1.2696e-006	5.67871e-008
rna1816	4979	4944	0	0
rna1817	4823	4788	6.34642e-006	2.92402e-007
rna1818	4808	4773	81.5933	3.77111
rna1819	4891	4856	332.794	15.1183
rna1820	4456	4421	0.00123443	6.15961e-005
rna1821	4300	4265	151.52	7.83714
rna1822	4806	4771	2041.68	94.4025
rna1823	903	868	10	2.54148
rna1824	2369	2334	12	1.13419
rna1825	803	768	0	0
rna1826	2262	2227	2964	293.605
rna1827	1353	1318	39.927	6.68277
rna1828	1134	1099	14.073	2.82485
rna1829	3214	3179	41	2.84511
rna1830	3707	3672	0	0
rna1831	4976	4941	140.383	6.26765
rna1839	568	533	7	2.89719
rna1840	782	747	0	0
rna1841	733	698	0	0
rna1832	4316	4281	0	0
rna1833	4136	4101	614.413	33.0504
rna1834	4287	4252	38.5718	2.00116
rna1835	4478	4443	14.7501	0.73236
rna1836	4129	4094	123.754	6.66834
rna1837	4097	4062	118.095	6.41351
rna1838	4219	4184	0	0
rna1845	4350	4315	0	0
rna1843	4363	4328	0	0
rna1844	4364	4329	0	0
rna1842	4266	4231	36.8794	1.92285
rna1846	3802	3767	16.5061	0.966619
rna1847	2685	2650	221.588	18.4462
rna1850	1305	1270	5	0.868504
rna1849	1375	1340	0	0
rna1848	1890	1855	0	0
rna1851	5796	5761	0	0
rna1852	5819	5784	0	0
rna1853	5779	5744	8.29214	0.318462
rna1854	5776	5741	0.125233	0.00481214
rna1855	5703	5668	233.798	9.09947
rna1860	1431	1396	6	0.948138
rna1856	5194	5159	0.000228654	9.77731e-006
rna1857	5179	5144	236.545	10.1442
rna1858	4728	4693	827.014	38.8748
rna1859	5140	5105	232.226	10.0351
rna1864	1553	1518	298.784	43.4202
rna1863	916	881	0.00019492	4.88074e-005
rna1862	1256	1221	36.63	6.618
rna1861	1156	1121	102.585	20.1877
rna1865	1815	1780	0	0
rna1867	1718	1683	0	0
rna1868	1628	1593	0	0
rna1869	1610	1575	64.3862	9.01816
rna1866	3161	3126	220.93	15.5909
rna1870	2132	2097	0	0
rna1871	1974	1939	0	0
rna1872	1873	1838	0	0
rna1873	1727	1692	32.5961	4.24982
rna1874	1631	1596	8.71308	1.20433
rna1875	1541	1506	6.84703	1.00296
rna1876	1826	1791	0	0
rna1879	2091	2056	0	0
rna1880	2073	2038	15.2479	1.65048
rna1881	2064	2029	58.2732	6.33567
rna1882	2001	1966	0	0
rna1883	1974	1939	52.2771	5.94757
rna1884	1995	1960	0	0
rna1885	1977	1942	4.9458	0.561814
rna1886	1968	1933	20.1082	2.29481
rna1887	1905	1870	0	0
rna1888	1887	1852	3.96528	0.472323
rna1889	1878	1843	16.9568	2.02966
rna1890	1915	1880	0	0
rna1877	3479	3444	0	0
rna1878	3384	3349	0	0
rna1891	1703	1668	12.7512	1.6864
rna1892	1769	1734	32.7564	4.16728
rna1893	1813	1778	161.492	20.0367
rna1894	1455	1420	15	2.33028
rna1895	1574	1539	438	62.7829
rna1896	776	741	428	127.418
rna1897	750	715	57	17.5863
rna1898	1134	1099	39	7.82839
rna1899	1581	1546	208	29.6797
rna1901	6431	6396	344.077	11.8673
rna1900	6565	6530	1096.92	37.0569
rna1902	627	592	22.8876	8.52871
rna1903	1343	1308	149	25.1295
rna1904	3757	3722	55.8396	3.30957
rna1905	3322	3287	31.989	2.14688
rna1906	3644	3609	9.04117e-006	5.52641e-007
rna1907	3486	3451	65.8528	4.20954
rna1908	3051	3016	172.413	12.6109
rna1909	3000	2965	0.000102724	7.64277e-006
rna1910	3420	3385	0	0
rna1911	3344	3309	23.3599	1.55733
rna1912	3178	3143	57.0969	4.0075
rna1913	3020	2985	9.44864	0.698281
rna1914	4352	4317	1223.66	62.5294
rna1915	1346	1311	265	44.5912
rna1916	2169	2134	25.3262	2.61807
rna1925	4038	4003	764.834	42.149
rna1927	3803	3768	1228.35	71.9148
rna1926	3945	3910	19.0966	1.07742
rna1917	1722	1687	93.6	12.2396
rna1918	1650	1615	0.813976	0.111185
rna1928	2365	2330	30	2.84034
rna1919	1613	1578	0	0
rna1920	2408	2373	16.8297	1.56453
rna1921	2267	2232	66.7255	6.59482
rna1924	1167	1132	2.42026	0.471652
rna1922	1523	1488	0	0
rna1923	1451	1416	0	0
rna1929	1432	1397	4	0.631639
rna1933	1101	1066	145.708	30.1531
rna1932	1210	1175	0	0
rna1931	1296	1261	120.816	21.1356
rna1930	1450	1415	37.476	5.84254
rna1934	1326	1291	69	11.7904
rna1936	895	860	111.945	28.7152
rna1935	728	693	20.8597	6.6402
rna1937	251	216	50.7203	51.8005
rna1939	2713	2678	308.486	25.4115
rna1938	2951	2916	13026.5	985.477
rna1943	2909	2874	508.391	39.0226
rna1940	3195	3160	29.3317	2.04765
rna1941	3205	3170	0	0
rna1942	3407	3372	63.2778	4.1397
rna1944	770	735	418.884	125.722
rna1945	2864	2829	119.591	9.32546
rna1946	1223	1188	24	4.45657
rna1947	2929	2894	7.00908	0.534279
rna1948	3304	3269	13.5104	0.911714
rna1949	2644	2609	0	0
rna1950	1944	1909	182.568	21.0972
rna1951	1804	1769	0.1141	0.0142287
rna1952	2196	2161	211.913	21.6326
rna1953	2293	2258	354.339	34.6179
rna1954	499	464	51	24.247
rna1955	4674	4639	0	0
rna1956	4418	4383	0.0057193	0.000287857
rna1957	4529	4494	406.562	19.9572
rna1958	4904	4869	344.9	15.6264
rna1959	4802	4767	217.162	10.0495
rna1960	4510	4475	0	0
rna1961	4372	4337	708.962	36.0611
rna1962	4581	4546	125.09	6.07012
rna1963	4655	4620	30.4567	1.45428
rna1964	4771	4736	49.8617	2.32253
rna1965	3455	3420	171	11.03
rna1966	1168	1133	416	80.997
rna1968	1646	1611	7.94257	1.08761
rna1967	1854	1819	394.057	47.7895
rna1969	3017	2982	2740	202.698
rna1970	4511	4476	609.235	30.0262
rna1971	4118	4083	24	1.29669
rna1972	3945	3910	1509.16	85.1459
rna1974	1316	1281	4	0.688837
rna1973	4400	4365	1006.95	50.8894
rna1975	9028	8993	8362.76	205.14
rna1976	1736	1701	14	1.81564
rna1977	2372	2337	18	1.6991
rna1978	2665	2630	0	0
rna1979	2498	2463	32.0819	2.87344
rna1980	2977	2942	6.14196	0.460543
rna1981	1014	979	31.7761	7.16018
rna1982	720	685	229	73.7481
rna1983	870	835	7	1.84934
rna1984	513	478	0	0
rna1985	419	384	0	0
rna1986	1992	1957	4	0.450894
rna1987	2368	2333	0	0
rna1988	1279	1244	0	0
rna1989	1190	1155	0	0
rna1990	386	351	0	0
rna1991	1154	1119	0	0
rna1994	716	681	11	3.56329
rna1993	844	809	0	0
rna1992	521	486	0	0
rna1995	2483	2448	3.16688	0.285382
rna1996	1710	1675	0.833118	0.109723
rna1997	895	860	3	0.769535
rna1998	520	485	2	0.909691
rna1999	1183	1148	182	34.9732
rna2000	2981	2946	564	42.233
rna2001	2083	2048	327.65	35.2928
rna2002	213	178	30.3502	37.6138
rna2003	3292	3257	209.934	14.2191
rna2004	3268	3233	471.123	32.1466
rna2005	3247	3212	237.068	16.2818
rna2006	3538	3503	147.875	9.31237
rna2007	8854	8819	65.5349	1.6393
rna2008	7612	7577	1.27436e-005	3.71023e-007
rna2009	7077	7042	82.7737	2.593
rna2010	8493	8458	807.409	21.0587
rna2012	2260	2225	1	0.0991461
rna2013	128	93	2	4.74409
rna2011	6575	6540	849.393	28.6508
rna2014	141	106	0	0
rna2015	3392	3357	36	2.36568
rna2016	1581	1546	0	0
rna2017	1693	1658	23	3.06019
rna2018	1762	1727	2	0.255472
rna2019	1843	1808	0	0
rna2020	3792	3757	56	3.28816
rna2021	1439	1404	45.2973	7.11722
rna2022	1347	1312	39.9665	6.71998
rna2024	1113	1078	3.43144	0.702203
rna2023	1156	1121	3.1387	0.617661
rna2025	1212	1177	48.4299	9.077
rna2026	1029	994	0	0
rna2027	216	181	0	0
rna2033	818	783	4.59169	1.29365
rna2031	992	957	0	0
rna2032	995	960	0	0
rna2030	775	740	17.4083	5.18956
rna2029	863	828	0	0
rna2028	889	854	0	0
rna2034	684	649	3	1.01972
rna2035	1552	1517	7.2096e-007	1.04841e-007
rna2036	1358	1323	23.3853	3.89931
rna2041	1362	1327	5.76102e-005	9.5771e-006
rna2040	961	926	3.73174	0.889008
rna2039	1215	1180	14.0996	2.63591
rna2038	1068	1033	0	0
rna2037	1508	1473	7.41	1.10974
rna2042	1517	1482	34.3733	5.11657
rna2043	826	791	8	2.2311
rna2044	907	872	10	2.52982
rna2045	814	779	1	0.283184
rna2046	1547	1512	0	0
rna2047	794	759	0	0
rna2048	2126	2091	0	0
rna2049	856	821	0	0
rna2050	13193	13158	2889.22	48.4391
rna2051	1149	1114	4	0.792101
rna2052	658	623	0	0
rna2053	778	743	0	0
rna2054	6466	6431	318.599	10.9288
rna2055	6325	6290	369.431	12.9565
rna2056	6286	6251	1444.81	50.988
rna2060	1402	1367	68.35	11.03
rna2059	1296	1261	0.000904447	0.000158225
rna2057	1278	1243	74.124	13.1551
rna2058	1282	1247	481.525	85.184
rna2061	681	646	100	34.1486
rna2062	1710	1675	88	11.5897
rna2063	1525	1490	0	0
rna2064	1522	1487	28.9115	4.28909
rna2065	1668	1633	797.984	107.799
rna2066	2252	2217	109.744	10.9199
rna2067	1898	1863	0	0
rna2068	1876	1841	97.3606	11.6663
rna2069	3957	3922	95.8238	5.38978
rna2070	4608	4573	1950.82	94.1067
rna2071	4086	4051	134.106	7.30285
rna2074	1414	1379	979.585	156.705
rna2072	4049	4014	0	0
rna2073	4046	4011	1452.11	79.8641
rna2075	3576	3541	1248.56	77.784
rna2077	2373	2338	70.8252	6.68266
rna2076	2340	2305	40.7954	3.90432
rna2078	2067	2032	132.032	14.3338
rna2079	1274	1239	497.396	88.5598
rna2080	1186	1151	411	78.772
rna2081	1085	1050	31.2167	6.55848
rna2082	1005	970	0.028787	0.00654682
rna2083	1006	971	310.755	70.5999
rna2087	2083	2048	27.8525	3.00012
rna2086	1946	1911	0	0
rna2085	1981	1946	43.1863	4.89563
rna2084	1908	1873	79.0807	9.31404
rna2088	1626	1591	6.8806	0.954029
rna2095	3076	3041	394.073	28.5868
rna2094	3291	3256	0.000173164	1.17322e-005
rna2093	3585	3550	53.1997	3.30587
rna2092	3282	3247	0.00455142	0.000309222
rna2091	3258	3223	469.339	32.1242
rna2090	3677	3642	17.3843	1.05298
rna2089	3312	3277	8.73078e-008	5.87736e-009
rna2096	1994	1959	0	0
rna2097	2247	2212	2.70154e-008	2.69421e-009
rna2098	2208	2173	35.9174	3.64628
rna2099	2087	2052	171.007	18.3841
rna2103	3376	3341	0	0
rna2102	3311	3276	421.907	28.4105
rna2100	3509	3474	2832.31	179.852
rna2101	3493	3458	803.787	51.2769
rna2104	88	53	8	33.2981
rna2105	22	23	0	0
rna2106	2444	2409	293.342	26.8623
rna2107	2075	2040	479.026	51.8006
rna2108	3772	3737	302.165	17.8372
rna2109	802	767	396.032	113.905
rna2110	1872	1837	42.1164	5.05764
rna2111	2145	2110	38.6447	4.04029
rna2112	1956	1921	0	0
rna2114	2322	2287	78	7.52375
rna2113	2403	2368	0	0
rna2115	463	428	59	30.4098
rna2116	5062	5027	0.000894386	3.92484e-005
rna2117	5050	5015	2588.3	113.854
rna2118	5050	5015	163.206	7.17911
rna2119	4701	4666	1033.86	48.8793
rna2120	5074	5039	2514.79	110.094
rna2121	4719	4684	7.16375e-005	3.37388e-006
rna2122	6178	6143	0	0
rna2123	6166	6131	1057.34	38.0442
rna2124	6166	6131	833.408	29.9869
rna2125	6165	6130	32.9749	1.18667
rna2126	4517	4482	3464.1	170.5
rna2127	3157	3122	0	0
rna2132	3267	3232	516.82	35.2756
rna2129	3639	3604	231.937	14.1968
rna2130	3662	3627	152.441	9.27169
rna2131	3554	3519	614.839	38.5432
rna2128	3759	3724	0	0
rna2133	3127	3092	1.46713	0.104673
rna2134	2788	2753	1.49294	0.11963
rna2135	2803	2768	0.00243798	0.000194298
rna2136	1641	1606	2	0.27472
rna2137	2662	2627	27	2.2673
rna2138	1349	1314	7	1.17519
rna2141	2117	2082	0	0
rna2139	2503	2468	0.0231287	0.00206734
rna2140	2507	2472	73.4397	6.55372
rna2142	1527	1492	24.272	3.58874
rna2143	1460	1425	6.26515	0.96989
rna2144	1283	1248	0	0
rna2145	3327	3292	518.449	34.7418
rna2146	3312	3277	0.671638	0.0452131
rna2147	2869	2834	799.638	62.2443
rna2148	2796	2761	1.97687e-006	1.57949e-007
rna2149	2584	2549	1303.01	112.768
rna2150	3331	3296	2.25677e-005	1.51045e-006
rna2151	3322	3287	0.000389983	2.61729e-005
rna2152	3280	3245	724.228	49.2341
rna2153	4456	4421	4.54546e-007	2.2681e-008
rna2154	4377	4342	804.692	40.8832
rna2156	507	472	0	0
rna2155	540	505	7.80347	3.4088
rna2161	4553	4518	823.079	40.1884
rna2158	4273	4238	19.2065	0.999751
rna2159	4085	4050	1.72452	0.093933
rna2160	4064	4029	391.836	21.4542
rna2157	911	876	6.65949	1.67704
rna2162	1540	1505	152	22.2799
rna2163	1752	1717	835	107.281
rna2164	2005	1970	423.255	47.3959
rna2168	1357	1322	320.624	53.502
rna2167	1395	1360	0	0
rna2165	1273	1238	69.7482	12.4285
rna2166	1411	1376	0	0
rna2169	1275	1240	61.3732	10.9185
rna2170	1452	1417	53	8.2511
rna2177	2897	2862	628.985	48.4815
rna2176	3447	3412	1217.97	78.7471
rna2175	3396	3361	14.8875	0.977143
rna2173	3282	3247	29.5474	2.00744
rna2174	3408	3373	0	0
rna2172	4359	4324	1167.61	59.5685
rna2178	3050	3015	0	0
rna2179	1509	1474	1.82278e-008	2.72799e-009
rna2182	2124	2089	175.54	18.5371
rna2181	2350	2315	61.4602	5.85664
rna2180	2226	2191	0	0
rna2171	1813	1778	0	0
rna2183	2216	2181	441	44.6055
rna2184	4313	4278	249	12.84
rna2185	1383	1348	2.86126	0.468245
rna2186	1494	1459	0	0
rna2187	1349	1314	69.1387	11.6073
rna2189	741	706	707.806	221.164
rna2188	767	732	22.1938	6.68847
rna2190	2285	2250	326.588	32.0202
rna2191	2216	2181	63.412	6.41389
rna2193	1652	1617	488.561	66.6522
rna2192	1563	1528	63.4391	9.15882
rna2194	1731	1696	420	54.6297
rna2195	712	677	91	29.6523
rna2197	2205	2170	991.573	100.802
rna2196	2060	2025	38.2834	4.17053
rna2198	416	381	9	5.21103
rna2199	541	506	169.144	73.7413
rna2211	5194	5159	0	0
rna2210	5248	5213	171.804	7.27029
rna2209	4909	4874	87.8915	3.97802
rna2208	4738	4703	2646.43	124.134
rna2200	5249	5214	658.312	27.8526
rna2201	5291	5256	0	0
rna2202	5117	5082	727.247	31.5684
rna2203	5285	5250	0	0
rna2204	5093	5058	0	0
rna2205	5135	5100	0	0
rna2206	5261	5226	0	0
rna2207	5303	5268	0	0
rna2212	6147	6112	628.589	22.6876
rna2213	6315	6280	0	0
rna2214	3274	3239	52.0006	3.54163
rna2216	1096	1061	378.219	78.6381
rna2215	1028	993	931.781	207
rna2217	4293	4258	3455.01	178.998
rna2218	2796	2761	3	0.239696
rna2221	5090	5055	1196.91	52.2331
rna2219	5137	5102	2.76957e-007	1.19751e-008
rna2220	5254	5219	0	0
rna2222	1397	1362	1	0.161968
rna2223	6388	6353	628.308	21.8172
rna2229	2550	2515	0	0
rna2228	2638	2603	367.232	31.1223
rna2227	3188	3153	30.0575	2.10298
rna2226	2577	2542	0	0
rna2224	2602	2567	184.199	15.8295
rna2225	2605	2570	0	0
rna2230	1889	1854	14.2045	1.69014
rna2231	1991	1956	227.007	25.6021
rna2232	1707	1672	968.2	127.742
rna2233	2248	2213	0.0893	0.00890175
rna2234	2235	2200	93.9107	9.41668
rna2235	2723	2688	535	43.9066
rna2236	14576	14541	77.1514	1.17046
rna2237	14546	14511	44.6127	0.678214
rna2238	14540	14505	143.914	2.18873
rna2239	14510	14475	83.2423	1.26862
rna2240	14578	14543	1304.73	19.7913
rna2241	14548	14513	760.499	11.5597
rna2242	14542	14507	2442.59	37.1431
rna2243	14512	14477	1424.17	21.7014
rna2244	14575	14540	389.366	5.90743
rna2245	14509	14474	422.723	6.44278
rna2252	4866	4831	83.3792	3.80738
rna2251	4952	4917	7.42768e-008	3.33241e-009
rna2250	4930	4895	0	0
rna2247	6327	6292	249.642	8.75255
rna2248	5004	4969	0	0
rna2249	5052	5017	2.55174e-006	1.12201e-007
rna2246	4918	4883	337.272	15.237
rna2253	1390	1355	453.706	73.8654
rna2254	1956	1921	428	49.1498
rna2255	1765	1730	0	0
rna2256	1779	1744	34.1961	4.32549
rna2257	1575	1540	905.972	129.778
rna2260	2525	2490	141.866	12.5685
rna2258	2559	2524	106.166	9.27899
rna2259	2512	2477	215.841	19.2226
rna2261	2780	2745	1035.13	83.1874
rna2262	1722	1687	112	14.6456
rna2263	2374	2339	0	0
rna2264	2524	2489	145.617	12.906
rna2265	2644	2609	304.383	25.7367
rna2266	5597	5562	450	17.8479
rna2267	2025	1990	141.671	15.7049
rna2268	1997	1962	43.3288	4.87173
rna2269	3420	3385	376.312	24.5242
rna2270	1358	1323	271.688	45.3019
rna2271	738	703	955	299.677
rna2272	2141	2106	653	68.4007
rna2273	2155	2120	2275	236.729
rna2280	855	820	988.057	265.811
rna2279	893	858	98.2083	25.2503
rna2278	1066	1031	39.3582	8.42136
rna2277	964	929	0	0
rna2275	1073	1038	315.377	67.0252
rna2276	1159	1124	0	0
rna2274	907	872	0	0
rna2281	1356	1321	101.615	16.9692
rna2284	1278	1243	414.776	73.6119
rna2283	1696	1661	170.223	22.6076
rna2282	1555	1520	220.386	31.985
rna2285	5589	5554	3	0.119157
rna2286	2343	2308	167	15.962
rna2287	3824	3789	907	52.8066
rna2288	1808	1773	379	47.1559
rna2289	631	596	87.6092	32.4272
rna2290	876	841	412.391	108.173
rna2306	4118	4083	260.897	14.096
rna2307	4106	4071	282.896	15.3296
rna2308	4166	4131	0	0
rna2309	4109	4074	186.261	10.0857
rna2310	4004	3969	471.598	26.2118
rna2300	3886	3851	55.5082	3.17973
rna2301	3937	3902	0.432658	0.0244604
rna2302	4178	4143	0.00124805	6.64544e-005
rna2303	4188	4153	46.3707	2.46313
rna2304	4467	4432	347.634	17.3033
rna2305	4500	4465	4.04231	0.199716
rna2299	2901	2866	1703.82	131.146
rna2298	3068	3033	165.812	12.0601
rna2296	3241	3206	110.799	7.62388
rna2297	3298	3263	0	0
rna2292	3461	3426	0	0
rna2293	3398	3363	128.679	8.44085
rna2294	3452	3417	51.2481	3.30856
rna2295	3464	3429	0	0
rna2291	3405	3370	0	0
rna2311	4716	4681	8.22021e-005	3.87391e-006
rna2312	4644	4609	120.094	5.74803
rna2313	4707	4672	0.00313262	0.000147914
rna2314	4665	4630	0.610859	0.0291049
rna2315	4656	4621	24.0196	1.14666
rna2316	4698	4663	0.000584858	2.76688e-005
rna2317	4647	4612	4.53041	0.216698
rna2318	4638	4603	180.249	8.6385
rna2319	4584	4549	97.4796	4.72719
rna2320	4533	4498	1.72314	0.0845099
rna2321	4524	4489	75.41	3.70583
rna2322	4338	4303	12.1698	0.623905
rna2323	4329	4294	626.306	32.1759
rna2324	4404	4369	319.404	16.1274
rna2325	4291	4256	1058.3	54.8544
rna2326	2298	2263	65.703	6.40481
rna2327	5662	5627	32.5344	1.27547
rna2328	5662	5627	51.9858	2.03805
rna2329	5668	5633	1.07525e-007	4.21092e-009
rna2330	5650	5615	912.566	35.8526
rna2331	5656	5621	1.94096e-006	7.61745e-008
rna2332	5620	5585	170.187	6.72218
rna2333	5686	5651	0	0
rna2334	5464	5429	3.18989e-008	1.29617e-009
rna2335	1077	1042	28.726	6.08154
rna2336	4674	4639	500.166	23.7846
rna2337	4885	4850	787.703	35.8283
rna2338	1404	1369	79	12.73
rna2339	18559	18524	0	0
rna2340	19779	19744	26.1397	0.292059
rna2341	2134	2099	0	0
rna2342	914	879	0	0
rna2347	1193	1158	190.906	36.3679
rna2346	1269	1234	0	0
rna2345	1263	1228	0	0
rna2344	1376	1341	8.49395	1.39729
rna2343	1248	1213	40.5996	7.38357
rna2349	4896	4861	599.788	27.2193
rna2348	4996	4961	2306.21	102.55
rna2350	997	962	503	115.345
rna2351	429	394	383	214.441
rna2355	4442	4407	237.869	11.9069
rna2354	4466	4431	131.131	6.52845
rna2353	4467	4432	4.4885e-007	2.23412e-008
rna2352	4487	4452	7.89041e-007	3.90976e-008
rna2356	1813	1778	103.072	12.7884
rna2357	1776	1741	30.7235	3.89294
rna2358	1606	1571	72.204	10.1389
rna2359	1201	1166	2599	491.715
rna2360	1749	1714	209	26.8993
rna2361	5239	5204	12.4836	0.529186
rna2362	5231	5196	76.8103	3.26104
rna2364	5126	5091	690.398	29.9159
rna2363	5166	5131	513.602	22.0816
rna2365	2977	2942	615	46.1146
rna2367	1919	1884	289.176	33.8601
rna2366	2774	2739	244.384	19.6828
rna2368	2176	2141	8.26723	0.851822
rna2369	1923	1888	15.1028	1.76466
rna2370	1878	1843	19.0698	2.28258
rna2371	1027	992	44.6211	9.92279
rna2372	842	807	12.3929	3.38771
rna2373	816	781	1603.99	453.059
rna2375	1824	1789	170.647	21.0424
rna2374	2797	2762	99.3525	7.93525
rna2376	879	844	47.1631	12.3272
rna2377	788	753	23.5998	6.91385
rna2378	707	672	7.46667	2.45111
rna2379	683	648	0	0
rna2380	617	582	98.7704	37.4377
rna2381	2399	2364	78.1323	7.29103
rna2382	2269	2234	0	0
rna2383	2217	2182	343.868	34.765
rna2384	1083	1048	135	28.417
rna2385	623	588	61	22.8854
rna2386	603	568	1	0.38838
rna2387	515	480	100	45.9583
rna2388	500	465	14	6.64172
rna2389	682	647	0	0
rna2390	434	399	5	2.76441
rna2391	545	510	34	14.7067
rna2392	710	675	110	35.9496
rna2393	3311	3276	64.4763	4.34172
rna2394	3039	3004	179.524	13.1834
rna2395	1535	1500	113.072	16.6291
rna2396	1565	1530	106.087	15.2959
rna2397	1540	1505	6.53362e-005	9.57685e-006
rna2398	1530	1495	180.841	26.6846
rna2400	3770	3735	0	0
rna2399	3634	3599	1172	71.8375
rna2401	3943	3908	2.7101e-008	1.52981e-009
rna2402	3899	3864	0.0173972	0.000993225
rna2403	3879	3844	7.9826	0.458107
rna2404	1124	1089	0	0
rna2405	2254	2219	10	0.994142
rna2406	2305	2270	0	0
rna2407	1787	1752	14	1.76279
rna2408	2940	2905	275	20.883
rna2409	3013	2978	0	0
rna2410	3574	3539	62	3.86471
rna2411	1693	1658	8.90093	1.18429
rna2415	3349	3314	48.1613	3.20591
rna2416	2659	2624	51.0795	4.29426
rna2414	2464	2429	0	0
rna2412	2706	2671	0	0
rna2413	2763	2728	5.09907	0.412337
rna2417	2131	2096	2496.94	262.798
rna2418	1091	1056	31.0596	6.48841
rna2419	2289	2254	406.396	39.7742
rna2421	2613	2578	1140.09	97.5579
rna2420	3854	3819	1452.51	83.9027
rna2422	3155	3120	16.8582	1.19196
rna2423	2855	2820	11.0494	0.864357
rna2424	3335	3300	49.3731	3.30052
rna2425	1583	1548	109.172	15.5578
rna2426	3178	3143	790.547	55.4867
rna2427	1924	1889	64.7307	7.55934
rna2428	2435	2400	57.07	5.24568
rna2429	2057	2022	30.406	3.31729
rna2430	2632	2597	9.71796	0.825484
rna2431	2226	2191	17.054	1.71708
rna2432	1658	1623	236.021	32.0803
rna2433	1273	1238	272	48.4679
rna2434	7486	7451	93.3706	2.7644
rna2435	7477	7442	105.156	3.11709
rna2436	7488	7453	0.149814	0.00443432
rna2437	7466	7431	208.923	6.20218
rna2438	7406	7371	456.592	13.6649
rna2439	3275	3240	302	20.5621
rna2440	1747	1712	3310	426.511
rna2441	1478	1443	179	27.3648
rna2442	2982	2947	815.126	61.0169
rna2443	3408	3373	3046.88	199.271
rna2444	3046	3011	2092.15	153.28
rna2446	6885	6850	723.185	23.2897
rna2445	7266	7231	506.351	15.4475
rna2447	6508	6473	3927.31	133.843
rna2448	4199	4164	410.251	21.7342
rna2449	17370	17335	66	0.839896
rna2450	3906	3871	61.4341	3.501
rna2451	3901	3866	7.11721e-006	4.06119e-007
rna2452	3876	3841	814.496	46.779
rna2453	2775	2740	252.069	20.2944
rna2454	542	507	55	23.931
rna2455	635	600	29.9629	11.0163
rna2456	488	453	13	6.33069
rna2457	913	878	32	8.04009
rna2458	851	816	25	6.75858
rna2459	699	664	43.0371	14.2982
rna2460	545	510	1	0.432549
rna2461	7431	7396	1613.37	48.1219
rna2462	7383	7348	2572.8	77.2399
rna2463	7120	7085	2701.25	84.1066
rna2467	2705	2670	83.9946	6.93978
rna2466	2716	2681	0	0
rna2464	2508	2473	3.77541e-007	3.36779e-008
rna2465	2541	2506	111.005	9.77166
rna2468	2165	2130	7.52599	0.779452
rna2475	2817	2782	8.86716	0.703126
rna2472	2450	2415	50.6823	4.62961
rna2473	1983	1948	182.961	20.7193
rna2474	2002	1967	39.9321	4.47841
rna2470	2577	2542	58.1735	5.04842
rna2471	2588	2553	0	0
rna2469	1972	1937	225.725	25.7073
rna2476	4159	4124	0	0
rna2477	4129	4094	475.946	25.6458
rna2478	4934	4899	236.81	10.6634
rna2479	2499	2464	45.102	4.03795
rna2481	3686	3651	0	0
rna2482	3668	3633	40.8255	2.47897
rna2480	3232	3197	162.725	11.2284
rna2483	3257	3222	0	0
rna2484	3107	3072	0	0
rna2485	3564	3529	0	0
rna2486	3328	3293	1.20399	0.0806561
rna2487	3321	3286	14.8618	0.997719
rna2488	3710	3675	0	0
rna2489	2803	2768	5.43336	0.43302
rna2490	875	840	223	58.5641
rna2491	3379	3344	36	2.37488
rna2494	7861	7826	864.723	24.3749
rna2493	7196	7161	5627.57	173.362
rna2492	6340	6305	165.018	5.77366
rna2495	1071	1036	0	0
rna2496	1341	1306	1355	228.877
rna2497	1960	1925	1564.04	179.234
rna2498	1948	1913	2460.07	283.687
rna2499	717	682	96.8895	31.3399
rna2500	2958	2923	14.615	1.103
rna2501	2758	2723	42.385	3.43376
rna2502	1386	1351	0	0
rna2504	9075	9040	6835.84	166.813
rna2503	10126	10091	248.696	5.43676
rna2505	956	921	3	0.718567
rna2506	8749	8714	176.307	4.46332
rna2514	988	953	0	0
rna2513	936	901	121	29.6255
rna2507	8607	8572	0.369406	0.00950666
rna2508	8604	8569	0.558521	0.0143785
rna2509	8690	8655	91.3107	2.32734
rna2510	8696	8661	995.254	25.3496
rna2511	8698	8663	915.843	23.3216
rna2512	8791	8756	0.00305496	7.69673e-005
rna2515	2764	2729	4.44796	0.359553
rna2516	4834	4799	242.84	11.1628
rna2517	4837	4802	116.089	5.33302
rna2518	797	762	0	0
rna2519	772	737	0.5	0.149661
rna2520	772	737	0.5	0.149661
rna2521	3732	3697	18.9914	1.13322
rna2522	3148	3113	17.9103	1.2692
rna2531	2897	2862	159.837	12.3201
rna2530	2854	2819	121.172	9.48232
rna2529	2883	2848	147.309	11.4102
rna2528	2767	2732	424.835	34.304
rna2523	2976	2941	43.9035	3.29314
rna2524	3058	3023	60.8692	4.44186
rna2525	3056	3021	0	0
rna2526	3078	3043	88.7925	6.43695
rna2527	3082	3047	18.8197	1.36253
rna2532	6455	6420	41.5042	1.42614
rna2533	4237	4202	0	0
rna2534	1512	1477	1	0.149357
rna2535	2457	2422	0.00130431	0.000118799
rna2536	2452	2417	593.182	54.1399
rna2537	2732	2697	8	0.654357
rna2538	5028	4993	65	2.87182
rna2539	1445	1410	18.8163	2.94388
rna2540	1851	1816	997.861	121.216
rna2542	2001	1966	1959.83	219.908
rna2541	2052	2017	12.9788	1.41949
rna2543	6488	6453	1210.23	41.3726
rna2550	4728	4693	0.000141601	6.65613e-006
rna2551	5706	5671	22.1581	0.861944
rna2547	6182	6147	25.7105	0.922682
rna2548	6204	6169	152.549	5.45505
rna2549	6243	6208	3.87762e-007	1.3779e-008
rna2546	5887	5852	0	0
rna2544	6305	6270	581.123	20.4459
rna2545	6366	6331	8.83111e-006	3.07715e-007
rna2552	72	37	0	0
rna2553	1287	1252	1	0.176198
rna2554	2601	2566	22.2165	1.90996
rna2555	2139	2104	15.7835	1.65487
rna2556	2363	2328	419	39.7042
rna2557	4685	4650	1212.96	57.5439
rna2558	4735	4700	391.654	18.3827
rna2559	4689	4654	4.44678e-008	2.10778e-009
rna2560	4739	4704	1.80645e-008	8.47157e-010
rna2561	571	536	2	0.823135
rna2562	1444	1409	36	5.63634
rna2563	69	34	0	0
rna2564	23	24	0	0
rna2565	2112	2077	0	0
rna2566	2037	2002	28	3.08532
rna2567	2388	2353	0	0
rna2568	3960	3925	147	8.26196
rna2569	4677	4642	24.3524	1.15729
rna2572	3665	3630	0	0
rna2573	4961	4926	0.681657	0.0305265
rna2570	3646	3611	0	0
rna2571	4942	4907	65.4179	2.94094
rna2574	3713	3678	2.5481	0.152831
rna2575	891	856	0	0
rna2576	1734	1699	109.308	14.1927
rna2580	1588	1553	0.0107507	0.00152711
rna2579	1696	1661	245.249	32.5719
rna2578	769	734	294.021	88.3665
rna2577	910	875	12.4114	3.12908
rna2581	860	825	7	1.87176
rna2582	4478	4443	490.65	24.3613
rna2583	3269	3234	72.6653	4.9567
rna2594	4325	4290	958.04	49.2643
rna2595	4328	4293	3.14185	0.161447
rna2584	4755	4720	0	0
rna2585	4818	4783	0	0
rna2586	4830	4795	0	0
rna2587	4758	4723	0	0
rna2588	4392	4357	241.847	12.245
rna2589	4821	4786	0	0
rna2590	4404	4369	5.39102e-006	2.72204e-007
rna2591	4458	4423	0	0
rna2592	4821	4786	0	0
rna2593	4833	4798	0	0
rna2596	7156	7121	1443.1	44.7054
rna2597	2843	2808	1	0.0785613
rna2598	3196	3161	0	0
rna2599	3192	3157	0	0
rna2600	96	61	0	0
rna2601	23	24	0	0
rna2602	3738	3703	19.5581	1.16514
rna2603	2602	2567	2.4419	0.209849
rna2604	5522	5487	0.224919	0.00904266
rna2605	5500	5465	25.8599	1.04386
rna2606	2851	2816	5	0.39169
rna2607	667	632	0	0
rna2611	913	878	961.66	241.62
rna2610	1172	1137	26.3398	5.11043
rna2609	995	960	0	0
rna2608	1025	990	0	0
rna2612	1946	1911	247.511	28.572
rna2613	1678	1643	50.4887	6.77895
rna2614	1318	1283	19.408	3.33702
rna2615	3099	3064	67.2613	4.84264
rna2616	3104	3069	471.58	33.8972
rna2617	3098	3063	198.751	14.3142
rna2618	2637	2602	39	3.30646
rna2619	3425	3390	0	0
rna2620	3356	3321	0	0
rna2621	3219	3184	0	0
rna2622	1554	1519	0	0
rna2623	2890	2855	3	0.231804
rna2624	3405	3370	0	0
rna2630	7264	7229	11.9155	0.363614
rna2629	7691	7656	14.813	0.426821
rna2628	7005	6970	0	0
rna2627	8163	8128	0	0
rna2626	9127	9092	0	0
rna2625	7045	7010	289.305	9.10422
rna2631	24932	24897	61.2039	0.542298
rna2632	52879	52844	13407.6	55.9709
rna2633	52930	52895	881.442	3.67608
rna2634	52753	52718	4603.43	19.2632
rna2635	34573	34538	16668.3	106.463
rna2636	2213	2178	63	6.38099
rna2637	3382	3347	1728.27	113.91
rna2638	3229	3194	235.733	16.2814
rna2639	1331	1296	91.6401	15.5986
rna2640	507	472	31.3599	14.6568
rna2642	4636	4601	942.53	45.1907
rna2641	5086	5051	106.47	4.65001
rna2643	3839	3804	119.619	6.93691
rna2644	3666	3631	67.2825	4.08772
rna2645	3552	3517	279.641	17.5402
rna2646	3565	3530	279.457	17.4641
rna2647	2092	2057	54.3888	5.83285
rna2648	1888	1853	2.21724e-005	2.63963e-006
rna2649	1903	1868	4.51204	0.532846
rna2650	1826	1791	145.099	17.8721
rna2651	3084	3049	125.089	9.05036
rna2652	3757	3722	8.81624e-008	5.22532e-009
rna2653	3754	3719	2.28485e-007	1.35531e-008
rna2654	3760	3725	325.156	19.2562
rna2655	3406	3371	222.756	14.5773
rna2656	3280	3245	0	0
rna2657	3799	3764	812	47.5896
rna2658	976	941	245	57.4357
rna2659	615	580	105.455	40.1091
rna2660	849	814	828.465	224.52
rna2661	871	836	0	0
rna2662	505	470	45.5455	21.3773
gene1115	805	770	0	0
rna2663	756	721	0	0
rna2664	1541	1506	184	26.9525
rna2665	1313	1278	860	148.448
rna2666	853	818	2.53539	0.683749
gene1120	1145	1110	0	0
rna2667	2798	2763	294	23.4732
rna2668	4702	4667	214	10.1154
rna2669	1418	1383	374.945	59.8069
rna2670	1656	1621	34.0546	4.63446
rna2677	5725	5690	154.472	5.98885
rna2678	5775	5740	589.406	22.6521
rna2679	5791	5756	228.927	8.77367
rna2672	5807	5772	0	0
rna2673	5495	5460	0	0
rna2674	5711	5676	416.345	16.1814
rna2675	5807	5772	703.85	26.9004
rna2676	5822	5787	8.86831e-008	3.3806e-009
rna2671	5727	5692	2.86391e-008	1.10994e-009
rna2681	5206	5171	0	0
rna2682	5135	5100	69.0567	2.98704
rna2683	5068	5033	1465.38	64.2287
rna2680	4388	4353	23.5626	1.1941
rna2684	1705	1670	259	34.2128
rna2685	7205	7170	1059.55	32.5992
rna2686	10408	10373	641.772	13.6484
rna2687	10311	10276	747.881	16.0551
rna2688	2324	2289	13	1.25286
rna2689	3564	3529	2.21717	0.138597
rna2690	4407	4372	0	0
rna2691	4410	4375	0	0
rna2692	4590	4555	2.24927	0.108933
rna2693	12210	12175	761.966	13.8061
rna2694	11209	11174	2274.59	44.9056
rna2695	417	382	0	0
rna2696	1881	1846	0	0
rna2697	3157	3122	0	0
rna2698	2794	2759	2.33947	0.187056
rna2699	1786	1751	30.6605	3.86277
rna2700	5166	5131	47.8032	2.05523
rna2706	6785	6750	744.484	24.3308
rna2702	6868	6833	2180.25	70.3884
rna2703	6871	6836	0	0
rna2704	6888	6853	203.053	6.53633
rna2705	6838	6803	2867.14	92.9723
rna2701	6636	6601	778.413	26.0139
rna2708	6016	5981	352.177	12.9895
rna2707	6014	5979	0.00777129	0.000286728
rna2711	7868	7833	0.671717	0.0189175
rna2712	7886	7851	0	0
rna2713	7880	7845	16.73	0.470444
rna2714	7327	7292	0	0
rna2715	7893	7858	0	0
rna2716	7828	7793	0	0
rna2710	8064	8029	5.25415	0.14436
rna2709	8162	8127	44.9799	1.22094
rna2717	7749	7714	2031.36	58.0917
rna2719	1540	1505	92.353	13.5369
rna2718	2555	2520	256.3	22.4364
rna2720	2488	2453	390.347	35.1042
rna2721	5642	5607	745.039	29.3126
rna2722	4258	4223	116.732	6.09781
rna2723	3414	3379	0	0
rna2725	3373	3338	0	0
rna2724	3425	3390	0	0
rna2726	3409	3374	0	0
rna2727	3419	3384	0	0
rna2728	4105	4070	558.634	30.2788
rna2730	3413	3378	295.634	19.3063
rna2729	3429	3394	0	0
rna2733	1550	1515	0	0
rna2732	1616	1581	0	0
rna2731	1457	1422	6	0.930802
rna2735	1070	1035	0	0
rna2734	1039	1004	115.562	25.3913
rna2736	1331	1296	4.43836	0.75548
rna2737	1800	1765	20.1714	2.52114
rna2738	1625	1590	68.8286	9.54943
rna2740	2166	2131	287	29.7101
rna2739	2229	2194	0	0
rna2741	831	796	112.739	31.2439
rna2744	2942	2907	313.823	23.8147
rna2743	3107	3072	15.7924	1.13405
rna2742	3454	3419	113.646	7.33264
rna2745	2209	2174	62.6461	6.35683
rna2746	2190	2155	19.2479	1.97035
rna2747	1411	1376	52.7575	8.45808
rna2748	1479	1444	15.3484	2.34477
rna2749	2680	2645	616	51.376
rna2750	2350	2315	200.645	19.1198
rna2751	2242	2207	233.355	23.3249
rna2773	9420	9385	2031.41	47.7495
rna2772	4890	4855	2870.26	130.418
rna2770	6531	6496	1169.71	39.7226
rna2771	6558	6523	3053.77	103.275
rna2768	6562	6527	1420.91	48.0241
rna2769	6601	6566	0.02376	0.000798272
rna2767	6575	6540	1203.81	40.6056
rna2766	6643	6608	2452.24	81.8652
rna2765	6608	6573	0	0
rna2764	6649	6614	8.19892e-006	2.73463e-007
rna2763	6629	6594	0	0
rna2762	6657	6622	0	0
rna2759	6673	6638	0	0
rna2760	6661	6626	0	0
rna2761	6700	6665	0	0
rna2758	6635	6600	34.3977	1.14972
rna2756	6666	6631	110.229	3.66708
rna2757	6705	6670	0	0
rna2755	6679	6644	109.833	3.64676
rna2754	5420	5385	340.302	13.9407
rna2753	4711	4676	0	0
rna2752	5385	5350	4.9192	0.202836
rna2774	2938	2903	6684.08	507.925
rna2775	6788	6753	360	11.7601
rna2776	3908	3873	1291.82	73.5801
rna2777	3896	3861	128.856	7.36224
rna2778	2568	2533	534.835	46.579
rna2780	2994	2959	210.694	15.7077
rna2779	3010	2975	607.306	45.0325
rna2781	2269	2234	9.85554	0.973202
rna2783	4258	4223	698.938	36.511
rna2782	3841	3806	509.431	29.5272
rna2786	3753	3718	52	3.08532
rna2787	3736	3701	4.49904e-007	2.68168e-008
rna2788	3816	3781	0	0
rna2784	1802	1767	6.11971	0.764011
rna2785	1539	1504	0	0
rna2789	1135	1100	1006.91	201.931
rna2790	2413	2378	0	0
rna2791	3507	3472	4	0.254148
rna2792	5500	5465	53	2.1394
rna2793	4746	4711	617.696	28.9246
rna2794	4837	4802	1055.35	48.4819
rna2797	5515	5480	136.404	5.49102
rna2798	5527	5492	10.3018	0.413798
rna2796	5414	5379	87.9838	3.60833
rna2795	5401	5366	327.264	13.4541
rna2799	2660	2625	639	53.7004
rna2800	3582	3547	399.977	24.8759
rna2802	3201	3166	476.786	33.2214
rna2801	3174	3139	95.8105	6.73329
rna2803	3225	3190	676.226	46.7635
rna2804	1752	1717	210	26.9808
rna2805	6023	5988	2715.58	100.043
rna2806	5550	5515	415.913	16.6365
rna2807	5679	5644	0	0
rna2808	5688	5653	7.71625e-007	3.01115e-008
rna2809	5804	5769	1034.17	39.5456
rna2810	4041	4006	0	0
rna2826	4229	4194	0	0
rna2816	3711	3676	75.944	4.55747
rna2817	3807	3772	0	0
rna2818	3870	3835	0	0
rna2819	3603	3568	75.4198	4.66301
rna2820	3699	3664	0	0
rna2821	3666	3631	256.835	15.6039
rna2822	3762	3727	0	0
rna2823	3777	3742	0	0
rna2824	3873	3838	0	0
rna2825	3840	3805	0	0
rna2815	3903	3868	0	0
rna2814	4553	4518	0	0
rna2813	4376	4341	8.10352	0.411803
rna2811	4211	4176	24.5062	1.29456
rna2812	4342	4307	192.663	9.86798
rna2827	3918	3883	0	0
rna2828	4455	4420	110.864	5.53316
rna2829	2589	2554	4.61371	0.398506
rna2831	1216	1181	0	0
rna2830	2378	2343	13	1.22399
rna2832	2567	2532	25	2.17812
rna2833	5040	5005	0	0
rna2834	4278	4243	2.01211	0.104613
rna2835	4915	4880	0	0
rna2843	3950	3915	0	0
rna2842	4183	4148	0	0
rna2841	4273	4238	0	0
rna2840	4100	4065	0	0
rna2839	4534	4499	0	0
rna2836	5373	5338	11.2382	0.464432
rna2837	5240	5205	15.6315	0.662501
rna2838	5187	5152	0.205088	0.00878154
rna2844	2357	2322	575.385	54.6641
rna2845	1904	1869	73.6148	8.68883
rna2846	331	296	0	0
rna2847	1570	1535	22	3.16169
rna2848	1922	1887	265.754	31.068
rna2849	1673	1638	6.24618	0.841214
rna2850	1285	1250	123.702	21.8309
rna2851	1479	1444	6.3636	0.972167
rna2852	1485	1450	29.2888	4.45594
rna2853	1330	1295	202.646	34.5202
rna2854	589	554	277	110.3
rna2856	1577	1542	326	46.6379
rna2855	1648	1613	0	0
rna2857	2851	2816	22.7119	1.77921
rna2860	2862	2827	0	0
rna2861	2829	2794	0	0
rna2859	3212	3177	776.381	53.9092
rna2858	3203	3168	0.0962569	0.00670274
rna2862	3068	3033	0	0
rna2863	2709	2674	155.631	12.8393
rna2864	2915	2880	73.5053	5.6303
rna2865	2726	2691	30.9956	2.54092
rna2866	2806	2771	361.679	28.7934
rna2867	14058	14023	1112.99	17.5087
rna2868	14060	14025	6531.95	102.741
rna2869	94	59	1	3.73898
rna2870	21	22	0	0
rna2871	6974	6939	249.735	7.9394
rna2874	2836	2801	142.709	11.2394
rna2872	3461	3426	59.9463	3.85994
rna2873	3476	3441	0.344377	0.0220778
rna2875	1008	973	0	0
rna2876	3946	3911	9.85589	0.555922
rna2877	2814	2779	67.1441	5.32997
rna2878	2128	2093	49	5.16455
rna2879	1937	1902	0	0
rna2880	1865	1830	1026	123.681
rna2882	495	460	66.1327	31.7149
rna2881	813	778	84.8673	24.0639
rna2886	1347	1312	406.787	68.3973
rna2885	1702	1667	57.1726	7.56585
rna2884	1262	1227	143.887	25.8691
rna2883	1617	1582	20.1538	2.81032
rna2887	642	607	185	67.234
rna2888	2448	2413	647	59.1497
rna2889	87	52	0	0
rna2890	23	24	0	0
rna2891	1700	1665	602.574	79.8365
rna2892	1277	1242	8.94003	1.5879
rna2893	1618	1583	0	0
rna2895	1498	1463	5.98184	0.901979
rna2894	4796	4761	23.0976	1.07022
rna2896	1194	1159	164	31.2152
rna2898	2054	2019	16.2823	1.77903
rna2897	1806	1771	247.718	30.8563
rna2899	1636	1601	534	73.5793
rna2900	640	605	245.419	89.4868
rna2901	730	695	8.5614	2.71748
rna2902	728	693	70.0192	22.289
rna2903	2006	1971	62.1225	6.95293
rna2904	1847	1812	152.877	18.6119
rna2905	3204	3169	126.716	8.82093
rna2906	3264	3229	88.0497	6.01541
rna2907	1870	1835	73.2345	8.80411
rna2908	1102	1067	374	77.3237
rna2910	2904	2869	281.498	21.6447
rna2909	3215	3180	204.502	14.1865
rna2911	1131	1096	140	28.1788
rna2912	1604	1569	285	40.0708
rna2913	12824	12789	4034.41	69.5904
rna2914	12839	12804	572.694	9.86694
rna2915	12842	12807	336.738	5.80029
rna2916	12863	12828	5077.76	87.321
rna2917	12851	12816	3748.44	64.5214
rna2918	12866	12831	534.29	9.1859
rna2919	10169	10134	1161.76	25.2895
rna2920	12928	12893	51.2418	0.87675
rna2921	4589	4554	1746.29	84.5919
rna2922	4953	4918	0	0
rna2923	4776	4741	653.336	30.3999
rna2925	2546	2511	0	0
rna2926	2543	2508	0	0
rna2924	4820	4785	0	0
rna2928	2446	2411	2.72383	0.249224
rna2927	4846	4811	4.7766e-008	2.19023e-009
rna2929	4890	4855	0	0
rna2930	4848	4813	0	0
rna2931	4887	4852	1.09798e-008	4.99205e-010
rna2932	4676	4641	0	0
rna2933	4717	4682	0	0
rna2934	4056	4021	352.986	19.3655
rna2935	4081	4046	546.186	29.7797
rna2936	3211	3176	52	3.61184
rna2937	4782	4747	363.168	16.877
rna2938	671	636	7	2.42799
rna2940	2870	2835	235.599	18.3327
rna2941	2757	2722	0	0
rna2939	3277	3242	195.222	13.2838
rna2942	2736	2701	67.1791	5.48675
rna2943	1672	1637	248	33.4202
rna2944	1533	1498	1018	149.914
rna2946	817	782	45.3189	12.7844
rna2945	1266	1231	62.1753	11.1421
rna2948	4025	3990	656.573	36.3008
rna2947	4632	4597	302.932	14.5371
rna2949	272	237	0	0
rna2950	103	68	0	0
rna2951	23	24	0	0
rna2952	3478	3443	133	8.52158
rna2953	1762	1727	1131.05	144.476
rna2954	1118	1083	501	102.05
rna2955	3002	2967	1348.62	100.271
rna2956	2017	1982	57.9271	6.44739
rna2957	1901	1866	414.583	49.0124
rna2958	1967	1932	0	0
rna2959	2011	1976	71.8732	8.0239
rna2960	1775	1740	298	37.7809
rna2964	3506	3471	136.62	8.68289
rna2963	3989	3954	800.711	44.6729
rna2961	3829	3794	297.37	17.2904
rna2962	3724	3689	128.427	7.67989
rna2965	1497	1462	837.652	126.393
rna2966	2307	2272	711.823	69.1145
rna2967	2423	2388	61.8203	5.71087
rna2968	2410	2375	3.71001	0.344601
rna2969	3197	3162	475	33.1388
rna2970	2158	2123	0	0
rna2971	1833	1798	0	0
rna2972	2093	2058	6.1475e-008	6.5896e-009
rna2973	2118	2083	0	0
rna2974	2112	2077	0	0
rna2975	2094	2059	18.7908	2.01324
rna2976	2151	2116	0	0
rna2977	1844	1809	20.2092	2.46442
rna2978	705	670	114	37.5349
rna2979	1353	1318	526.679	88.1528
rna2980	1546	1511	915.623	133.677
rna2981	1556	1521	0.378832	0.0549444
rna2982	4983	4948	1274.25	56.811
rna2983	4883	4848	220.744	10.0446
rna2984	460	425	1597	828.937
rna2985	561	526	150	62.9088
rna2986	3845	3810	178	10.3062
rna2987	1586	1551	234	33.282
rna2988	613	578	529	201.899
rna2989	1562	1527	318	45.9403
rna2990	993	958	186	42.8305
rna2991	997	962	95	21.7848
rna2992	4017	3982	473	26.2039
rna2993	1985	1950	307.704	34.81
rna2994	1999	1964	55.2964	6.21099
rna2996	1127	1092	131	26.4639
rna2995	1049	1014	0	0
rna2997	3318	3283	313	21.0319
rna2998	2047	2012	167	18.3102
rna2999	828	793	339.769	94.5185
rna3000	1118	1083	26.2306	5.343
rna3006	5246	5211	196.111	8.30207
rna3007	7374	7339	0.446464	0.0134201
rna3008	6864	6829	270.467	8.737
rna3005	7172	7137	347.293	10.7346
rna3004	5047	5012	629.702	27.716
rna3003	5776	5741	0	0
rna3002	4807	4772	14.8924	0.688448
rna3001	4417	4382	18.5518	0.933942
rna3009	758	723	2.03221	0.620064
rna3010	991	956	9	2.07678
rna3011	744	709	200	62.2285
rna3012	2608	2573	509	43.6399
rna3013	1245	1210	126.714	23.1017
rna3014	1351	1316	0	0
rna3015	1509	1474	243.825	36.4911
rna3016	1338	1303	77.461	13.1143
rna3017	2664	2629	369	30.9629
rna3018	897	862	27.7847	7.11055
rna3019	1063	1028	139.782	29.996
rna3020	1044	1009	88.4333	19.3344
rna3021	5929	5894	1023.13	38.2935
rna3022	765	730	1584	478.672
rna3023	1151	1116	140	27.6738
rna3024	3722	3687	7.72892	0.462435
rna3025	4076	4041	122.412	6.68251
rna3026	3582	3547	199.859	12.4299
rna3027	393	358	78	48.0637
rna3028	14087	14052	381.86	5.99476
rna3029	14074	14039	0	0
rna3030	13966	13931	19.129	0.302912
rna3031	14029	13994	142.316	2.24346
rna3032	13870	13835	0	0
rna3033	13912	13877	0	0
rna3034	14049	14014	370.097	5.82584
rna3035	13806	13771	85.8121	1.37464
rna3036	12677	12642	2699.99	47.1142
rna3037	13921	13886	0	0
rna3038	14624	14589	130.796	1.97776
rna3039	1453	1418	389.778	60.6383
rna3040	7309	7274	0	0
rna3041	7419	7384	31	0.926138
rna3042	1287	1252	286.222	50.4317
rna3043	798	763	37	10.6975
rna3044	743	708	267	83.1924
rna3045	1611	1576	0.00029808	4.17236e-005
rna3046	1612	1577	260	36.3703
rna3047	1262	1227	545	97.9845
rna3048	6172	6137	861.609	30.9713
rna3049	4614	4579	23.6031	1.13711
rna3050	4420	4385	368.016	18.5141
rna3051	4578	4543	28.7532	1.3962
rna3054	3729	3694	1304.94	77.929
rna3052	3924	3889	648.593	36.7909
rna3053	4017	3982	103.736	5.74691
rna3055	2681	2646	10.1182	0.843567
rna3056	1541	1506	77	11.279
rna3057	3761	3726	9.77575	0.578779
rna3058	3320	3285	10.2243	0.686597
rna3059	1545	1510	248	36.231
rna3060	1598	1563	0	0
rna3062	8366	8331	10.5389	0.279065
rna3061	8215	8180	48.8391	1.31711
rna3063	8236	8201	53.564	1.44083
rna3064	8362	8327	416.873	11.0439
rna3065	8311	8276	1419.18	37.8289
rna3066	1411	1376	8	1.28256
rna3067	817	782	402	113.403
rna3070	832	797	247.046	68.3793
rna3071	1056	1021	31.0129	6.70074
rna3069	870	835	0	0
rna3068	974	939	11.9415	2.80542
rna3072	728	693	50.7066	16.1413
rna3073	738	703	70.2934	22.0579
rna3074	1038	1003	19	4.17886
rna3075	4337	4302	19.198	0.984445
rna3076	3487	3452	74.4884	4.76018
rna3077	4401	4366	0	0
rna3078	4396	4361	1.98079e-006	1.00198e-007
rna3082	4552	4517	37.1063	1.81219
rna3081	4320	4285	0	0
rna3079	4729	4694	21.0989	0.991566
rna3080	4750	4715	0.108332	0.00506854
rna3084	2823	2788	0	0
rna3083	3219	3184	0	0
rna3085	2059	2024	284	30.9538
rna3086	872	837	429	113.067
rna3087	1544	1509	264.965	38.7352
rna3088	1537	1502	0.0345222	0.00507031
rna3089	2673	2638	38.268	3.20012
rna3090	3479	3444	89.732	5.74764
rna3091	2086	2051	17	1.82847
rna3092	1064	1029	19.236	4.12387
rna3093	1098	1063	24.473	5.07878
rna3098	7991	7956	35.6768	0.989229
rna3096	6778	6743	367.198	12.0131
rna3097	6625	6590	577.687	19.3381
rna3095	6824	6789	0.00718668	0.000233522
rna3094	6825	6790	95.2519	3.09464
rna3099	7368	7333	202.081	6.07926
rna3101	4187	4152	3.38791	0.180003
rna3100	4233	4198	7.4443e-008	3.91189e-009
rna3102	4279	4244	0	0
rna3103	4155	4120	0	0
rna3104	4708	4673	0	0
rna3105	4456	4421	0	0
rna3106	4320	4285	0	0
rna3107	4333	4298	0	0
rna3108	4350	4315	0	0
rna3109	4172	4137	0	0
rna3110	4049	4014	21.0709	1.15801
rna3111	3668	3633	5.93978	0.360671
rna3112	3156	3121	0	0
rna3113	2548	2513	0	0
rna3114	4356	4321	0	0
rna3115	4073	4038	0	0
rna3116	1756	1721	351.842	45.0996
rna3117	1043	1008	3	0.656548
rna3118	2708	2673	128.158	10.5768
rna3120	1182	1147	393.976	75.7725
rna3119	1429	1394	158.024	25.0073
rna3121	462	427	60	30.9977
rna3122	975	940	291.076	68.3099
rna3123	797	762	153.924	44.5613
rna3124	2607	2572	0	0
rna3125	2165	2130	3.59075e-006	3.71887e-007
rna3126	2401	2366	117	10.9088
rna3128	1257	1222	490.27	88.5053
rna3127	1435	1400	15.7303	2.47865
rna3129	966	931	224	53.0767
rna3131	1496	1461	12.2662	1.85211
rna3130	2241	2206	39.7338	3.97338
rna3132	4335	4300	83	4.25809
rna3133	1959	1924	22	2.52245
rna3134	4312	4277	72	3.71363
rna3136	2064	2029	983.153	106.892
rna3135	1960	1925	33.1415	3.79794
rna3137	1834	1799	0	0
rna3138	1878	1843	0	0
rna3139	1983	1948	84.705	9.59237
rna3140	423	388	265	150.668
rna3141	1074	1039	101	21.4443
rna3142	1391	1356	540	87.8496
rna3143	1246	1211	122	22.224
rna3144	1477	1442	361	55.2265
rna3145	760	725	42	12.7796
rna3146	1427	1392	44.8075	7.10095
rna3147	1408	1373	0	0
rna3148	1408	1373	407.096	65.4081
rna3149	1389	1354	0	0
rna3150	1157	1122	124.097	24.3991
rna3153	2370	2335	360.642	34.0718
rna3152	2635	2600	7.38944	0.626966
rna3151	2715	2680	218.969	18.0241
rna3154	6145	6110	432	15.5973
rna3155	858	823	439	117.671
rna3156	655	620	78	27.7529
rna3157	3789	3754	36.8166	2.16349
rna3158	3810	3775	32.5431	1.90172
rna3159	3694	3659	493.8	29.7711
rna3160	3395	3360	642.84	42.2055
rna3161	963	928	319	75.8313
rna3162	6119	6084	620	22.4806
rna3163	1570	1535	447	64.2399
rna3166	13386	13351	319.072	5.27207
rna3164	15139	15104	139.392	2.03588
rna3165	15295	15260	0.402877	0.00582402
rna3167	2803	2768	123	9.80268
rna3168	2952	2917	0	0
rna3169	3963	3928	336.324	18.8883
rna3170	3892	3857	10360.1	592.544
rna3182	5567	5532	102.29	4.07905
rna3179	4965	4930	0	0
rna3180	6170	6135	0	0
rna3181	6675	6640	468.196	15.5548
rna3174	5766	5731	0	0
rna3175	5972	5937	103.593	3.84917
rna3176	6174	6139	39.0196	1.40214
rna3177	6065	6030	0.000890949	3.25942e-005
rna3178	6267	6232	0.458087	0.0162153
rna3171	4673	4638	307.083	14.606
rna3172	4542	4507	992.359	48.5721
rna3173	4682	4647	0	0
rna3183	2127	2092	4.00493	0.422318
rna3184	865	830	0	0
rna3185	2469	2434	134.981	12.2337
rna3186	788	753	4.01949	1.17756
rna3187	997	962	0	0
rna3188	910	875	3	0.756343
rna3189	1602	1567	0	0
rna3190	1257	1222	1	0.180524
rna3191	2328	2293	10	0.962059
rna3192	1811	1776	382.742	47.541
rna3193	2522	2487	161.258	14.3038
rna3194	2243	2208	321	32.0709
rna3195	1286	1251	29.0471	5.12213
rna3196	6992	6957	6703.95	212.576
rna3197	6417	6382	1885.52	65.1748
rna3198	2404	2369	29.0201	2.70233
rna3202	2441	2406	35.8524	3.28722
rna3201	3746	3711	191.041	11.3564
rna3200	3695	3660	0	0
rna3199	3581	3546	15.1061	0.939768
rna3203	4272	4237	629	32.749
rna3204	197	162	2	2.72346
rna3205	1126	1091	2	0.4044
rna3208	4031	3996	58.5044	3.22975
rna3207	2976	2941	332.496	24.94
rna3206	3003	2968	0	0
rna3212	6691	6656	102.373	3.39294
rna3211	9276	9241	1368.98	32.68
rna3210	6334	6299	0.000459143	1.60798e-005
rna3209	6335	6300	159.074	5.57013
rna3213	3067	3032	7.8028	0.567711
rna3214	4131	4096	28.1872	1.51809
rna3215	3831	3796	0.0099743	0.000579645
rna3216	3955	3920	2	0.112551
rna3217	1994	1959	194.464	21.8983
rna3218	2164	2129	214.163	22.1908
rna3219	2022	1987	3372.37	374.407
rna3220	1420	1385	40	6.37112
rna3221	3148	3113	0	0
rna3222	2896	2861	340	26.216
rna3225	8948	8913	1816.84	44.9674
rna3223	9846	9811	209.954	4.7208
rna3224	10349	10314	415.009	8.87639
rna3226	14666	14631	67.095	1.01163
rna3227	5825	5790	59.8712	2.2811
rna3228	1467	1432	305	46.9853
rna3229	3826	3791	327	19.0283
rna3230	2020	1985	1519.49	168.866
rna3231	1800	1765	2969.53	371.149
rna3232	461	426	16.9408	8.77265
rna3233	3772	3737	39.5184	2.33282
rna3236	2882	2847	731.035	56.6443
rna3235	3701	3666	680.069	40.9229
rna3234	3697	3662	1.42184	0.085652
rna3237	1711	1676	1860	244.819
rna3238	4975	4940	229.558	10.2511
rna3239	4927	4892	3.24689	0.146415
rna3240	4954	4919	0.00873151	0.000391578
rna3241	4906	4871	285.242	12.9182
rna3242	4957	4922	411.897	18.4609
rna3243	4909	4874	5.78431	0.261801
rna3244	4936	4901	0.0152133	0.000684769
rna3245	4888	4853	516.247	23.4668
rna3248	861	826	29.5	7.87857
rna3247	553	518	256.5	109.235
rna3246	559	524	0.000317895	0.000133831
rna3249	9897	9862	1.13654	0.025423
rna3250	9826	9791	33.2909	0.750074
rna3251	9815	9780	125.57	2.83238
rna3252	9672	9637	0.614286	0.0140616
rna3253	9585	9550	88.6393	2.04752
rna3254	9804	9769	431.998	9.75523
rna3255	10141	10106	25.5463	0.55764
rna3256	10131	10096	82.2434	1.79704
rna3257	362	327	124.631	84.078
rna3258	376	341	108	69.8675
rna3259	2428	2393	710	65.4518
rna3260	1354	1319	52.3571	8.75662
rna3261	1362	1327	135.367	22.5034
rna3262	1184	1149	0	0
rna3263	1190	1155	0	0
rna3264	1094	1059	389.553	81.1477
rna3265	1085	1050	365.763	76.8451
rna3266	1096	1061	41.9592	8.72404
rna3267	1186	1151	51.3808	9.84761
rna3268	1379	1344	1.46242e-006	2.40037e-007
rna3269	1319	1284	2.14416e-006	3.68381e-007
rna3270	1347	1312	196.224	32.9932
rna3271	1405	1370	340.395	54.811
rna3272	890	855	308	79.4676
rna3273	2829	2794	166.48	13.1445
rna3274	3281	3246	563.521	38.2972
rna3275	2505	2470	297.998	26.6148
rna3276	1209	1174	178	33.447
rna3277	1704	1669	686.034	90.6766
rna3278	1704	1669	178.966	23.6548
rna3279	2057	2022	362	39.4942
rna3280	4550	4515	166	8.11066
rna3283	2485	2450	57.4878	5.17625
rna3282	2870	2835	0	0
rna3281	2155	2120	374.769	38.9972
rna3284	2765	2730	33.7433	2.72665
rna3285	8126	8091	42.3817	1.15553
rna3286	8057	8022	739.742	20.3424
rna3287	8090	8055	227.305	6.22514
rna3288	73	38	0	0
rna3291	2721	2686	11.0612	0.908449
rna3290	2772	2737	0	0
rna3289	2906	2871	80.527	6.18748
rna3292	3894	3859	0	0
rna3293	4241	4206	1.15327e-008	6.04877e-010
rna3294	4297	4262	0	0
rna3295	3879	3844	72.9694	4.18758
rna3296	4229	4194	0.000306985	1.61471e-005
rna3297	3814	3779	0.711067	0.0415087
rna3298	4183	4148	0.152748	0.00812349
rna3299	3768	3733	738.871	43.6633
rna3300	3808	3773	30.9652	1.81048
rna3301	4155	4120	454.909	24.3575
rna3302	3808	3773	233.768	13.668
rna3305	1624	1589	0.000627137	8.70651e-005
rna3304	1631	1596	98.3226	13.5902
rna3303	2225	2190	62.6768	6.31347
rna3306	1543	1508	91	13.3121
rna3309	1500	1465	0	0
rna3308	1515	1480	95.2379	14.1956
rna3307	1470	1435	885.762	136.167
rna3310	1538	1503	0	0
rna3311	1807	1772	89.386	11.1279
rna3314	2213	2178	0	0
rna3315	2225	2190	0	0
rna3313	2409	2374	412.587	38.339
rna3312	2102	2067	346.849	37.0174
rna3316	2027	1992	202.888	22.4685
rna3317	747	712	58.2897	18.06
rna3318	4525	4490	1239.26	60.8864
rna3319	4500	4465	76.7199	3.79046
rna3320	4448	4413	419.898	20.9901
rna3321	4422	4387	1012.13	50.8947
rna3322	2210	2175	54.9849	5.57686
rna3323	2193	2158	287.015	29.3399
rna3324	6044	6009	566.256	20.7882
rna3325	574	539	30.077	12.3098
rna3327	1326	1291	19.6001	3.34918
rna3326	1705	1670	235.181	31.0665
rna3328	1297	1262	17.0097	2.97334
rna3331	1368	1333	0.000390085	6.45558e-005
rna3330	1352	1317	609.208	102.044
rna3329	1481	1446	0	0
rna3332	1506	1471	0.00790574	0.00118559
rna3334	1495	1460	375.216	56.6935
rna3333	1481	1446	270.217	41.224
rna3335	601	566	36.5598	14.2493
rna3341	3456	3421	0	0
rna3340	3126	3091	623.758	44.5167
rna3338	3235	3200	0	0
rna3339	3250	3215	0	0
rna3337	3177	3142	207.715	14.5837
rna3336	3193	3158	8.34115e-007	5.82666e-008
rna3342	3823	3788	1243.53	72.4187
rna3343	3838	3803	0.000190573	1.10545e-005
rna3344	813	778	92	26.0864
rna3367	11845	11810	192.142	3.58904
rna3366	11219	11184	479.001	9.44811
rna3365	11096	11061	1817.22	36.2426
rna3364	10723	10688	1804.98	37.2547
rna3354	11426	11391	913.41	17.6893
rna3355	11537	11502	0.109872	0.00210726
rna3356	10835	10800	0.108164	0.00220936
rna3357	11555	11520	7.47407e-005	1.43123e-006
rna3358	11834	11799	0.000447047	8.35822e-006
rna3359	10739	10704	144.719	2.98252
rna3360	10730	10695	0.00696787	0.000143723
rna3361	10784	10749	153.171	3.1435
rna3362	10796	10761	0	0
rna3363	10850	10815	2.66716e-008	5.44037e-010
rna3345	11495	11460	223.576	4.30375
rna3346	12375	12340	1058.06	18.9147
rna3347	11832	11797	4.44662e-007	8.31504e-009
rna3348	11838	11803	357.293	6.67787
rna3349	11571	11536	0	0
rna3350	11796	11761	0	0
rna3351	11739	11704	2.15655e-006	4.06471e-008
rna3352	11850	11815	0	0
rna3353	12730	12695	68.9592	1.1983
rna3368	1315	1280	240	41.3625
rna3371	2116	2081	164.456	17.4335
rna3370	2472	2437	336.657	30.4746
rna3369	2415	2380	212.373	19.6847
rna3373	979	944	10.2614	2.39796
rna3372	1183	1148	0	0
rna3374	1186	1151	5.2525	1.00669
rna3375	1304	1269	0	0
rna3376	1294	1259	0	0
rna3377	1284	1249	0	0
rna3378	88	53	4	16.6491
rna3379	22	23	0	0
rna3380	4434	4399	1	0.0501478
rna3381	6618	6583	46.5964	1.56147
rna3382	6974	6939	1.02881e-006	3.27073e-008
rna3383	6950	6915	2402.48	76.643
rna3384	6708	6673	5513.9	182.282
rna3385	1495	1460	0	0
rna3386	3979	3944	30.032	1.67978
rna3387	6661	6626	1266.66	42.1711
rna3388	5562	5527	153.624	6.13161
rna3389	5653	5618	242.291	9.51396
rna3390	4932	4897	27.186	1.22467
rna3392	1949	1914	99.1778	11.4308
rna3391	2126	2091	552.822	58.3226
rna3394	2698	2663	441.781	36.5967
rna3393	2762	2727	85.2188	6.89375
rna3395	1852	1817	648	78.673
rna3398	849	814	122	33.0629
rna3397	992	957	0	0
rna3396	906	871	0	0
rna3400	2268	2233	161.913	15.9955
rna3399	2314	2279	99.087	9.59131
rna3401	5521	5486	937.524	37.6992
rna3402	5675	5640	0.000157314	6.1531e-006
rna3403	5672	5637	0.304693	0.0119239
rna3404	5606	5571	232.19	9.19423
rna3405	5504	5469	91.4303	3.68797
rna3406	5672	5637	0	0
rna3407	5648	5613	1.08881e-008	4.27919e-010
rna3408	5654	5619	193.987	7.61588
rna3409	5651	5616	110.769	4.35109
rna3410	5627	5592	1.62437e-005	6.40803e-007
rna3411	5624	5589	0.0340027	0.0013421
rna3412	5624	5589	7.69072e-007	3.03556e-008
rna3413	5654	5619	5.98846	0.235105
rna3414	5606	5571	0.684881	0.0271199
rna3415	5603	5568	1383.05	54.7956
rna3416	5603	5568	0.0331491	0.00131334
rna3417	1825	1790	241.68	29.7847
rna3418	1774	1739	132.128	16.761
rna3419	1797	1762	107.696	13.4834
rna3420	1798	1763	0	0
rna3421	3091	3056	1798.84	129.851
rna3422	1798	1763	1055.66	132.092
rna3423	1585	1550	186.522	26.5464
rna3424	1448	1413	2647.39	413.316
rna3425	1523	1488	75.0853	11.1316
rna3426	1494	1459	0	0
rna3427	3358	3323	781	51.8473
rna3428	525	490	0	0
rna3429	4618	4583	189	9.09741
rna3434	3714	3679	44.6289	2.67604
rna3433	3837	3802	116.835	6.77903
rna3431	3939	3904	0.0102341	0.000578288
rna3432	5290	5255	68.7158	2.88463
rna3430	3732	3697	36.8097	2.19644
rna3440	7777	7742	580.302	16.5351
rna3439	7277	7242	2281.34	69.4924
rna3438	7735	7700	3077.39	88.1652
rna3437	7590	7555	2455.29	71.6926
rna3436	7592	7557	1.32781	0.0387609
rna3435	7283	7248	109.32	3.32725
rna3441	100	65	0	0
rna3442	22	23	0	0
rna3443	2315	2280	0	0
rna3444	2036	2001	1	0.110245
rna3445	2382	2347	252	23.6861
rna3446	2019	1984	607	67.4921
rna3449	731	696	0	0
rna3448	633	598	50.8894	18.7729
rna3447	709	674	104.111	34.0754
rna3450	1667	1632	10.1565	1.37287
rna3451	1957	1922	2.06342	0.236831
rna3457	1443	1408	3.36247	0.52682
rna3456	1170	1135	0	0
rna3455	1221	1186	12.0566	2.24256
rna3454	1170	1135	7.78788	1.51366
rna3452	1326	1291	2.28938e-007	3.91198e-008
rna3453	1594	1559	16.418	2.32317
rna3458	1483	1448	3.15648	0.480883
rna3459	1896	1861	3.24357e-006	3.84488e-007
rna3460	2213	2178	463.881	46.9844
rna3461	2006	1971	45.1193	5.04989
rna3462	1852	1817	43.2619	5.25238
rna3463	1768	1733	161.738	20.5882
rna3464	1539	1504	22	3.22686
rna3465	1109	1074	113	23.2102
rna3466	2558	2523	127	11.1043
rna3467	1547	1512	362.616	52.9055
rna3468	1466	1431	92.3839	14.2417
rna3469	637	602	895	327.969
rna3470	1038	1003	453	99.6329
rna3473	1194	1159	0	0
rna3471	1144	1109	301.589	59.9914
rna3472	1147	1112	12.4113	2.46217
rna3474	78	43	1	5.13023
rna3475	21	22	0	0
rna3476	100	65	5	16.9692
rna3477	19	20	0	0
rna3478	656	621	55	19.5378
rna3479	1513	1478	51	7.61205
rna3480	770	735	342	102.647
rna3481	579	544	42	17.0316
rna3483	3055	3020	6.10323e-008	4.45819e-009
rna3482	2999	2964	243	18.0856
rna3484	1352	1317	1439	241.035
rna3485	1938	1903	390	45.2097
rna3486	1933	1898	0	0
rna3487	2471	2436	395	35.7705
rna3488	1098	1063	650	134.892
rna3489	2279	2244	477	46.8923
rna3490	2475	2440	761.555	68.8521
rna3491	2440	2405	163.459	14.9934
rna3492	2487	2452	18.9859	1.70811
rna3493	1533	1498	367	54.0455
rna3494	540	505	232.839	101.712
rna3495	378	343	212.161	136.451
rna3496	508	473	9.80311	4.57202
rna3497	315	280	11.1969	8.82155
rna3498	4143	4108	212.105	11.3901
rna3499	4066	4031	244.33	13.3712
rna3500	3674	3639	338.565	20.5242
rna3501	1586	1551	193	27.4506
rna3502	666	631	126	44.0501
rna3503	934	899	1161	284.891
rna3504	1220	1185	334	62.1776
rna3505	1168	1133	0	0
rna3506	1222	1187	0	0
rna3507	663	628	68.8773	24.1948
rna3508	678	643	21.811	7.4829
rna3509	444	409	20.3117	10.9554
rna3510	671	636	668	231.699
rna3511	573	538	3	1.23011
rna3512	528	493	2	0.894929
rna3513	1185	1150	179.687	34.4688
rna3514	1185	1150	179.687	34.4688
rna3515	1009	974	731.625	165.705
rna3516	497	462	2161	1031.85
rna3517	3016	2981	429	31.7469
rna3518	1871	1836	930.398	111.79
rna3519	1661	1626	155.43	21.0873
rna3520	1754	1719	318.172	40.8311
rna3521	702	667	229	75.7383
rna3522	4059	4024	460	25.2177
rna3523	1127	1092	139	28.08
rna3524	476	441	68	34.0154
rna3525	2430	2395	3	0.276326
rna3526	1532	1497	0	0
rna3527	1489	1454	92.3236	14.0073
rna3528	1795	1760	373.676	46.837
rna3530	1194	1159	137	26.0761
rna3529	1217	1182	1.14293e-008	2.13308e-009
rna3531	1883	1848	365	43.5709
rna3532	4880	4845	443	20.1704
rna3533	826	791	122	34.0243
rna3534	7043	7008	319.715	10.0641
rna3535	3991	3956	352	19.6287
rna3536	375	340	46	29.8459
rna3537	766	731	196	59.1486
rna3538	3546	3511	420	26.3891
rna3541	1787	1752	51	6.42158
rna3540	1975	1940	0	0
rna3539	1988	1953	0	0
rna3542	1746	1711	353	45.5124
rna3543	1742	1707	0.000122869	1.58787e-005
rna3546	1660	1625	625.906	84.9691
rna3544	1824	1789	0	0
rna3545	1851	1816	114.094	13.8597
rna3547	6554	6519	138.678	4.69281
rna3548	6533	6498	0	0
rna3550	6348	6313	118.262	4.13252
rna3549	6410	6375	453.06	15.6776
rna3551	1495	1460	410	61.9493
rna3552	5593	5558	174.964	6.94442
rna3553	5903	5868	19.532	0.734281
rna3554	7015	6980	2.28428e-005	7.21937e-007
rna3555	6973	6938	6.35276	0.201992
rna3556	6916	6881	1.30127e-005	4.17178e-007
rna3557	6874	6839	2.07781	0.0670223
rna3558	7003	6968	4.05327e-006	1.28323e-007
rna3559	6862	6827	0.369133	0.0119278
rna3560	6895	6860	0.00107533	3.458e-005
rna3561	6853	6818	362.812	11.739
rna3562	6796	6761	0.000644395	2.10255e-005
rna3563	6754	6719	125.347	4.11542
rna3564	6883	6848	5.59966e-008	1.80386e-009
rna3565	6742	6707	0.00596649	0.000196244
rna3566	6799	6764	0.000128113	4.17826e-006
rna3567	6757	6722	53.1232	1.74338
rna3568	6862	6827	153.247	4.95185
rna3569	7003	6968	0	0
rna3570	6838	6803	0.000146426	4.74815e-006
rna3571	6903	6868	274.132	8.80511
rna3572	6724	6689	0	0
rna3573	8429	8394	19.3864	0.509487
rna3574	9656	9621	311.81	7.14951
rna3575	11059	11024	403.785	8.08009
rna3576	4645	4610	2	0.095705
rna3577	3537	3502	922	58.0792
rna3578	1174	1139	42	8.13451
rna3579	1110	1075	2	0.410419
rna3580	1946	1911	58.6172	6.76659
rna3581	2580	2545	22.9072	1.9856
rna3582	2445	2410	49.8682	4.5647
rna3583	2105	2070	21.6074	2.3027
rna3584	2370	2335	394.181	37.2404
rna3585	1566	1531	67.8191	9.77198
rna3586	1473	1438	12	1.84089
rna3587	521	486	0	0
rna3588	3077	3042	5648.21	409.597
rna3589	2138	2103	14472.4	1518.12
rna3590	5666	5631	521.571	20.4331
rna3591	6020	5985	689.48	25.4134
rna3593	1763	1728	1	0.127662
rna3592	5059	5024	2488.95	109.288
rna3594	1443	1408	42.5292	6.66331
rna3595	1403	1368	63.2743	10.2035
rna3596	1332	1297	71.1965	12.1094
rna3597	1768	1733	210	26.7317
rna3598	1179	1144	160	30.8532
rna3599	8523	8488	512	13.3067
rna3600	616	581	13	4.93597
rna3601	4289	4254	841.336	43.6292
rna3602	2111	2076	372.047	39.5344
rna3603	2137	2102	64.6177	6.78147
rna3604	1613	1578	596	83.3192
rna3605	1738	1703	1602	207.517
rna3606	3976	3941	127.323	7.12697
rna3607	3942	3907	0	0
rna3608	12033	11998	8063.59	148.26
rna3609	865	830	1	0.265783
rna3610	3745	3710	0.00187524	0.000111504
rna3611	3721	3686	3.9976	0.239249
rna3612	3749	3714	0.000525245	3.11979e-005
rna3613	3825	3790	0	0
rna3614	2514	2479	0	0
rna3615	2699	2664	49.4681	4.09634
rna3616	2887	2852	136.532	10.5606
rna3617	645	610	19	6.87115
rna3618	2986	2951	267.207	19.9749
rna3619	3060	3025	76.7926	5.60015
rna3620	6649	6614	1361	45.3941
rna3621	805	770	0	0
rna3622	5247	5212	777.89	32.9245
rna3623	5220	5185	467.11	19.8736
rna3624	3393	3358	38.9436	2.55836
rna3625	2259	2224	56.2077	5.57528
rna3626	3253	3218	0	0
rna3627	3868	3833	1	0.0575528
rna3628	648	613	0	0
rna3629	3410	3375	0	0
rna3634	2653	2618	18.4693	1.55628
rna3635	2540	2505	89.3902	7.87205
rna3633	2215	2180	0	0
rna3632	2214	2179	0	0
rna3631	2137	2102	118.25	12.4101
rna3630	2158	2123	337.734	35.0938
rna3636	3218	3183	686.301	47.5646
rna3637	3065	3030	324.874	23.6525
rna3638	2178	2143	8.2117	0.845311
rna3639	2356	2321	13.264	1.26068
rna3640	2523	2488	14.3494	1.27229
rna3641	2105	2070	15.2137	1.62132
rna3642	2643	2608	292	24.6991
rna3643	2747	2712	65	5.28724
rna3644	2744	2709	3921	319.296
rna3645	1488	1453	273.438	41.5145
rna3646	1428	1393	193.562	30.6531
rna3647	3096	3061	797	57.4382
rna3648	482	447	4	1.97405
rna3649	3050	3015	7	0.512173
rna3650	5250	5215	283.745	12.0027
rna3651	3937	3902	0	0
rna3652	4167	4132	83.1496	4.43921
rna3653	1535	1500	0	0
rna3654	3321	3286	12.4943	0.838784
rna3655	3058	3023	98.5399	7.19084
rna3656	852	817	0	0
rna3657	2250	2215	7.80501	0.77733
rna3661	1519	1484	1.8034	0.268079
rna3658	3648	3613	2.71333e-008	1.65669e-009
rna3659	3422	3387	88.3206	5.75245
rna3660	3408	3373	100.142	6.54945
rna3662	84	49	0	0
rna3667	5728	5693	642.714	24.9047
rna3665	6917	6882	156.923	5.03011
rna3666	7411	7376	122.228	3.65557
rna3664	5767	5732	0.202467	0.0077921
rna3663	6105	6070	322.029	11.7034
rna3668	1938	1903	235.043	27.2467
rna3669	1114	1079	2	0.408897
rna3670	709	674	133	43.5309
rna3676	4462	4427	340.231	16.9539
rna3675	4786	4751	29.3272	1.36173
rna3674	4778	4743	0	0
rna3673	4632	4597	0	0
rna3672	5813	5778	111.198	4.24545
rna3671	4601	4566	164.245	7.93525
rna3677	2669	2634	139	11.6414
rna3678	1893	1858	0	0
rna3681	3689	3654	372.183	22.4695
rna3682	3692	3657	837.502	50.5204
rna3680	5127	5092	241.557	10.465
rna3679	5132	5097	583.758	25.2652
rna3683	658	623	3	1.06228
rna3684	489	454	0	0
rna3685	1527	1492	104	15.3769
rna3686	111	76	0	0
rna3687	2744	2709	123.329	10.043
rna3688	1529	1494	63.6831	9.40328
rna3689	1517	1482	93.8119	13.9642
rna3690	1477	1442	157.139	24.0395
rna3691	1303	1268	103.037	17.9258
rna3692	4541	4506	104.523	5.11711
rna3693	4433	4398	48.9417	2.45487
rna3694	4434	4399	99.5217	4.99079
rna3695	4272	4237	0.00141475	7.36594e-005
rna3696	4170	4135	168.013	8.96339
rna3697	4152	4117	4.12936e-008	2.21263e-009
rna3702	4659	4624	23.2362	1.10854
rna3698	3526	3491	312.522	19.7486
rna3699	4261	4226	148.089	7.73033
rna3700	4414	4379	21.1529	1.06562
rna3701	4429	4394	0	0
rna3703	1774	1739	0	0
rna3704	1729	1694	262.01	34.1201
rna3705	3041	3006	260.215	19.0963
rna3706	2348	2313	346.775	33.0733
rna3707	4548	4513	801.976	39.2014
rna3708	4530	4495	1.02424	0.0502663
rna3709	3266	3231	1837	125.423
rna3710	1643	1608	634	86.9779
rna3712	754	719	96	29.4543
rna3711	785	750	0	0
rna3714	1396	1361	2	0.324173
rna3713	1576	1541	0	0
rna3715	1584	1549	55.2837	7.8732
rna3716	2175	2140	17.7413	1.82884
rna3717	2141	2106	286.97	30.0596
rna3718	1838	1803	402	49.1854
rna3719	3775	3740	106	6.2523
rna3720	1021	986	0	0
rna3721	766	731	0	0
rna3722	574	539	0	0
rna3723	567	532	224	92.8842
rna3724	779	744	6	1.77903
rna3726	2287	2252	72.4905	7.10098
rna3725	2373	2338	688.51	64.9638
rna3727	430	395	206	115.047
rna3729	1393	1358	96.9843	15.7546
rna3728	1466	1431	116.016	17.8847
rna3730	3243	3208	1043	71.7225
rna3731	3115	3080	99.4008	7.11942
rna3732	3421	3386	13.8777	0.904138
rna3733	3463	3428	0	0
rna3735	3187	3152	418.722	29.3052
rna3734	3347	3312	0	0
rna3736	884	849	521	135.374
rna3737	1174	1139	174	33.7001
rna3738	4689	4654	1.69822e-005	8.04959e-007
rna3739	4686	4651	3.63681e-005	1.72496e-006
rna3740	4092	4057	124.75	6.78331
rna3741	4673	4638	152.639	7.26008
rna3742	4441	4406	119.61	5.98867
rna3743	537	502	0	0
rna3744	3939	3904	593	33.5082
rna3745	1133	1098	9.28762	1.86598
rna3746	1391	1356	13.7124	2.23079
rna3747	1650	1615	0	0
rna3750	3714	3679	263.55	15.803
rna3751	3483	3448	2.41348e-005	1.54412e-006
rna3752	3597	3562	1.56928e-005	9.71881e-007
rna3753	3654	3619	261.944	15.9671
rna3754	3768	3733	107.505	6.35297
rna3748	1611	1576	0.988878	0.138418
rna3749	1617	1582	0.0111219	0.00155088
rna3755	1373	1338	1	0.164873
rna3756	1147	1112	3	0.595144
rna3757	3548	3513	316	19.8433
rna3758	2201	2166	11.4995	1.17119
rna3759	642	607	0	0
rna3760	693	658	3.50051	1.17358
rna3761	3876	3841	37	2.12502
rna3762	970	935	2	0.471872
rna3763	2056	2021	3	0.327462
rna3764	5987	5952	0	0
rna3765	6069	6034	786.216	28.7437
rna3766	5834	5799	601.31	22.8745
rna3767	5932	5897	0	0
rna3768	6017	5982	380.395	14.0279
rna3769	6029	5994	0	0
rna3770	6032	5997	0.000280498	1.03181e-005
rna3771	6172	6137	0	0
rna3774	1899	1864	513.992	60.8297
rna3773	2095	2060	89.5075	9.58513
rna3772	2115	2080	31.501	3.34092
rna3775	2707	2672	83.4735	6.89156
rna3776	2644	2609	1.55681e-005	1.31633e-006
rna3777	2641	2606	694.228	58.767
rna3778	2578	2543	74.2988	6.44527
rna3779	3201	3166	473.471	32.9904
rna3780	3192	3157	709.529	49.5794
rna3781	5139	5104	1020.91	44.1249
rna3783	3272	3237	132.986	9.06293
rna3782	3277	3242	95.0141	6.46518
rna3784	3047	3012	605	44.3104
rna3785	2304	2269	88	8.55567
rna3786	2345	2310	0	0
rna3787	2332	2297	67.7941	6.51084
rna3788	2246	2211	179.365	17.896
rna3789	2097	2062	36.0443	3.85615
rna3793	6430	6395	4040.05	139.364
rna3790	2434	2399	4.9509	0.45526
rna3791	2295	2260	22.8428	2.2297
rna3792	2153	2118	16.0024	1.66673
rna3794	724	689	4	1.2807
rna3795	10106	10071	2699.06	59.1215
rna3796	2135	2100	411	43.1746
rna3797	1791	1756	40	5.02506
rna3798	1202	1167	1	0.189032
rna3799	1230	1195	0	0
rna3800	1585	1550	0.998928	0.14217
rna3801	1594	1559	0.00107154	0.000151624
rna3802	1612	1577	0	0
rna3803	1621	1586	0	0
rna3806	1467	1432	0	0
rna3805	1032	997	0	0
rna3804	1460	1425	0	0
rna3807	1449	1414	0	0
rna3808	1190	1155	39.8733	7.61562
rna3809	1313	1278	14.1267	2.43846
rna3810	1623	1588	0	0
rna3811	1450	1415	3	0.467703
rna3812	738	703	0	0
rna3814	72	37	0	0
rna3813	620	585	0	0
rna3815	878	843	1.42885	0.373907
rna3816	731	696	1.57115	0.497984
rna3817	5555	5520	2.87895e-007	1.15054e-008
rna3818	5465	5430	77.7475	3.15858
rna3820	2230	2195	0	0
rna3819	2172	2137	0	0
rna3821	7040	7005	8.68383e-006	2.7347e-007
rna3822	7026	6991	9.22165e-005	2.90988e-006
rna3823	6950	6915	37.2524	1.18841
rna3824	417	382	75.0315	43.3297
rna3825	129	94	0	0
rna3826	23	24	0	0
rna3827	1038	1003	95	20.8943
rna3829	2379	2344	519.028	48.8471
rna3828	2357	2322	67.9716	6.4576
rna3831	1318	1283	269.858	46.3995
rna3830	1690	1655	31.1425	4.15108
rna3832	493	458	0	0
rna3833	1784	1749	510	64.3259
rna3835	1442	1407	31.7105	4.97181
rna3834	1681	1646	65.2895	8.75022
rna3836	1716	1681	386.826	50.7637
rna3837	1828	1793	227.174	27.9502
rna3838	5664	5629	620	24.2978
rna3839	3443	3408	1395.19	90.3107
rna3843	3530	3495	11.1077	0.701103
rna3842	3546	3511	407.702	25.6164
rna3841	3581	3546	0	0
rna3840	3598	3563	0	0
rna3844	221	186	0	0
rna3845	2432	2397	123	11.3199
rna3847	900	865	0	0
rna3846	1532	1497	49.8103	7.34012
rna3848	794	759	2	0.581291
rna3850	1283	1248	60	10.6058
rna3849	1387	1352	0	0
rna3851	1093	1058	1004	209.341
rna3852	980	945	362	84.505
rna3853	1532	1497	303.44	44.7153
rna3854	1540	1505	0.560289	0.0821261
rna3855	2426	2391	348	32.1074
rna3856	2334	2299	1598	153.336
rna3857	1292	1257	106.799	18.7429
rna3879	1432	1397	0	0
rna3880	2037	2002	104.188	11.4805
rna3881	1523	1488	0	0
rna3882	2128	2093	69	7.27253
rna3877	1960	1925	0	0
rna3878	1989	1954	58.2814	6.57978
rna3876	1545	1510	0	0
rna3874	2058	2023	0	0
rna3875	2087	2052	0	0
rna3873	1643	1608	0	0
rna3872	2359	2324	18.0693	1.71518
rna3868	1852	1817	50.0737	6.0794
rna3869	2332	2297	0	0
rna3870	1881	1846	42.515	5.08061
rna3871	2247	2212	0	0
rna3867	2510	2475	50.99	4.54481
rna3864	1917	1882	0	0
rna3865	2482	2447	23.0832	2.08098
rna3866	2603	2568	0	0
rna3863	2752	2717	0	0
rna3862	2970	2935	0	0
rna3860	2944	2909	0	0
rna3861	2808	2773	0	0
rna3859	2916	2881	0	0
rna3858	1453	1418	0	0
rna3883	1354	1319	0	0
rna3884	2211	2176	0	0
rna3893	2491	2456	97	8.71262
rna3885	2327	2292	0	0
rna3886	2191	2156	0	0
rna3887	2220	2185	0	0
rna3888	2218	2183	65.553	6.62437
rna3889	2169	2134	56.6545	5.85661
rna3890	2123	2088	0.000154426	1.63153e-005
rna3891	2114	2079	313.136	33.2265
rna3892	2210	2175	22.6563	2.29792
rna3895	2902	2867	231.344	17.8006
rna3894	3228	3193	254.656	17.5939
rna3896	2717	2682	2213.48	182.063
rna3897	2277	2242	150.518	14.8101
rna3914	4660	4625	0	0
rna3898	4987	4952	128.986	5.74602
rna3899	4918	4883	69.7407	3.15069
rna3900	4942	4907	13.2192	0.594287
rna3901	5275	5240	231.091	9.72878
rna3902	4912	4877	6.41027	0.289954
rna3903	4597	4562	7.17786	0.347092
rna3904	4933	4898	0	0
rna3905	4957	4922	0	0
rna3906	5236	5201	98.9472	4.19684
rna3907	5257	5222	0	0
rna3908	5281	5246	0	0
rna3909	5245	5210	121.651	5.15092
rna3910	5266	5231	0	0
rna3911	4954	4919	31.5922	1.4168
rna3912	4960	4925	426.792	19.1168
rna3913	5290	5255	0	0
rna3915	4722	4687	34.3923	1.61872
rna3916	603	568	56.8	22.06
rna3917	423	388	99.2	56.4008
rna3921	865	830	16.0737	4.27213
rna3920	972	937	118.699	27.9457
rna3919	868	833	0.226776	0.0600562
rna3918	1012	977	0	0
rna3922	127	92	0	0
rna3923	22	23	0	0
rna3924	334	299	3	2.21338
rna3925	2045	2010	47.8572	5.25239
rna3927	1672	1637	16.7726	2.26025
rna3926	1853	1818	36.1992	4.39249
rna3928	2003	1968	51.1711	5.73594
rna3929	4129	4094	2	0.107767
rna3931	2185	2150	28.6941	2.94415
rna3930	2288	2253	267.306	26.173
rna3932	680	645	2524	863.247
rna3934	2137	2102	35	3.67317
rna3933	2240	2205	0	0
rna3935	1240	1205	30	5.49212
rna3936	976	941	432.218	101.325
rna3937	970	935	509.782	120.276
rna3938	959	924	0	0
rna3940	1386	1351	22	3.5923
rna3941	1091	1056	0	0
rna3939	844	809	27	7.36242
rna3942	1506	1471	0	0
rna3943	1117	1082	0	0
rna3944	1644	1609	0	0
rna3945	1561	1526	0	0
rna3946	1121	1086	0	0
rna3947	1393	1358	0	0
rna3948	1122	1087	7	1.42061
rna3950	2468	2433	9.95085	0.902243
rna3949	2798	2763	8.37273	0.668485
rna3951	1204	1169	19.6764	3.71311
rna3953	1360	1325	0	0
rna3952	1273	1238	55.1076	9.81965
rna3954	606	571	0	0
rna3955	2211	2176	178.892	18.1359
rna3956	8199	8164	946	25.5619
rna3957	2434	2399	358	32.9199
rna3958	2971	2936	984	73.9341
rna3959	1332	1297	168	28.5743
rna3960	1961	1926	0	0
rna3961	1847	1812	26	3.16534
rna3962	2275	2240	0	0
rna3963	1943	1908	6.36597	0.736023
rna3964	1719	1684	100.516	13.1674
rna3967	3514	3479	16.8835	1.07057
rna3966	2704	2669	0.00775837	0.00064125
rna3965	2951	2916	78.1364	5.91115
rna3968	943	908	6.2634	1.5217
rna3969	843	808	12.063	3.29344
rna3970	883	848	0.0126574	0.00329271
rna3971	878	843	13.6609	3.57485
rna3972	811	776	11	3.12706
rna3973	831	796	0	0
rna3975	2344	2309	0	0
rna3974	2562	2527	0	0
rna3976	2513	2478	0	0
rna3977	2708	2673	36	2.97104
rna3978	1916	1881	153	17.9435
rna3979	4620	4585	264.984	12.7493
rna3980	4602	4567	19.2203	0.9284
rna3981	4233	4198	980.116	51.504
rna3982	4215	4180	56.5099	2.98232
rna3983	1296	1261	77	13.4704
rna3984	2179	2144	1.16912	0.120293
rna3985	3753	3718	84	4.98397
rna3986	71	36	0	0
rna3987	22	23	0	0
rna3990	2878	2843	62.4583	4.8464
rna3989	2512	2477	226.908	20.2083
rna3988	3704	3669	421.634	25.3509
rna3991	1201	1166	26	4.91904
rna3992	976	941	0	0
rna3993	989	954	0	0
rna3994	496	461	25	11.9631
rna3998	850	815	0	0
rna3997	878	843	0	0
rna3996	877	842	0	0
rna3995	938	903	0	0
rna3999	915	880	101	25.3189
rna4000	1094	1059	183.557	38.2366
rna4001	884	849	33.4435	8.6898
rna4002	1102	1067	840	173.668
rna4003	5024	4989	146	6.45572
rna4004	3840	3805	348.635	20.2126
rna4005	3753	3718	0	0
rna4006	3666	3631	205.88	12.5082
rna4007	3499	3464	0.0288011	0.00183416
rna4010	1590	1555	0	0
rna4008	3166	3131	316.888	22.3269
rna4009	3166	3131	181.231	12.769
rna4011	2348	2313	61	5.81781
rna4012	1017	982	0	0
rna4013	969	934	284	67.0775
rna4014	1465	1430	922	142.233
rna4015	1578	1543	376	53.7561
rna4016	1186	1151	5.22493	1.00141
rna4017	1122	1087	34.7751	7.05739
rna4018	1051	1016	0	0
rna4019	982	947	0	0
rna4020	971	936	0	0
rna4021	1015	980	0	0
rna4022	2007	1972	428	47.8787
rna4023	918	883	1150	287.305
rna4024	991	956	17.0714	3.93929
rna4025	879	844	278.845	72.8829
rna4026	703	668	48.9428	16.1629
rna4028	856	821	37.1409	9.97965
rna4027	871	836	0	0
rna4029	4670	4635	1066.7	50.7689
rna4030	3963	3928	33.3016	1.87025
rna4032	1558	1523	0	0
rna4031	1852	1817	208	25.2531
rna4033	1288	1253	295.724	52.0644
rna4034	938	903	91.2761	22.2985
rna4035	2038	2003	525.364	57.8609
rna4036	2138	2103	0	0
rna4037	2105	2070	448.636	47.8112
rna4038	763	728	254	76.9676
rna4039	1094	1059	242	50.411
rna4040	2314	2279	302.068	29.2392
rna4044	2816	2781	0	0
rna4043	3003	2968	150.932	11.2182
rna4041	2600	2565	8.41583e-006	7.23794e-007
rna4042	2744	2709	0	0
rna4045	1487	1452	24	3.64628
rna4046	2054	2019	15	1.63893
rna4047	1615	1580	1	0.13962
rna4048	481	446	0	0
rna4049	1382	1347	64	10.4814
rna4050	1582	1547	688.704	98.2082
rna4051	1486	1451	101.296	15.4004
rna4052	1356	1321	826	137.938
rna4053	3752	3717	349	20.7128
rna4054	6135	6100	25.695	0.929233
rna4055	1562	1527	0	0
rna4056	3385	3350	17.305	1.13955
rna4057	1601	1566	0	0
rna4058	4298	4263	2739.61	141.769
rna4059	904	869	16	4.06168
rna4060	1095	1060	1346	280.12
rna4061	2271	2236	70.9659	7.00138
rna4065	1473	1438	335.97	51.5403
rna4062	2903	2868	257.385	19.7974
rna4063	2002	1967	112.288	12.5932
rna4064	1944	1909	13.3915	1.54749
rna4066	1713	1678	495	65.0757
rna4075	6952	6917	425.32	13.5645
rna4074	7141	7106	0	0
rna4073	6976	6941	0.245729	0.00780979
rna4072	6979	6944	0.14751	0.00468615
rna4069	6975	6940	362.528	11.5236
rna4070	7041	7006	0.0185388	0.000583737
rna4071	7113	7078	4.46192e-008	1.39065e-009
rna4067	7010	6975	548.739	17.3551
rna4068	7082	7047	0.00125873	3.94034e-005
rna4076	3209	3174	400	27.8009
rna4077	1613	1578	556	77.7273
rna4078	565	530	109	45.3687
rna4079	4081	4046	100.522	5.48075
rna4082	3845	3810	0	0
rna4081	4282	4247	16.2409	0.843595
rna4080	3759	3724	122.237	7.24102
rna4083	2388	2353	82.4617	7.731
rna4084	2398	2363	674.538	62.9722
rna4085	1655	1620	338	46.0264
rna4086	4845	4810	129.87	5.95619
rna4087	4808	4773	111.13	5.13625
rna4088	700	665	113	37.4854
rna4089	2262	2227	317	31.4011
rna4101	8297	8262	57.9504	1.54731
rna4100	8397	8362	130.269	3.43667
rna4092	9679	9644	0	0
rna4093	9688	9653	0	0
rna4094	10208	10173	0	0
rna4095	10415	10380	33.9427	0.721365
rna4096	10686	10651	3.29435e-007	6.82315e-009
rna4097	10814	10779	116.427	2.38276
rna4098	10700	10665	49.7541	1.02914
rna4099	10817	10782	0	0
rna4091	10741	10706	42.0191	0.865816
rna4090	8461	8426	619.09	16.2083
rna4102	1801	1766	999	124.79
rna4104	14521	14486	4068.81	61.9619
rna4105	14674	14639	2859.06	43.0842
rna4103	14565	14530	1496.32	22.7177
rna4112	3933	3898	49.7389	2.81488
rna4111	4060	4025	0.0243666	0.00133547
rna4110	2272	2237	152.889	15.077
rna4107	1658	1623	9.2818	1.26159
rna4108	1930	1895	0	0
rna4109	1662	1627	0.507112	0.0687579
rna4106	1973	1938	0	0
rna4113	4113	4078	865	46.7923
rna4114	1212	1177	1958	366.98
rna4115	1621	1586	658	91.5226
rna4116	8091	8056	40.7851	1.11683
rna4117	8198	8163	2113.47	57.1152
rna4118	8153	8118	0	0
rna4119	7907	7872	527.232	14.7748
rna4120	6860	6825	7548.27	243.978
rna4125	904	869	0	0
rna4126	1058	1023	0	0
rna4124	872	837	0	0
rna4122	1136	1101	196.949	39.4614
rna4123	1140	1105	11.6883	2.33343
rna4121	1190	1155	0	0
rna4127	652	617	2.46952	0.882944
rna4128	705	670	50.5369	16.6395
rna4131	375	340	46.9935	30.4905
rna4130	326	291	0	0
rna4129	350	315	0	0
rna4132	2947	2912	428.663	32.4736
rna4133	2808	2773	265.342	21.1087
rna4134	3216	3181	13.6692	0.947951
rna4135	2828	2793	295.952	23.3752
rna4136	2962	2927	457.995	34.5179
rna4137	2174	2139	19.2197	1.98217
rna4138	3097	3062	0	0
rna4139	2896	2861	0	0
rna4140	2800	2765	7.4862e-007	5.97272e-008
rna4141	2752	2717	1059.16	85.9957
rna4142	845	810	333.66	90.871
rna4146	3053	3018	245.626	17.954
rna4147	3083	3048	0.00207501	0.00015018
rna4143	3148	3113	9.52802	0.675195
rna4144	3266	3231	1.65832e-008	1.13223e-009
rna4145	3554	3519	20.5148	1.28604
rna4149	2975	2940	0	0
rna4148	2702	2667	21.6688	1.79233
rna4150	644	609	47	17.025
rna4151	1810	1775	1750.8	217.592
rna4152	1036	1001	6519.2	1436.7
rna4153	968	933	1638	387.291
rna4154	1274	1239	6374	1134.87
rna4155	1141	1106	2785	555.489
rna4156	878	843	3911	1023.45
rna4160	5002	4967	303.402	13.475
rna4161	5009	4974	0.589996	0.0261667
rna4157	5133	5098	1.08577	0.0469831
rna4158	5127	5092	404.763	17.5355
rna4159	5208	5173	193.16	8.2372
rna4162	83	48	0	0
rna4163	23	24	0	0
rna4164	99	64	1	3.44688
rna4165	23	24	0	0
rna4166	100	65	0	0
rna4167	20	21	0	0
rna4172	1971	1936	7.37325	0.840155
rna4171	3055	3020	49.5248	3.61761
rna4170	2032	1997	92.3278	10.1991
rna4168	8964	8929	5022.65	124.09
rna4169	8865	8830	867.956	21.6842
rna4173	2405	2370	25	2.327
rna4174	1657	1622	142.496	19.3801
rna4175	1356	1321	208.504	34.8191
rna4176	2304	2269	916	89.0567
rna4177	2832	2797	122.964	9.69819
rna4178	2743	2708	63.23	5.15086
rna4180	1681	1646	0	0
rna4181	2727	2692	45.6087	3.73747
rna4179	2678	2643	44.1974	3.68897
rna4184	3381	3346	157.44	10.3799
rna4182	4094	4059	0	0
rna4183	4117	4082	166.386	8.99185
rna4185	1329	1294	0	0
rna4190	4078	4043	45.4014	2.47726
rna4189	4305	4270	0	0
rna4188	4340	4305	0	0
rna4186	4178	4143	0	0
rna4187	4220	4185	0	0
rna4191	3606	3571	25.5986	1.58136
rna4194	1526	1491	3.32423	0.491834
rna4192	1784	1749	25.3189	3.19346
rna4193	2133	2098	13.3568	1.40444
rna4195	4066	4031	645.925	35.3488
rna4196	1270	1235	299.075	53.4218
rna4197	610	575	32	12.2769
rna4198	2344	2309	127	12.1335
rna4199	2845	2810	807.581	63.3995
rna4201	1145	1110	25.4839	5.06463
rna4200	5883	5848	12644.9	476.996
rna4202	2267	2232	32	3.16272
rna4204	890	855	158.387	40.8656
rna4203	790	755	8.61344	2.51672
rna4205	5971	5936	540.936	20.1028
rna4206	3871	3836	0	0
rna4207	5842	5807	0.0303226	0.00115191
rna4208	5793	5758	673.041	25.7855
rna4209	1088	1053	7	1.46648
rna4210	254	219	0	0
rna4211	646	611	111.993	40.4348
rna4212	925	890	19	4.70944
rna4213	6791	6756	29.817	0.973597
rna4214	6786	6751	0	0
rna4215	6666	6631	11.9077	0.396147
rna4216	6699	6664	7.12277e-005	2.35787e-006
rna4217	6123	6088	49.0035	1.77565
rna4218	5170	5135	0	0
rna4223	2958	2923	30.4853	2.30074
rna4224	2980	2945	80.5396	6.03295
rna4225	3284	3249	55.4739	3.76656
rna4219	5501	5466	121.946	4.92158
rna4220	5512	5477	11.3507	0.457177
rna4221	6026	5991	36.14	1.33074
rna4222	6034	5999	7.47392	0.274837
rna4226	2120	2085	96.6666	10.2277
rna4227	2201	2166	654.195	66.6277
rna4228	1017	982	77.3319	17.3721
rna4230	1474	1439	4.16472	0.638455
rna4229	1470	1435	111.503	17.1412
rna4231	2147	2112	29.2279	3.05288
rna4232	2200	2165	19.0049	1.93648
rna4233	2252	2217	22.7672	2.26542
rna4234	78	43	0	0
rna4235	22	23	0	0
rna4236	91	56	0	0
rna4237	23	24	0	0
rna4241	880	845	0.32183	0.0840186
rna4238	3753	3718	0	0
rna4239	3372	3337	2.67817	0.177047
rna4240	4078	4043	0	0
rna4242	4535	4500	31	1.51969
rna4243	2901	2866	954.877	73.4982
rna4244	2928	2893	0.0183434	0.00139874
rna4245	2931	2896	965.105	73.516
rna4246	2345	2310	502	47.9399
rna4247	2581	2546	289	25.0406
rna4248	1087	1052	313	65.6348
rna4249	7086	7051	985.075	30.8194
rna4250	669	634	487.3	169.556
rna4251	1663	1628	70.6248	9.56992
rna4252	2348	2313	642.227	61.2517
rna4253	2159	2124	95.7273	9.9423
rna4254	2291	2256	51.2727	5.01364
rna4255	4419	4384	784	39.4504
rna4256	4085	4050	0	0
rna4257	2642	2607	434	36.7244
rna4258	1444	1409	117.417	18.3833
rna4259	1324	1289	197.696	33.8338
rna4260	1777	1742	547.887	69.3823
rna4261	3156	3121	332	23.4666
rna4263	6650	6615	126.64	4.22326
rna4262	6674	6639	0	0
rna4264	6661	6626	0.0292169	0.000972723
rna4265	6424	6389	4.36908e-006	1.50856e-007
rna4266	6411	6376	887.72	30.7138
rna4267	6481	6446	32.8103	1.12286
rna4268	6068	6033	346.983	12.6876
rna4269	733	698	355.437	112.334
rna4270	635	600	164.563	60.5045
rna4271	1428	1393	107	16.9449
rna4272	2863	2828	466.086	36.3573
rna4273	2094	2059	14.9141	1.59789
rna4274	817	782	1358.36	383.191
rna4278	1782	1747	0	0
rna4277	1715	1680	205.247	26.9509
rna4276	1856	1821	62.3897	7.55803
rna4275	1827	1792	144	17.7268
rna4279	6504	6469	1553.55	52.9777
rna4280	6501	6466	179.731	6.13188
rna4281	3747	3712	186.645	11.0921
rna4282	1287	1252	2.03176	0.357992
rna4283	2149	2114	14.0151	1.4625
rna4284	3208	3173	11.9849	0.833239
rna4285	3086	3051	0	0
rna4286	2955	2920	0	0
rna4287	2776	2741	6	0.48289
rna4288	3912	3877	193.805	11.0274
rna4289	3406	3371	498.195	32.6022
rna4290	12379	12344	0	0
rna4291	12442	12407	0	0
rna4292	12286	12251	75.8242	1.36534
rna4293	12444	12409	0	0
rna4294	12180	12145	426.087	7.73939
rna4295	12288	12253	0.000390762	7.03518e-006
rna4296	12222	12187	375.383	6.79491
rna4297	11074	11039	0	0
rna4298	9998	9963	2887.7	63.9392
rna4299	3449	3414	30	1.93849
rna4300	2680	2645	0	0
rna4301	3501	3466	0	0
rna4302	2406	2371	0	0
rna4304	5483	5448	297.976	12.0656
rna4303	1827	1792	42	5.17031
rna4305	141	106	12.0241	25.0237
rna4306	717	682	57	18.4372
rna4307	1249	1214	427	77.5916
rna4311	841	806	9.82677	2.68956
rna4309	1036	1001	0	0
rna4310	1088	1053	77.377	16.2102
rna4308	751	716	356.702	109.9
rna4312	890	855	0	0
rna4313	767	732	243.094	73.2603
rna4314	1681	1646	205	27.4745
rna4315	834	799	410	113.199
rna4316	1728	1693	10	1.30301
rna4317	1251	1216	49.2576	8.93604
rna4318	927	892	7	1.73117
rna4319	7043	7008	6.00052	0.188886
rna4320	9967	9932	229.231	5.09146
rna4321	7540	7505	352.127	10.3503
rna4322	5230	5195	435.69	18.5011
rna4323	1963	1928	938.967	107.436
rna4324	1990	1955	1148.98	129.65
rna4325	811	776	0	0
rna4327	1586	1551	11.1895	1.5915
rna4328	1601	1566	0	0
rna4329	1604	1569	46.7917	6.57888
rna4326	1415	1380	91.0187	14.5498
rna4330	1153	1118	242	47.7506
rna4331	1253	1218	231.06	41.8488
rna4332	4497	4462	2191.47	108.345
rna4333	4605	4570	1015.47	49.0183
rna4334	2963	2928	469.086	35.3417
rna4337	4656	4621	110.884	5.29344
rna4338	4893	4858	0	0
rna4336	4631	4596	1419.84	68.15
rna4335	4822	4787	75.1885	3.46492
rna4339	4020	3985	48.5197	2.68593
rna4340	3904	3869	80.1644	4.57076
rna4341	3608	3573	313.143	19.3337
rna4342	3543	3508	170.173	10.7013
rna4343	93	58	0	0
rna4344	24	25	0	0
rna4345	1405	1370	285	45.8913
rna4346	2559	2524	558	48.7697
rna4347	869	834	237	62.6885
rna4348	2222	2187	212	21.3842
rna4349	565	530	354	147.344
rna4350	2122	2087	240	25.3685
rna4351	1377	1342	340	55.8897
rna4352	1540	1505	188	27.5567
rna4353	6713	6678	636.946	21.0408
rna4354	6300	6265	259.345	9.13191
rna4355	5633	5598	643.71	25.3666
rna4356	761	726	95	28.8664
rna4357	7037	7002	748.09	23.5688
rna4358	7039	7004	59.5831	1.87665
rna4359	6939	6904	1327.33	42.4114
rna4360	2936	2901	3449.68	262.323
rna4361	2909	2874	3163.32	242.808
rna4363	461	426	941.593	487.595
rna4362	495	460	53.407	25.6121
rna4364	6602	6567	58.1512	1.95343
rna4365	6587	6552	865.849	29.1524
rna4366	2228	2193	309.71	31.1546
rna4368	2198	2163	503.541	51.3552
rna4367	2183	2148	4.74912	0.487736
rna4369	2369	2334	35	3.30806
rna4370	2455	2420	10	0.911571
rna4371	7312	7277	8.89976e-006	2.69793e-007
rna4372	7296	7261	82.3766	2.50272
rna4373	7556	7521	0	0
rna4374	7588	7553	0	0
rna4375	7507	7472	17.4961	0.516546
rna4376	7506	7471	0	0
rna4377	7539	7504	0	0
rna4378	7368	7333	61.8229	1.85983
rna4379	7401	7366	72.6697	2.17634
rna4380	7317	7282	1.58064e-006	4.78837e-008
rna4381	7536	7501	0	0
rna4382	7530	7495	0	0
rna4383	7433	7398	0	0
rna4384	7381	7346	12.5922	0.378143
rna4385	7477	7442	0	0
rna4386	7396	7361	103.707	3.10798
rna4387	7429	7394	1130	33.7136
rna4388	7322	7287	5699.98	172.556
rna4389	6301	6266	144.733	5.09546
rna4390	6191	6156	34.6508	1.24171
rna4396	7601	7566	2	0.0583135
rna4397	15839	15804	32	0.446672
rna4391	6002	5967	0.0041463	0.000153289
rna4392	5945	5910	5.28456	0.197254
rna4398	6500	6465	2	0.0682444
rna4393	6842	6807	2472.32	80.1227
rna4394	6196	6161	0	0
rna4395	6041	6006	791.352	29.0663
rna4399	1022	987	154	34.4199
rna4400	2166	2131	28.7973	2.98108
rna4401	2052	2017	7.87891	0.861719
rna4402	863	828	0	0
rna4403	2036	2001	16.675	1.83833
rna4404	1796	1761	113.787	14.254
rna4410	8359	8324	176.116	4.66736
rna4409	8157	8122	1613.52	43.8244
rna4408	8574	8539	410.334	10.6007
rna4407	8736	8701	0	0
rna4405	8676	8641	0	0
rna4406	8712	8677	0	0
rna4412	5895	5860	77.7125	2.92549
rna4411	5836	5801	1.94113e-005	7.38171e-007
rna4413	5876	5841	13.1213	0.49556
rna4414	70	35	0	0
rna4415	19	20	0	0
rna4416	19	20	0	0
rna4417	1088	1053	146.013	30.5893
rna4418	1730	1695	231.987	30.1925
rna4419	1260	1225	345	62.1282
rna4421	1455	1420	5.65737	0.878885
rna4420	1204	1169	73.3426	13.8404
rna4422	1488	1453	452.639	68.7213
rna4423	1592	1557	31.3614	4.44337
rna4424	1594	1559	0	0
rna4425	2771	2736	175.052	14.1142
rna4426	2349	2314	33.16	3.16124
rna4427	2210	2175	152.788	15.4966
rna4428	1957	1922	45	5.16493
rna4429	1656	1621	134	18.2359
rna4430	646	611	219	79.0694
rna4431	621	586	124.279	46.7849
rna4432	582	547	51.721	20.8586
rna4433	1690	1655	0	0
rna4434	1687	1652	116	15.4901
rna4435	11351	11316	517.515	10.0887
rna4438	918	883	0	0
rna4437	785	750	0	0
rna4436	776	741	3.0834	0.917946
rna4439	1324	1289	257	43.9831
rna4440	451	416	0	0
rna4441	669	634	0	0
rna4442	2319	2284	246	23.7599
rna4443	2714	2679	157.752	12.9899
rna4444	2725	2690	1.24826	0.102367
rna4445	1429	1394	6	0.949498
rna4446	773	738	0	0
rna4447	6189	6154	22.9398	0.822313
rna4448	6378	6343	55.4861	1.92972
rna4450	6420	6385	0	0
rna4451	4562	4527	293.178	14.2865
rna4449	6295	6260	29.8698	1.0526
rna4452	4814	4779	174.643	8.0616
rna4453	5062	5027	121.2	5.31865
rna4454	5038	5003	0.682051	0.0300741
rna4455	87	52	14	59.3923
rna4456	21	22	0	0
rna4457	10905	10870	8332.09	169.095
rna4458	1903	1868	58.0395	6.85413
rna4459	1809	1774	75.9605	9.44582
rna4460	3676	3641	443.1	26.8465
rna4461	3448	3413	0	0
rna4464	3044	3009	47.9361	3.51436
rna4463	3318	3283	23.9635	1.61022
rna4462	3093	3058	2.48657e-007	1.79378e-008
rna4465	657	622	13.0947	4.64421
rna4466	586	551	22.9583	9.19167
rna4467	562	527	10.6553	4.46025
rna4468	1492	1457	21.2917	3.22371
rna4469	8491	8456	2163.64	56.445
rna4470	1179	1144	207.41	39.9953
rna4471	1057	1022	62.5903	13.5102
rna4472	3870	3835	838.222	48.2169
rna4473	2156	2121	47.275	4.91696
rna4474	1907	1872	39.5028	4.65509
rna4475	1500	1465	0	0
rna4478	1738	1703	191.065	24.7498
rna4477	2048	2013	64.9355	7.11613
rna4476	1769	1734	1.06832e-007	1.35912e-008
rna4479	761	726	0	0
rna4481	771	736	64.6152	19.367
rna4480	758	723	0.000387522	0.00011824
rna4483	807	772	0	0
rna4482	771	736	103.384	30.9872
rna4484	87	52	0	0
rna4485	22	23	0	0
rna4486	3156	3121	1451	102.56
rna4487	1883	1848	0	0
rna4488	1110	1075	38	7.79796
rna4493	5065	5030	192.044	8.42246
rna4492	2299	2264	227.255	22.1433
rna4491	2553	2518	148.701	13.0276
rna4490	2570	2535	0	0
rna4489	2385	2350	0	0
rna4495	3097	3062	429.916	30.9731
rna4494	3089	3054	149.084	10.7688
rna4496	1793	1758	1038	130.252
rna4497	8222	8187	1306	35.1904
rna4498	8210	8175	0.0006612	1.78423e-005
rna4499	3149	3114	1876	132.898
rna4500	590	555	3	1.19243
rna4501	1694	1659	11	1.46269
rna4502	1168	1133	216	42.0561
rna4503	910	875	0	0
rna4504	2763	2728	1082	87.4961
rna4505	2590	2555	470.908	40.6584
rna4506	742	707	438.608	136.856
rna4507	1569	1534	233.484	33.5767
rna4508	1604	1569	424	59.614
rna4509	901	866	550	140.104
rna4510	4649	4614	561	26.822
rna4513	1207	1172	0	0
rna4511	1147	1112	1	0.198381
rna4512	1192	1157	0	0
rna4514	2914	2879	29.7984	2.28327
rna4515	3767	3732	796.165	47.0616
rna4516	5600	5565	0.000306888	1.21652e-005
rna4517	5858	5823	0	0
rna4518	5969	5934	27.464	1.02099
rna4519	13339	13304	6.82829	0.113223
rna4520	2477	2442	24947	2253.61
rna4521	672	637	533	184.584
rna4522	4449	4414	9296.96	464.638
rna4523	3172	3137	1512.6	106.369
rna4524	2570	2535	61.8943	5.38614
rna4525	8219	8184	7170.5	193.281
rna4526	1521	1486	938.75	139.36
rna4527	1008	973	679.908	154.15
rna4528	1616	1581	0	0
rna4529	718	683	56.3416	18.1976
rna4532	1011	976	10.7695	2.43418
rna4531	998	963	0	0
rna4530	1006	971	7.92974	1.80155
rna4533	1829	1794	6.30073	0.774772
rna4535	1702	1667	0	0
rna4534	1647	1612	8.36762	1.1451
rna4536	1008	973	6.02846	1.36678
rna4537	1544	1509	4.81298	0.703608
rna4538	1418	1383	4	0.638033
rna4540	1667	1632	1.25499	0.16964
rna4539	1734	1699	0	0
rna4542	521	486	0	0
rna4541	337	302	3.62053	2.64466
rna4543	1420	1385	0	0
rna4544	1354	1319	4.68468	0.783503
rna4548	2535	2500	0	0
rna4545	2602	2567	9.23074	0.793261
rna4546	2737	2702	0	0
rna4547	2741	2706	0	0
rna4549	1576	1541	2	0.286308
rna4550	1531	1496	0	0
rna4551	1362	1327	2	0.332479
rna4552	1569	1534	20	2.87614
rna4553	1352	1317	17	2.84753
rna4554	1745	1710	28.7395	3.70756
rna4555	1388	1353	5.2605	0.8577
rna4556	1399	1364	8.51172	1.3766
rna4557	1354	1319	3.48828	0.583407
rna4558	2399	2364	15.9175	1.48537
rna4559	2321	2286	11.766	1.13542
rna4560	2333	2298	0	0
rna4561	2255	2220	0	0
rna4563	1911	1876	0	0
rna4564	1983	1948	0	0
rna4562	1216	1181	22.3165	4.16852
rna4565	1198	1163	0	0
rna4566	1421	1386	8	1.2733
rna4567	1418	1383	65	10.368
rna4568	1269	1234	35	6.25689
rna4571	1527	1492	17.8915	2.64536
rna4570	1848	1813	0	0
rna4569	1844	1809	27.1085	3.30577
rna4572	1699	1664	21.8895	2.90194
rna4573	1359	1324	13	2.16601
rna4574	1662	1627	6.11046	0.828498
rna4575	1630	1595	0	0
rna4576	1354	1319	9.24201	1.54571
rna4577	914	879	19.2904	4.84125
rna4578	1396	1361	4.83611	0.783869
rna4579	1242	1207	13	2.37597
rna4580	1664	1629	52.7976	7.14988
rna4582	3144	3109	15.2889	1.08483
rna4581	2775	2740	0.762872	0.0614196
rna4583	1355	1320	55.7821	9.32238
rna4586	1636	1601	15.9788	2.20169
rna4585	1628	1593	11.4449	1.5849
rna4584	1660	1625	23.5764	3.20059
rna4587	436	401	13.2052	7.26449
rna4588	1883	1848	50.7066	6.05297
rna4589	1549	1514	0	0
rna4590	1588	1553	0	0
rna4591	1599	1564	51.0882	7.20592
rna4592	1446	1411	162	25.3276
rna4593	1678	1643	137.44	18.4536
rna4594	1681	1646	41.0115	5.49644
rna4595	1561	1526	47.2372	6.82866
rna4596	1221	1186	36.5292	6.79456
rna4597	1595	1560	66.0514	9.34035
rna4598	1665	1630	27.5274	3.72548
rna4599	1800	1765	7	0.874901
rna4600	1221	1186	7.40558	1.37746
rna4601	1867	1832	10	1.20415
rna4602	377	342	1	0.645029
rna4603	1739	1704	15.5944	2.01886
rna4604	788	753	0	0
rna4605	1444	1409	13	2.03534
rna4606	1447	1412	6	0.937394
rna4607	1512	1477	7.20326	1.07586
rna4608	333	298	1	0.740269
rna4609	1559	1524	6.37507	0.922796
rna4610	1562	1527	0.624926	0.0902807
rna4611	1477	1442	17	2.60069
rna4613	1872	1837	9.6424	1.15793
rna4612	1818	1783	10.9044	1.34913
rna4614	1227	1192	1.45324	0.268948
rna4616	588	553	4	1.59566
rna4615	528	493	0	0
rna4618	1512	1477	0	0
rna4617	1597	1562	3	0.423688
rna4619	1228	1193	0	0
rna4620	1221	1186	7	1.30202
rna4621	1239	1204	9.66597	1.77102
rna4622	1608	1573	6.33403	0.888295
rna4623	1643	1608	0	0
rna4625	1637	1602	8	1.10162
rna4624	1560	1525	0	0
rna4626	1227	1192	3	0.555202
rna4627	1802	1767	0	0
rna4628	2612	2577	19.5609	1.67448
rna4629	1224	1189	19.4391	3.60661
rna4630	1230	1195	16.3699	3.02192
rna4631	1157	1122	3.63014	0.713733
rna4634	1587	1552	37.6469	5.3511
rna4632	1653	1618	0	0
rna4633	1542	1507	0	0
rna4635	1314	1279	63	10.8661
rna4636	1572	1537	20.3531	2.92121
rna4637	5648	5613	308.03	12.1061
rna4638	5484	5449	363.97	14.7351
rna4639	608	573	9	3.46492
rna4640	2572	2537	281	24.4338
rna4641	1518	1483	41.4328	6.16323
rna4642	1530	1495	217.567	32.1039
rna4643	1923	1888	194.83	22.7646
rna4644	2145	2110	18.214	1.90427
rna4645	1940	1905	8.09475e-006	9.37377e-007
rna4646	1806	1771	133.956	16.6859
rna4649	5774	5739	479.227	18.4209
rna4648	6460	6425	707.071	24.277
rna4647	6643	6608	20.7021	0.691116
rna4650	6469	6434	0	0
rna4651	3448	3413	334	21.5882
rna4652	2256	2221	633	62.8725
rna4653	2842	2807	305.22	23.987
rna4654	518	483	58	26.4903
rna4655	4842	4807	213.528	9.79909
rna4656	4842	4807	2072.48	95.1088
rna4657	3388	3353	5.69885	0.374938
rna4658	3403	3368	26.4299	1.73113
rna4659	3406	3371	9.23504	0.604346
rna4664	2956	2921	0	0
rna4665	2960	2925	116.641	8.79691
rna4663	2684	2649	451.009	37.5585
rna4662	2810	2775	109.984	8.74321
rna4661	2844	2809	6.24184e-005	4.90192e-006
rna4660	2793	2758	0	0
rna4666	2523	2488	76	6.73859
rna4667	571	536	620	255.172
rna4668	6441	6406	469.882	16.1811
rna4669	6509	6474	583.118	19.8696
rna4670	5030	4995	812.679	35.8913
rna4671	4778	4743	673.612	31.3301
rna4672	1186	1151	22622	4335.72
rna4673	1182	1147	17799	3423.24
rna4674	1671	1636	92	12.4054
rna4676	1233	1198	2896.44	533.352
rna4675	1495	1460	66.555	10.0562
rna4677	633	598	18.4	6.78769
rna4678	568	533	6.6	2.73163
rna4679	6885	6850	0	0
rna4680	7520	7485	76.4598	2.25345
rna4681	7469	7434	317.051	9.40832
rna4682	4572	4537	172	8.36306
rna4683	5074	5039	23.3287	1.0213
rna4684	4965	4930	0	0
rna4685	4858	4823	490.671	22.4429
rna4686	5052	5017	0	0
rna4687	841	806	148	40.5072
rna4688	1257	1222	171	30.8696
rna4689	1576	1541	56	8.01661
rna4690	82	47	0	0
rna4691	22	23	0	0
rna4692	613	578	3	1.14498
rna4693	621	586	0	0
rna4694	1308	1273	979	169.652
rna4695	3914	3879	1126	64.036
rna4696	6280	6245	335.916	11.866
rna4697	6160	6125	348.695	12.5587
rna4698	6271	6236	29.3891	1.03965
rna4699	1575	1540	154.832	22.1792
rna4700	8173	8138	19503.1	528.678
rna4701	4464	4429	0	0
rna4702	4461	4426	0	0
rna4703	4293	4258	1357.94	70.3528
rna4704	4290	4255	95.9946	4.97683
rna4705	4448	4413	1770.68	88.5142
rna4706	4445	4410	555.373	27.7813
rna4707	4824	4789	159	7.32416
rna4708	2974	2939	256	19.2152
rna4709	1084	1049	38.715	8.14159
rna4710	1339	1304	0	0
rna4711	1315	1280	150.583	25.952
rna4712	1535	1500	196.457	28.8923
rna4713	1356	1321	261.245	43.6266
rna4714	1465	1430	367	56.6155
rna4715	4390	4355	155.427	7.87309
rna4716	4399	4364	13.5726	0.686095
rna4717	72	37	0	0
rna4718	72	37	0	0
rna4719	72	37	0	0
rna4720	72	37	0	0
rna4721	72	37	0	0
rna4722	80	45	0	0
rna4723	72	37	0.277778	1.65616
rna4724	72	37	0	0
rna4725	83	48	0	0
rna4726	405	370	0	0
rna4732	19382	19347	0	0
rna4731	29666	29631	0	0
rna4730	28344	28309	2.25982e-005	1.76098e-007
rna4729	19152	19117	0	0
rna4728	30318	30283	36.8706	0.268588
rna4727	10818	10783	0	0
rna4734	28534	28499	16.8056	0.130086
rna4733	20993	20958	0	0
rna4736	29063	29028	0	0
rna4735	23554	23519	3.84514	0.036066
rna4737	715	680	0.487835	0.158259
rna4738	6689	6654	20.042	0.664454
rna4739	5039	5004	29.0156	1.27915
rna4740	8586	8551	743.914	19.1916
rna4741	2200	2165	5	0.509469
rna4743	2324	2289	0	0
rna4742	2254	2219	5	0.497071
rna4747	1304	1269	3.93437	0.683941
rna4744	1302	1267	25.3436	4.41263
rna4745	1372	1337	19.1768	3.1641
rna4746	1625	1590	0	0
rna4749	1440	1405	6.4684	1.01561
rna4748	2242	2207	11.5316	1.15264
rna4750	2003	1968	0	0
rna4751	72	37	0	0
rna4752	72	37	0	0
rna4753	72	37	0	0
rna4754	72	37	0	0
rna4755	72	37	0	0
rna4756	72	37	0	0
rna4757	72	37	0.277778	1.65616
rna4758	73	38	0	0
rna4759	72	37	0	0
rna4760	719	684	0	0
rna4761	1153	1118	138	27.2297
rna4762	2016	1981	634	70.6009
rna4763	3337	3302	0	0
rna4764	2652	2617	73	6.15354
rna4765	3409	3374	0	0
rna4766	2723	2688	0	0
rna4767	4148	4113	316.447	16.9726
rna4768	114	79	0	0
rna4769	22	23	0	0
rna4770	82	47	0	0
rna4771	6497	6462	22	0.751037
rna4772	6939	6904	142.645	4.55785
rna4773	6697	6662	104.974	3.47601
rna4775	94	59	0	0
rna4776	22	23	0	0
rna4774	6341	6306	75.6655	2.64697
rna4777	945	910	615.768	149.273
rna4778	857	822	16.9488	4.54854
rna4779	2384	2349	421.942	39.6256
rna4780	2170	2135	87.601	9.05142
rna4782	2152	2117	0	0
rna4781	2469	2434	107.276	9.7227
rna4783	1774	1739	19.9063	2.52521
rna4784	1189	1154	210.275	40.1963
rna4785	8512	8477	5611.7	146.035
rna4786	21483	21448	141.488	1.45525
rna4787	3914	3879	1296.57	73.7364
rna4790	2784	2749	0	0
rna4789	3019	2984	0	0
rna4788	3506	3471	139.028	8.83593
rna4791	1317	1282	25	4.30187
rna4792	1075	1040	1113.32	236.152
rna4793	617	582	3674.88	1392.92
rna4794	981	946	184.791	43.0919
rna4795	1070	1035	165.007	35.1696
rna4796	2622	2587	43.1489	3.67942
rna4797	2708	2673	103.851	8.57073
rna4798	470	435	3878	1966.64
rna4799	512	477	11	5.08721
rna4800	417	382	7	4.04241
rna4801	3272	3237	2557.89	174.319
rna4806	2943	2908	1112.96	84.4287
rna4805	3478	3443	268.932	17.231
rna4804	3385	3350	27.774	1.82894
rna4803	2984	2949	107.702	8.05666
rna4802	4302	4267	128.588	6.64789
rna4807	3175	3140	25.0459	1.75959
rna4808	4800	4765	462	21.3887
rna4809	1718	1683	298.998	39.1914
rna4810	1726	1691	0.000175281	2.28664e-005
rna4811	1723	1688	0.00142719	0.000186516
rna4812	2310	2275	155	15.0299
rna4813	1224	1189	1	0.185534
rna4814	764	729	0	0
rna4816	1205	1170	20.5625	3.877
rna4815	1621	1586	11.4375	1.59087
rna4817	4139	4104	175.819	9.45072
rna4818	2982	2947	8.18067	0.612371
rna4820	4382	4347	0	0
rna4819	3979	3944	3	0.167799
rna4821	7929	7894	237.779	6.64479
rna4822	7995	7960	0	0
rna4823	7775	7740	0	0
rna4824	7983	7948	0	0
rna4825	7763	7728	473.858	13.5265
rna4826	7341	7306	0	0
rna4827	7833	7798	0	0
rna4828	7674	7639	0	0
rna4829	7512	7477	24.7125	0.729113
rna4830	8328	8293	346.555	9.21861
rna4831	6793	6758	1114.03	36.3651
rna4832	7220	7185	101.023	3.10168
rna4833	6820	6785	10.0416	0.326481
rna4834	3618	3583	1245	76.6528
rna4835	3805	3770	527.08	30.8419
rna4836	1201	1166	211	39.9199
rna4837	2163	2128	70.3774	7.29571
rna4838	837	802	95.6226	26.3022
rna4840	1039	1004	130.392	28.6498
rna4839	1687	1652	82.257	10.9842
rna4841	754	719	9.0293	2.77033
rna4842	841	806	46.3218	12.6782
rna4843	3435	3400	36	2.33577
rna4844	2067	2032	0	0
rna4845	2080	2045	23	2.48108
rna4846	4696	4661	942.603	44.6124
rna4847	4861	4826	28.3975	1.29807
rna4848	3102	3067	30	2.15781
rna4849	3264	3229	0	0
rna4852	2153	2118	0	0
rna4851	2457	2422	36.5585	3.32981
rna4850	1927	1892	84.4415	9.84556
rna4853	1622	1587	2159	300.111
rna4854	922	887	33954.8	8444.69
rna4856	7395	7360	20512.7	614.823
rna4855	7374	7339	557875	16769
rna4859	1322	1287	0	0
rna4858	1285	1250	0	0
rna4857	1235	1200	327	60.1135
rna4860	1730	1695	51.7463	6.73465
rna4861	1744	1709	259.254	33.4648
rna4862	1299	1264	209	36.4758
rna4863	12671	12636	2177.59	38.0165
rna4864	13436	13401	1089.08	17.9278
rna4865	13365	13330	0.00224137	3.70928e-005
rna4866	3748	3713	1136.42	67.5182
rna4867	907	872	244.577	61.8736
rna4868	1145	1110	207.166	41.1719
rna4869	2669	2634	1067.41	89.3966
rna4870	2369	2334	2421.42	228.863
rna4871	3071	3036	17.7064	1.28658
rna4872	2937	2902	0	0
rna4873	2461	2426	0	0
rna4874	2423	2388	8.44341e-007	7.7999e-008
rna4875	2397	2362	199.294	18.6131
rna4876	1744	1709	277	35.7555
rna4877	1713	1678	587	77.1706
rna4878	5487	5452	0	0
rna4879	5427	5392	2.20782	0.0903275
rna4880	5358	5323	138.561	5.74238
rna4881	5467	5432	0	0
rna4882	5407	5372	1.48101	0.0608174
rna4883	5338	5303	93.8415	3.90372
rna4884	5458	5423	29.913	1.21682
rna4885	5398	5363	9.98748e-007	4.10822e-008
rna4886	5413	5378	8.5753e-007	3.5175e-008
rna4887	5353	5318	1494.19	61.9818
rna4888	5428	5393	2.27468e-007	9.30456e-009
rna4889	5368	5333	376.559	15.5764
rna4890	7062	7027	2.89217e-006	9.07946e-008
rna4891	7002	6967	33.6345	1.06499
rna4892	6933	6898	835.802	26.7292
rna4893	6508	6473	2.31964e-007	7.90532e-009
rna4894	6447	6412	13.267	0.45644
rna4895	6378	6343	435.143	15.1336
rna4896	6307	6272	0	0
rna4897	6234	6199	0	0
rna4898	6269	6234	0	0
rna4899	6242	6207	0	0
rna4900	6280	6245	0	0
rna4901	5841	5806	309.351	11.7538
rna4902	6168	6133	0	0
rna4903	6013	5978	0	0
rna4904	6087	6052	0	0
rna4905	5989	5954	0	0
rna4906	5988	5953	0	0
rna4907	5951	5916	1073.94	40.046
rna4908	5925	5890	0	0
rna4909	5838	5803	0	0
rna4910	5772	5737	1527.23	58.7253
rna4911	5616	5581	399.155	15.7774
rna4912	5911	5876	0	0
rna4913	5413	5378	3.20398e-008	1.31424e-009
rna4914	5353	5318	57.0815	2.36784
rna4915	5284	5249	3874.44	162.831
rna4916	8058	8023	0	0
rna4917	8030	7995	105.026	2.89789
rna4918	8088	8053	213.66	5.8529
rna4919	8060	8025	1220.45	33.5492
rna4920	7901	7866	652.539	18.3003
rna4924	1804	1769	8847	1103.25
rna4921	7903	7868	0	0
rna4922	7939	7904	1431.25	39.946
rna4923	7468	7433	5672.82	168.36
rna4925	3072	3037	82	5.95627
rna4926	5420	5385	407.01	16.6734
rna4927	140	105	1	2.10095
rna4928	22	23	0	0
rna4929	2038	2003	55.8812	6.15447
rna4930	430	395	19.5785	10.9342
rna4933	1130	1095	272.886	54.9759
rna4932	1362	1327	22.1143	3.67628
rna4931	1217	1182	0	0
rna4934	2235	2200	615	61.6677
rna4935	4656	4621	888.397	42.4108
rna4937	3262	3227	16.0429	1.09671
rna4936	3816	3781	375.709	21.9205
rna4938	2900	2865	233.253	17.9601
rna4939	1750	1715	559.138	71.9218
rna4944	1931	1896	648.891	75.4986
rna4943	1967	1932	1.46161e-007	1.6689e-008
rna4941	1951	1916	447.444	51.5168
rna4942	1972	1937	0	0
rna4940	1806	1771	13.0644	1.62734
rna4945	705	670	67	22.06
rna4946	1291	1256	164	28.8045
rna4948	1452	1417	97.2055	15.1331
rna4947	1605	1570	121.794	17.1133
rna4950	2596	2561	340	29.287
rna4949	2595	2560	0	0
rna4952	2929	2894	580.071	44.2169
rna4951	2927	2892	332.929	25.3956
rna4953	2110	2075	358.34	38.0963
rna4954	869	834	15.3028	4.04771
rna4955	760	725	279.494	85.0434
rna4956	3658	3623	1834.96	111.728
rna4957	3062	3027	45.0443	3.28271
rna4958	712	677	79	25.7421
rna4959	2666	2631	358	30.017
rna4960	5494	5459	1631.39	65.925
rna4962	4030	3995	132.272	7.30393
rna4963	4046	4011	7.98552	0.439194
rna4964	4055	4020	0.565885	0.0310533
rna4965	4125	4090	2.96505e-007	1.59924e-008
rna4961	3870	3835	0	0
rna4966	1292	1257	40.2776	7.0686
rna4967	691	656	13.5332	4.55095
rna4968	3703	3668	159.221	9.57582
rna4972	3677	3642	60.6696	3.67482
rna4969	3771	3736	211.015	12.4598
rna4970	3657	3622	1.37698e-005	8.38661e-007
rna4971	3682	3647	0	0
rna4973	3460	3425	335.687	21.6212
rna4974	3454	3419	0.000219418	1.41573e-005
rna4975	3342	3307	0.000916254	6.11205e-005
rna4976	3481	3446	336.406	21.5355
rna4977	1176	1141	217	41.9546
rna4978	1442	1407	1	0.156788
rna4979	72	37	0	0
rna4982	9354	9319	379.47	8.98285
rna4981	9364	9329	0.142602	0.00337207
rna4980	9161	9126	1302.39	31.4822
rna4983	2208	2173	0	0
rna4984	5199	5164	525	22.4274
rna4986	2086	2051	144.008	15.4891
rna4985	2104	2069	219.992	23.4559
rna4987	16695	16660	154.099	2.04047
rna4988	16695	16660	19.2366	0.254717
rna4989	16746	16711	5326.33	70.3123
rna4990	16740	16705	13.6937	0.180834
rna4991	16710	16675	59.3788	0.785546
rna4992	16740	16705	969.177	12.7986
rna4993	16755	16720	42.1823	0.556544
rna4994	16815	16780	6503.85	85.5035
rna4995	16740	16705	122.054	1.6118
rna4996	3539	3504	22	1.38505
rna4997	1816	1781	119.07	14.7484
rna4999	5084	5049	0	0
rna4998	7441	7406	2263.63	67.4259
rna5003	7248	7213	1713.26	52.3978
rna5001	7677	7642	840.458	24.2613
rna5002	7659	7624	1003.3	29.0304
rna5000	7603	7568	736.75	21.4756
rna5004	7233	7198	43.0291	1.31873
rna5005	7215	7180	52.236	1.60491
rna5008	6818	6783	324.052	10.539
rna5007	7509	7474	11.8564	0.34995
rna5006	7506	7471	0	0
rna5009	1249	1214	281	51.0615
rna5017	6744	6709	2036.47	66.9617
rna5018	6762	6727	407.775	13.3723
rna5010	6820	6785	0	0
rna5011	6838	6803	0	0
rna5012	6946	6911	0	0
rna5013	6156	6121	1170.3	42.1773
rna5014	6964	6929	0	0
rna5015	6892	6857	71.9917	2.31608
rna5016	6910	6875	14.7857	0.474432
rna5019	2665	2630	4.92172	0.412825
rna5020	2740	2705	0	0
rna5021	3058	3023	21.9376	1.60087
rna5022	2369	2334	46.0624	4.35363
rna5023	3161	3126	326	23.0056
rna5024	4451	4416	429.515	21.4563
rna5025	3831	3796	118.485	6.8856
rna5026	2385	2350	284	26.6598
rna5027	1471	1436	1981	304.324
rna5028	761	726	9	2.73471
rna5029	2847	2812	535.198	41.986
rna5030	2938	2903	63.8022	4.84835
rna5031	870	835	1235	326.277
rna5032	1577	1542	66	9.44203
rna5033	1781	1746	4330	547.078
rna5034	1542	1507	243	35.5712
rna5035	1527	1492	0.000242576	3.58662e-005
rna5040	6905	6870	155.433	4.99106
rna5039	7050	7015	193.183	6.07501
rna5036	6886	6851	899.166	28.9529
rna5037	6937	6902	5.03652e-005	1.60976e-006
rna5038	6901	6866	1175.22	37.759
rna5041	1243	1208	415	75.7856
rna5042	1289	1254	103	18.1195
rna5043	1000	965	479	109.5
rna5044	863	828	2088	556.296
rna5045	1173	1138	36	6.97856
rna5046	1867	1832	13	1.56539
rna5047	1381	1346	0	0
rna5048	14103	14068	0.000162571	2.54928e-006
rna5049	13962	13927	100.986	1.59959
rna5050	14100	14065	0.000209137	3.28018e-006
rna5051	13538	13503	102.048	1.66716
rna5052	8253	8218	673.906	18.09
rna5053	8183	8148	532.167	14.408
rna5054	7525	7490	781.55	23.0187
rna5055	7876	7841	5.17511e-005	1.45598e-006
rna5056	7453	7418	830.408	24.6951
rna5057	7804	7769	2.64742e-006	7.51733e-008
rna5058	7890	7855	375.217	10.5376
rna5059	336	301	623.383	456.871
rna5060	2015	1980	1	0.111414
rna5061	4435	4400	403.306	20.2203
rna5062	4299	4264	1.0487e-007	5.42551e-009
rna5063	4154	4119	204.48	10.9513
rna5064	5043	5008	164.737	7.25658
rna5066	1138	1103	590.642	118.128
rna5065	1285	1250	478.614	84.4658
rna5068	3404	3369	245.403	16.0688
rna5067	3443	3408	326.597	21.1407
rna5069	2849	2814	18.4912	1.4496
rna5070	2661	2626	0	0
rna5071	2916	2881	16.5088	1.26409
rna5072	2123	2088	0	0
rna5073	1924	1889	8	0.934251
rna5074	1248	1213	0	0
rna5075	2387	2352	0	0
rna5076	2512	2477	19.9466	1.77643
rna5077	1146	1111	6.05344	1.20197
rna5079	721	686	4.40021e-007	1.415e-007
rna5078	710	675	86	28.1061
rna5080	3736	3701	107	6.37779
rna5081	4180	4145	74.6938	3.97526
rna5082	4188	4153	7.6616	0.406971
rna5083	4095	4060	435.645	23.6707
rna5085	1151	1116	126.383	24.9822
rna5084	1214	1179	14.6168	2.73492
rna5086	72	37	0.277778	1.65616
rna5087	1763	1728	1134	144.769
rna5088	4527	4492	1764.92	86.6742
rna5089	4062	4027	609	33.3612
rna5090	1207	1172	4	0.752901
rna5091	8442	8407	0	0
rna5092	8240	8205	7.2659e-006	1.95351e-007
rna5093	8226	8191	196.224	5.28469
rna5094	8162	8127	0	0
rna5095	8469	8434	811.047	21.2138
rna5096	7422	7387	2.1308e-005	6.36327e-007
rna5097	7411	7376	2225.33	66.5548
rna5098	8254	8219	402.356	10.7994
rna5099	7294	7259	706.45	21.4689
rna5101	2041	2006	0	0
rna5100	2103	2068	26	2.7735
rna5102	2379	2344	0	0
rna5103	2629	2594	11	0.935467
rna5104	1965	1930	355	40.5767
rna5112	2198	2163	490.361	50.011
rna5110	2272	2237	0	0
rna5111	2341	2306	60.18	5.75703
rna5109	2996	2961	2087.72	155.539
rna5107	3064	3029	0	0
rna5108	3070	3035	12.2128	0.887694
rna5105	3137	3102	0	0
rna5106	3206	3171	280.526	19.5156
rna5113	3283	3248	12.7504	0.865989
rna5114	3037	3002	3.00648	0.220929
rna5115	3028	2993	104.243	7.68328
rna5118	5658	5623	0.297169	0.0116584
rna5119	5715	5680	73.9189	2.87087
rna5120	6022	5987	1.49563e-005	5.51087e-007
rna5121	6025	5990	8.69007	0.320039
rna5122	6052	6017	0	0
rna5123	6052	6017	271.672	9.96026
rna5124	6076	6041	92.369	3.37305
rna5125	6079	6044	0	0
rna5116	5544	5509	0.0527156	0.00211092
rna5117	5601	5566	2.76925e-007	1.09755e-008
rna5126	2135	2100	414.504	43.5427
rna5127	2124	2089	23.5155	2.48326
rna5128	2077	2042	130.98	14.15
rna5129	4234	4199	360.584	18.9438
rna5130	3688	3653	369.732	22.3277
rna5131	3592	3557	2055.57	127.483
rna5132	1335	1300	180	30.5446
rna5133	2178	2143	502.742	51.7522
rna5134	2018	1983	5105.98	568.018
rna5135	2760	2725	328.96	26.6307
rna5136	2257	2222	600.314	59.5991
rna5137	1208	1173	41	7.71066
rna5138	647	612	20.7143	7.46662
rna5139	731	696	8.28571	2.62619
rna5140	1444	1409	30	4.69695
rna5141	1878	1843	10.3432	1.23804
rna5142	1607	1572	73.6568	10.3363
rna5145	1433	1398	17	2.68255
rna5144	1525	1490	0	0
rna5143	1848	1813	0	0
rna5149	2161	2126	0	0
rna5148	2130	2095	0	0
rna5147	2016	1981	2	0.222716
rna5146	2597	2562	0	0
rna5150	6196	6161	0	0
rna5151	6890	6855	11.9843	0.385664
rna5152	5746	5711	11.0157	0.425507
rna5153	71	36	3	18.3833
rna5154	22	23	0	0
rna5155	2501	2466	787	70.4024
rna5156	1268	1233	362	64.7666
rna5157	7027	6992	3.02693e-008	9.55007e-010
rna5158	6998	6963	455.762	14.4393
rna5159	6969	6934	49.8449	1.58578
rna5160	7021	6986	1075.41	33.9588
rna5161	5679	5644	8267.55	323.143
rna5162	7404	7369	161.207	4.82593
rna5163	7405	7370	133.869	4.007
rna5164	7364	7329	125.138	3.76662
rna5165	7422	7387	808.791	24.1531
rna5166	7241	7206	259.05	7.9304
rna5167	7271	7236	102.443	3.12314
rna5168	7172	7137	206.977	6.39752
rna5169	7081	7046	1763.15	55.2017
rna5170	7068	7033	820.248	25.7283
rna5171	6969	6934	3560.37	113.27
rna5172	8011	7976	1525.2	42.184
rna5173	8085	8050	581.12	15.9249
rna5174	1774	1739	2	0.253709
rna5175	4619	4584	0.101995	0.00490841
rna5176	4597	4562	29.9279	1.44719
rna5177	1950	1915	0	0
rna5178	1638	1603	6	0.825702
rna5180	1459	1424	554.585	85.914
rna5179	1506	1471	1934.41	290.097
rna5183	1936	1901	12.1071	1.40496
rna5181	1926	1891	295.891	34.518
rna5182	2060	2025	0.00191677	0.00020881
rna5184	1213	1178	0	0
rna5185	532	497	0	0
rna5186	5067	5032	528.307	23.1607
rna5187	3160	3125	7.94779	0.561051
rna5189	1649	1614	88.0647	12.0366
rna5188	3580	3545	0	0
rna5196	1056	1021	268.012	57.9075
rna5195	705	670	49.8019	16.3975
rna5194	950	915	1.28474e-007	3.09742e-008
rna5193	670	635	0	0
rna5192	757	722	87.0405	26.5944
rna5191	496	461	150.292	71.9184
rna5190	569	534	0	0
rna5197	1995	1960	42	4.72714
rna5198	2893	2858	2	0.154374
rna5199	1603	1568	53	7.45651
rna5200	8383	8348	550.265	14.541
rna5214	4507	4472	0	0
rna5215	4378	4343	0	0
rna5201	8443	8408	0.000393485	1.03238e-005
rna5202	8413	8378	79.6976	2.09851
rna5203	8380	8345	79.0846	2.0906
rna5204	8122	8087	0.00122902	3.35255e-005
rna5205	8092	8057	5.53291e-005	1.51491e-006
rna5206	8407	8372	350.114	9.22541
rna5207	8086	8051	1858.75	50.9303
rna5208	8353	8318	0.00969423	0.000257099
rna5209	8437	8402	775.075	20.3501
rna5210	8440	8405	0.0335349	0.000880167
rna5211	8407	8372	100.277	2.64228
rna5212	8350	8315	0.857008	0.0227367
rna5213	8317	8282	2758.91	73.4867
rna5216	4314	4279	0	0
rna5217	1349	1314	486	81.5918
rna5218	2158	2123	216.554	22.502
rna5219	1609	1574	387.446	54.3016
rna5220	2385	2350	48.6189	4.56397
rna5221	2377	2342	348.381	32.8151
rna5224	2387	2352	326.869	30.6579
rna5223	2718	2683	5083.13	417.942
rna5222	2783	2748	0	0
rna5225	3205	3170	11	0.765489
rna5229	2373	2338	0.000121964	1.15078e-005
rna5226	2356	2321	5.63948	0.536006
rna5227	2356	2321	0.90668	0.0861757
rna5228	2374	2339	1.16844e-005	1.102e-006
rna5230	2372	2337	0.00015689	1.48095e-005
rna5239	1946	1911	5.59781e-006	6.46194e-007
rna5238	1929	1894	2.90651	0.33853
rna5237	1670	1635	0	0
rna5235	1845	1810	0	0
rna5236	1932	1897	0	0
rna5232	1925	1890	0	0
rna5233	1851	1816	0	0
rna5234	1943	1908	0	0
rna5231	1926	1891	0	0
rna5243	1495	1460	21.325	3.22212
rna5244	1513	1478	3.85289e-007	5.75066e-008
rna5242	1504	1469	248.936	37.3828
rna5240	1506	1471	162.859	24.4234
rna5241	1506	1471	37.8331	5.67368
rna5245	767	732	49.9994	15.0681
rna5246	934	899	143.606	35.2385
rna5247	7074	7039	1	0.0313397
rna5248	75	40	0	0
rna5249	22	23	0	0
rna5250	85	50	0	0
rna5251	21	22	0	0
rna5252	1079	1044	704.806	148.927
rna5253	72	37	0	0
rna5254	6762	6727	551.372	18.0813
rna5255	6853	6818	929.354	30.0697
rna5256	6782	6747	0.0419086	0.00137025
rna5257	1098	1063	284.66	59.0743
rna5259	975	940	1335.79	313.484
rna5258	1195	1160	61.7058	11.7348
rna5260	853	818	432.341	116.595
rna5261	908	873	0	0
rna5262	889	854	38.6586	9.98606
rna5263	1190	1155	59	11.2687
rna5264	1636	1601	40.8047	5.62244
rna5266	5270	5235	9.8742	0.416094
rna5267	5258	5223	148.442	6.26965
rna5265	5650	5615	14.3523	0.563867
rna5268	1942	1907	106.519	12.322
rna5269	1911	1876	256.481	30.1598
rna5270	2703	2668	193	15.958
rna5271	7040	7005	80.5275	2.53596
rna5272	8154	8119	29.7775	0.80908
rna5273	5437	5402	20.3722	0.831936
rna5274	5073	5038	83.4592	3.65445
rna5275	7997	7962	24.596	0.681472
rna5276	7843	7808	0	0
rna5277	7761	7726	0.000310965	8.87896e-006
rna5278	7817	7782	866.404	24.5604
rna5279	1174	1139	517	100.132
rna5280	794	759	253	73.5334
rna5281	2081	2046	138	14.8792
rna5282	2617	2582	47.2003	4.03268
rna5283	2865	2830	0	0
rna5284	2859	2824	16.7375	1.30747
rna5285	2817	2782	400.982	31.7961
rna5286	2792	2757	377.415	30.1987
rna5287	2791	2756	15.1342	1.2114
rna5288	2234	2199	274.531	27.5405
rna5289	559	524	6	2.52595
rna5290	1475	1440	8	1.22556
rna5291	2842	2807	22.0983	1.73669
rna5292	3036	3001	30.9381	2.27423
rna5300	13398	13363	69.645	1.14972
rna5294	13831	13796	1714.8	27.4199
rna5295	13924	13889	103.479	1.64357
rna5296	14110	14075	265.543	4.1619
rna5297	14296	14261	0.000233843	3.61726e-006
rna5298	14389	14354	6.05761e-007	9.30966e-009
rna5299	14575	14540	0	0
rna5293	11863	11828	2899.53	54.0782
rna5301	3173	3138	39.6476	2.78721
rna5302	2642	2607	15.3524	1.2991
rna5303	662	627	268	94.2916
rna5304	3025	2990	5.77641e-007	4.26179e-008
rna5305	3108	3073	1758.16	126.212
rna5306	4080	4045	19	1.03619
rna5307	2688	2653	218.5	18.1685
rna5308	2688	2653	218.5	18.1685
rna5312	3031	2996	130.776	9.62923
rna5313	3050	3015	104.211	7.62483
rna5310	3109	3074	217.94	15.6401
rna5311	3128	3093	25.3251	1.80625
rna5309	2688	2653	196.913	16.3735
rna5314	2546	2511	945.422	83.0586
rna5327	5943	5908	287.242	10.7254
rna5328	6087	6052	2.06431	0.0752457
rna5325	5401	5366	147.385	6.0591
rna5326	6862	6827	0	0
rna5320	4921	4886	215.277	9.71962
rna5321	4954	4919	0.0759467	0.00340595
rna5322	5038	5003	0	0
rna5323	4968	4933	0.00264734	0.000118387
rna5324	5052	5017	42.1028	1.85128
rna5319	5011	4976	1.5112e-006	6.69957e-008
rna5318	4600	4565	2408.51	116.389
rna5317	5278	5243	422.861	17.7919
rna5315	5328	5293	19.7212	0.821934
rna5316	5412	5377	0	0
rna5330	927	892	5	1.23655
rna5329	4684	4649	396.173	18.7988
rna5331	9925	9890	301.372	6.72222
rna5332	9955	9920	1107.22	24.6223
rna5333	10078	10043	0	0
rna5334	9985	9950	0.027979	0.000620318
rna5335	9988	9953	3.39153	0.0751704
rna5336	10081	10046	0	0
rna5337	480	445	4.14287	2.05375
rna5338	458	423	14.8571	7.74819
rna5340	1735	1700	73.913	9.5913
rna5339	1620	1585	46.0711	6.41217
rna5341	1316	1281	1128	194.252
rna5342	4506	4471	132.117	6.51869
rna5343	4603	4568	232.883	11.2465
rna5344	7109	7074	3941.6	122.917
rna5345	6544	6509	2735.33	92.7044
rna5346	7477	7442	0	0
rna5347	6385	6350	346.115	12.0241
rna5348	6562	6527	0.549883	0.018585
rna5349	7318	7283	24.2926	0.735817
rna5350	7492	7457	21.3559	0.631772
rna5351	7333	7298	70.0341	2.11695
rna5357	5993	5958	172.765	6.39676
rna5356	5250	5215	0	0
rna5355	5154	5119	0	0
rna5354	5219	5184	22.4322	0.95458
rna5353	5347	5312	6.89651	0.286403
rna5352	5418	5383	0	0
rna5358	93	58	0	0
rna5359	22	23	0	0
rna5360	3044	3009	516.963	37.9003
rna5361	9173	9138	2714.58	65.5326
rna5362	3178	3143	22.0006	1.54417
rna5370	4290	4255	55.2613	2.86502
rna5369	5350	5315	170.632	7.0821
rna5363	5045	5010	238.514	10.5022
rna5364	5152	5117	47.8552	2.06309
rna5365	5202	5167	0	0
rna5366	5266	5231	49.5878	2.0912
rna5367	5281	5246	14.1676	0.595764
rna5368	5388	5353	1.86025e-007	7.66618e-009
rna5371	3427	3392	25.9827	1.6898
rna5372	5454	5419	2246.42	91.4485
rna5373	4739	4704	221.584	10.3914
rna5374	2879	2844	2657.74	206.153
rna5375	4361	4326	323.257	16.4842
rna5376	1350	1315	1091	183.023
rna5377	578	543	2	0.812523
rna5378	1065	1030	100	21.4175
rna5379	2114	2079	172	18.2507
rna5380	1146	1111	227	45.0731
rna5381	5443	5408	472.667	19.2808
rna5382	1106	1071	3.55541	0.732328
rna5383	1379	1344	470.445	77.2173
rna5385	1132	1097	312.998	62.9419
rna5384	1143	1108	0.00238842	0.000475529
rna5388	3362	3327	198.923	13.1898
rna5386	3360	3325	4.86351	0.322674
rna5387	3195	3160	351.214	24.5183
rna5389	2472	2437	1870.97	169.362
rna5390	2928	2893	646.034	49.2621
rna5391	1356	1321	1893.08	316.134
rna5392	1488	1453	429.923	65.2726
rna5393	5833	5798	841.306	32.0097
rna5394	5851	5816	969.586	36.7763
rna5395	5991	5956	4.55411e-007	1.68677e-008
rna5396	6055	6020	232.791	8.53052
rna5397	6040	6005	832.903	30.5976
rna5398	6064	6029	7.34519e-008	2.68759e-009
rna5399	5003	4968	41.28	1.833
rna5400	5160	5125	16.1348	0.694504
rna5401	1532	1497	63	9.28377
rna5402	1280	1245	280	49.6129
rna5404	988	953	318.97	73.8351
rna5403	989	954	0.0296031	0.00684533
rna5405	2760	2725	2721	220.276
rna5406	3368	3333	92	6.08917
rna5407	3346	3311	5.02111e-007	3.34539e-008
rna5408	1724	1689	3	0.39183
rna5409	3418	3383	277	18.0627
rna5410	1508	1473	0	0
rna5411	1562	1527	2	0.288933
rna5412	999	964	1543	353.097
rna5413	707	672	86.3472	28.3455
rna5415	3290	3255	72.8855	4.93965
rna5414	4408	4373	154.638	7.80088
rna5416	4395	4360	697.476	35.2897
rna5417	1986	1951	127	14.3599
rna5418	2355	2320	0	0
rna5419	2472	2437	763	69.0676
rna5421	1758	1723	339	43.403
rna5420	1797	1762	0	0
rna5422	2153	2118	1193	124.257
rna5426	1300	1265	170.595	29.7497
rna5425	1416	1381	47.4046	7.57239
rna5424	1400	1365	0	0
rna5423	1409	1374	0	0
rna5429	4660	4625	278.433	13.2805
rna5428	5072	5037	0	0
rna5427	4890	4855	122.567	5.56918
rna5430	883	848	60	15.6085
rna5431	1967	1932	93.36	10.6601
rna5432	2067	2032	40.64	4.412
rna5433	6391	6356	0.00264666	9.18586e-005
rna5434	6392	6357	639.146	22.1796
rna5435	6365	6330	240.851	8.39365
rna5436	3502	3467	7011.14	446.109
rna5437	1406	1371	136.354	21.94
rna5438	1475	1440	54.6457	8.37142
rna5439	429	394	96	53.7503
rna5440	280	245	0	0
rna5442	2294	2259	217.13	21.2036
rna5441	2212	2177	120.87	12.248
rna5443	2491	2456	1532	137.606
rna5445	1702	1667	318.811	42.1894
rna5444	1445	1410	90.189	14.1104
rna5447	956	921	289.259	69.2841
rna5446	1196	1161	19.35	3.67667
rna5449	3085	3050	304.613	22.032
rna5448	3209	3174	102.387	7.11613
rna5450	2182	2147	50.6931	5.20862
rna5452	1516	1481	100.043	14.9017
rna5451	2194	2159	410.264	41.9196
rna5453	2219	2184	1.7861e-007	1.80409e-008
rna5455	2311	2276	362.368	35.1224
rna5454	2934	2899	15.7863	1.20126
rna5456	1229	1194	14.0017	2.58691
rna5457	3251	3216	246.087	16.8802
rna5458	2566	2531	97.5904	8.50591
rna5462	3140	3105	0	0
rna5461	2918	2883	155.886	11.928
rna5460	1933	1898	84.7368	9.84876
rna5459	2096	2061	66.6995	7.13921
rna5463	6535	6500	0	0
rna5464	6549	6514	12.7939	0.433274
rna5474	5412	5377	169.301	6.94586
rna5473	5473	5438	0.000277169	1.12437e-005
rna5465	9241	9206	0	0
rna5466	6028	5993	0	0
rna5467	9077	9042	0	0
rna5468	9175	9140	0	0
rna5469	9068	9033	0	0
rna5470	9230	9195	3.45316	0.0828458
rna5471	9192	9157	0	0
rna5472	9248	9213	0	0
rna5475	2344	2309	1002.4	95.7683
rna5476	2175	2140	358.602	36.9662
rna5477	6707	6672	2185	72.2438
rna5478	6484	6449	296.123	10.1294
rna5479	3709	3674	130	7.80566
rna5480	3428	3393	83	5.39635
rna5481	1117	1082	8.45313	1.72344
rna5482	1369	1334	17.5526	2.90263
rna5483	989	954	221.994	51.3333
rna5485	3781	3746	800.584	47.146
rna5484	3858	3823	0.010124	0.000584191
rna5486	3110	3075	208.839	14.9821
rna5487	402	367	106	63.7156
rna5489	3520	3485	381.664	24.1593
rna5488	3663	3628	228.336	13.8839
rna5490	354	319	258	178.416
rna5491	1252	1217	3	0.543796
rna5492	2482	2447	172	15.506
rna5493	96	61	2	7.23279
rna5494	23	24	0	0
rna5495	1889	1854	432	51.402
rna5496	2986	2951	0	0
rna5497	2729	2694	3.50491e-008	2.87002e-009
rna5498	2677	2642	348	29.0571
rna5499	1001	966	194	44.3027
rna5500	2584	2549	162.796	14.089
rna5501	2586	2551	304.84	26.3614
rna5502	2583	2548	271.315	23.4898
rna5503	322	287	12.0484	9.26092
rna5504	1314	1279	34	5.86427
rna5505	1103	1068	118	24.3734
rna5506	5030	4995	778	34.3597
rna5507	1781	1746	371.729	46.9665
rna5508	1316	1281	85.271	14.6845
rna5509	2764	2729	175	14.1462
rna5510	1219	1184	233	43.412
rna5511	11065	11030	4211.62	84.2325
rna5513	2488	2453	439.336	39.5098
rna5512	2526	2491	50.6642	4.48676
rna5514	2139	2104	670.652	70.3165
rna5516	1197	1162	36.6211	6.95234
rna5515	1742	1707	36.7267	4.74629
rna5517	4133	4098	1066	57.384
rna5518	5081	5046	64	2.79794
rna5519	11975	11940	0.211637	0.00391015
rna5520	11867	11832	1426.45	26.5952
rna5521	11750	11715	2908.39	54.7666
rna5522	11803	11768	311.248	5.83459
rna5523	11758	11723	511.875	9.63232
rna5524	6015	5980	0	0
rna5525	11064	11029	874.641	17.4944
rna5526	11787	11752	286.991	5.38718
rna5527	451	416	40	21.2115
rna5529	4124	4089	1883	101.587
rna5528	4292	4257	119.005	6.16692
rna5531	2037	2002	444.903	49.0237
rna5530	2314	2279	329.097	31.8556
rna5532	3638	3603	56.715	3.47248
rna5533	3811	3776	1213.28	70.8821
rna5534	29710	29675	0	0
rna5535	29074	29039	1.17412	0.00891939
rna5536	29068	29033	286.361	2.17584
rna5537	29713	29678	0	0
rna5538	29707	29672	0	0
rna5539	29668	29633	72.5057	0.539762
rna5540	29698	29663	0	0
rna5541	29557	29522	41.7923	0.312289
rna5542	29656	29621	0	0
rna5543	29599	29564	0	0
rna5544	29656	29621	0	0
rna5545	29542	29507	0	0
rna5546	29599	29564	0	0
rna5547	29485	29450	0	0
rna5548	29428	29393	0	0
rna5549	29599	29564	0	0
rna5550	29542	29507	0	0
rna5551	29485	29450	0	0
rna5552	29656	29621	0	0
rna5553	29710	29675	0	0
rna5554	29656	29621	0	0
rna5555	29599	29564	0	0
rna5556	29599	29564	0	0
rna5557	29656	29621	0	0
rna5558	29485	29450	0	0
rna5559	29656	29621	0	0
rna5560	29656	29621	0	0
rna5561	29428	29393	0	0
rna5562	29599	29564	0	0
rna5563	29656	29621	0	0
rna5564	29599	29564	0	0
rna5565	29542	29507	0	0
rna5566	29428	29393	0	0
rna5567	29656	29621	0	0
rna5568	29599	29564	0	0
rna5569	29656	29621	0	0
rna5570	29599	29564	0	0
rna5571	29599	29564	0	0
rna5572	29707	29672	0	0
rna5573	29650	29615	0	0
rna5574	29608	29573	0	0
rna5575	29569	29534	0	0
rna5576	29671	29636	0	0
rna5577	29668	29633	0	0
rna5578	29473	29438	0	0
rna5579	26170	26135	0.52737	0.00445142
rna5580	29293	29258	0	0
rna5581	25945	25910	808.765	6.8859
rna5582	29077	29042	0.00959464	7.28799e-005
rna5583	29710	29675	0	0
rna5585	2067	2032	307.007	33.3296
rna5584	2223	2188	206.857	20.8559
rna5586	1629	1594	401	55.496
rna5587	1386	1351	843.867	137.792
rna5588	1322	1287	184.133	31.5615
rna5589	1419	1384	590	94.0419
rna5591	5361	5326	58.5123	2.42355
rna5590	4874	4839	896.488	40.869
rna5592	4248	4213	81	4.2413
rna5597	3178	3143	50.8287	3.56755
rna5596	3905	3870	35.5779	2.02803
rna5593	3652	3617	0	0
rna5594	3607	3572	318.763	19.6862
rna5595	3541	3506	0	0
rna5598	2277	2242	171.012	16.8266
rna5600	2683	2648	299	24.9091
rna5599	2722	2687	0	0
rna5601	4736	4701	2.67326e-006	1.25446e-007
rna5602	4688	4653	228.895	10.852
rna5603	4712	4677	109.472	5.16347
rna5604	4703	4668	122.125	5.77136
rna5605	719	684	1	0.322515
rna5606	2278	2243	38.0664	3.74385
rna5607	3010	2975	1469.56	108.969
rna5608	4738	4703	3131.23	146.874
rna5609	964	929	66	15.6723
rna5610	3725	3690	893.285	53.4034
rna5611	1175	1140	1138	220.213
rna5612	13865	13830	950.296	15.158
rna5616	3320	3285	749.271	50.3164
rna5615	3432	3397	1.88089e-008	1.22144e-009
rna5614	3438	3403	0.0106324	0.000689249
rna5613	3355	3320	71.0227	4.71916
rna5617	2305	2270	72.7223	7.0672
rna5618	2304	2269	122.367	11.897
rna5620	2572	2537	0	0
rna5619	2074	2039	160.206	17.3327
rna5621	2492	2457	0	0
rna5622	2302	2267	346.705	33.7376
rna5624	2907	2872	103.674	7.96326
rna5623	3482	3447	1349.33	86.3538
rna5625	3579	3544	0	0
rna5626	4271	4236	2176.15	113.328
rna5628	996	961	113.403	26.032
rna5627	1068	1033	0	0
rna5629	1076	1041	70.5969	14.9603
rna5630	2224	2189	761	76.691
rna5631	2588	2553	104.581	9.03663
rna5632	2173	2138	146.419	15.1076
rna5633	3235	3200	543.373	37.4588
rna5634	4179	4144	106.704	5.68025
rna5635	1442	1407	1739	272.654
rna5636	3593	3558	1457.92	90.393
rna5638	3863	3828	749.149	43.172
rna5637	3948	3913	792.926	44.7021
rna5639	1239	1204	501	91.7945
rna5640	4973	4938	1591.87	71.1152
rna5641	4906	4871	140.649	6.3698
rna5642	4899	4864	547.453	24.829
rna5643	4908	4873	0	0
rna5644	4896	4861	254.007	11.5273
rna5645	4893	4858	1019.4	46.2905
rna5646	4907	4872	0	0
rna5647	4677	4642	0.00361064	0.000171587
rna5648	5074	5039	229.113	10.0302
rna5649	4744	4709	428.506	20.074
rna5650	1263	1228	618	111.019
rna5652	2014	1979	981.183	109.373
rna5651	2377	2342	61.8167	5.8227
rna5653	3714	3679	455	27.2827
rna5655	1247	1212	36.2683	6.60131
rna5654	1739	1704	72.7317	9.41586
rna5656	2999	2964	362.129	26.952
rna5657	3560	3525	20.8707	1.30612
rna5658	4355	4320	1931	98.6062
rna5659	3103	3068	581	41.776
rna5660	4564	4529	52.9612	2.57965
rna5661	4451	4416	190.708	9.52677
rna5662	4326	4291	4211.41	216.508
rna5663	5021	4986	707.577	31.306
rna5664	4808	4773	0	0
rna5665	4787	4752	4298.41	199.543
rna5666	4670	4635	0	0
rna5667	4683	4648	93.2597	4.42623
rna5668	4521	4486	666.667	32.7835
rna5669	4658	4623	300.468	14.3377
rna5670	4395	4360	577.877	29.2385
rna5671	4410	4375	582.123	29.3523
rna5673	3061	3026	81.2414	5.92262
rna5672	2812	2777	236.759	18.8077
rna5674	2221	2186	178.162	17.9792
rna5675	2070	2035	136.565	14.804
rna5676	2537	2502	409.273	36.0854
rna5677	5324	5289	17.2561	0.719739
rna5678	4711	4676	124.013	5.85057
rna5679	5245	5210	0	0
rna5680	5243	5208	0	0
rna5681	4708	4673	0	0
rna5685	2256	2221	775.071	76.9837
rna5684	2572	2537	1.21379e-008	1.05542e-009
rna5682	2117	2082	1.1324	0.119984
rna5683	2432	2397	632.666	58.2253
rna5733	1149	1114	1408.8	278.978
rna5734	1228	1193	1738.57	321.483
rna5732	1904	1869	4.91491e-005	5.80112e-006
rna5731	2011	1976	13.6921	1.52858
rna5729	1808	1773	319.453	39.7469
rna5730	1887	1852	0	0
rna5728	2420	2385	0	0
rna5727	2630	2595	0	0
rna5726	2572	2537	0	0
rna5725	2415	2380	0	0
rna5722	2465	2430	0	0
rna5723	2530	2495	0	0
rna5724	2544	2509	0	0
rna5712	3068	3033	0	0
rna5713	3071	3036	0	0
rna5714	3071	3036	0	0
rna5715	3061	3026	0	0
rna5716	3071	3036	0	0
rna5717	3136	3101	3.28243e-006	2.33507e-007
rna5718	3147	3112	0	0
rna5719	3068	3033	0	0
rna5720	3071	3036	0	0
rna5721	3150	3115	0	0
rna5695	3148	3113	0	0
rna5696	3141	3106	0	0
rna5697	3069	3034	0	0
rna5698	3137	3102	0	0
rna5699	3148	3113	0	0
rna5700	3141	3106	0	0
rna5701	3138	3103	0	0
rna5702	3160	3125	0	0
rna5703	3141	3106	0	0
rna5704	3148	3113	0	0
rna5705	3216	3181	0	0
rna5706	3163	3128	0	0
rna5707	3216	3181	0	0
rna5708	3228	3193	18.4377	1.27384
rna5709	3213	3178	0	0
rna5710	3216	3181	0	0
rna5711	3216	3181	0	0
rna5689	3139	3104	0	0
rna5690	3139	3104	0	0
rna5691	3204	3169	0	0
rna5692	3207	3172	0	0
rna5693	3204	3169	0	0
rna5694	3207	3172	0	0
rna5688	3143	3108	0	0
rna5686	3089	3054	0	0
rna5687	3168	3133	0	0
rna5735	2815	2780	0	0
rna5736	6361	6326	0	0
rna5737	6657	6622	4.47144e-006	1.48958e-007
rna5738	6647	6612	604.77	20.1773
rna5739	6651	6616	7.31288e-007	2.43837e-008
rna5740	6641	6606	102.999	3.43954
rna5741	6561	6526	0	0
rna5742	6551	6516	9.3527e-008	3.16637e-009
rna5743	6558	6523	4.52096e-007	1.52894e-008
rna5744	6548	6513	83.2323	2.81914
rna5745	6657	6622	4.47144e-006	1.48958e-007
rna5746	6647	6612	604.77	20.1773
rna5747	6654	6619	7.63595e-006	2.54493e-007
rna5748	6651	6616	7.31288e-007	2.43837e-008
rna5749	6641	6606	102.999	3.43954
rna5750	6648	6613	97.6695	3.25811
rna5751	6561	6526	0	0
rna5752	6551	6516	9.3527e-008	3.16637e-009
rna5753	6558	6523	4.52096e-007	1.52894e-008
rna5754	6483	6448	9.23485e-008	3.15944e-009
rna5755	6348	6313	0	0
rna5756	6486	6451	0	0
rna5757	6483	6448	9.23485e-008	3.15944e-009
rna5758	6482	6447	0	0
rna5759	6417	6382	0	0
rna5760	6414	6379	0	0
rna5762	1023	988	31.4635	7.02515
rna5761	1579	1544	0	0
rna5765	957	922	20.2783	4.85184
rna5763	1653	1618	0	0
rna5764	1588	1553	0	0
rna5766	1031	996	719.168	159.286
rna5767	963	928	229.824	54.6326
rna5768	965	930	592.163	140.464
rna5769	6330	6295	0	0
rna5770	6504	6469	0	0
rna5771	6439	6404	0	0
rna5772	6388	6353	33.7124	1.17062
rna5773	6440	6405	0	0
rna5774	6479	6444	25.9652	0.888877
rna5775	6410	6375	6.40695	0.221706
rna5776	6440	6405	0	0
rna5777	6362	6327	0	0
rna5778	6361	6326	0	0
rna5779	6401	6366	25.9904	0.90064
rna5780	6439	6404	0	0
rna5781	6445	6410	0	0
rna5786	2486	2451	13.4343	1.20914
rna5787	3576	3541	5.56567	0.346735
rna5788	1237	1202	9	1.65175
rna5785	5384	5349	1423.84	58.721
rna5782	5437	5402	629.941	25.7247
rna5783	5432	5397	0.0466383	0.00190632
rna5784	5380	5345	0.0573891	0.00236858
rna5789	684	649	5.95413	2.02385
rna5790	575	540	7.04587	2.87837
rna5791	629	594	0	0
rna5792	1432	1397	0	0
rna5793	2590	2555	2070	178.725
rna5794	9605	9570	2465	56.8212
rna5795	8264	8229	0	0
rna5796	8321	8286	0	0
rna5797	1053	1018	286	61.976
rna5798	1283	1248	0	0
rna5799	1405	1370	0	0
rna5800	1319	1284	0	0
rna5801	1373	1338	73.7917	12.1663
rna5802	1646	1611	55.6808	7.62457
rna5803	1487	1452	0	0
rna5804	1463	1428	67.5275	10.4318
rna5806	2790	2755	650	52.0472
rna5805	2834	2799	0	0
rna5807	75	40	0	0
rna5809	73	38	1	5.80526
rna5808	22	23	0	0
rna5810	22	23	0	0
rna5811	2075	2040	311	33.6307
rna5812	2470	2435	1470	133.175
rna5813	2442	2407	0	0
rna5814	2319	2284	473.077	45.6921
rna5815	2603	2568	626.895	53.8524
rna5816	2619	2584	150.197	12.8225
rna5817	806	771	179.831	51.4537
rna5819	3008	2973	44.8191	3.32563
rna5818	2809	2774	555.296	44.1595
rna5830	7924	7889	40.5823	1.1348
rna5826	7341	7306	703.072	21.2288
rna5827	7122	7087	580.175	18.0593
rna5828	6972	6937	4.13561	0.131514
rna5829	6954	6919	1443.75	46.0315
rna5825	7711	7676	333.332	9.57961
rna5821	8339	8304	0	0
rna5822	8276	8241	326.244	8.73311
rna5823	8321	8286	0	0
rna5824	8027	7992	474.98	13.1107
rna5820	8085	8050	16.9128	0.463473
rna5831	8442	8407	16.184	0.424668
rna5832	9413	9378	327.502	7.70387
rna5833	9275	9240	26.991	0.644395
rna5834	8323	8288	41.3918	1.10172
rna5835	7712	7677	237.745	6.83165
rna5836	7025	6990	1260.76	39.7889
rna5837	6860	6825	2883.71	93.2082
rna5838	6574	6539	4182.09	141.087
rna5839	6627	6592	266.878	8.93104
rna5840	6600	6565	0.110293	0.00370612
rna5841	6585	6550	680.607	22.9224
rna5842	5739	5704	5651.22	218.559
rna5843	5249	5214	687.642	29.0936
rna5844	5247	5212	3185.99	134.848
rna5845	1758	1723	212	27.1429
rna5847	1077	1042	242.771	51.3967
rna5846	1185	1150	79.2288	15.1982
rna5848	2682	2647	1325	110.425
rna5849	2447	2412	916.243	83.799
rna5850	2429	2394	1719.76	158.471
rna5851	808	773	975	278.247
rna5852	735	700	372	117.233
rna5853	2678	2643	166	13.8553
rna5854	1070	1035	1632	347.845
rna5855	2034	1999	1023	112.893
rna5856	582	547	99.405	40.0891
rna5858	2068	2033	271.769	29.4895
rna5857	2421	2386	425.007	39.2945
rna5859	1972	1937	249.819	28.4513
rna5860	9436	9401	8300.04	194.765
rna5861	8605	8570	28.7598	0.740304
rna5862	8578	8543	95.2979	2.46081
rna5863	8599	8564	570.898	14.7058
rna5864	637	602	248	90.8784
rna5865	15403	15368	3980	57.1309
rna5866	1804	1769	450.419	56.1687
rna5867	1837	1802	110.267	13.4989
rna5868	1517	1482	211.314	31.4547
rna5869	1750	1715	57.6471	7.41513
rna5870	1631	1596	703.353	97.2179
rna5872	1001	966	0	0
rna5871	978	943	183	42.81
rna5873	2791	2756	572.109	45.7937
rna5874	1557	1522	32.5896	4.72356
rna5875	1072	1037	137	29.1439
rna5876	1651	1616	9	1.22859
rna5879	3848	3813	553.276	32.0096
rna5878	3924	3889	0.0148732	0.000843669
rna5877	3961	3926	173.709	9.76065
rna5880	1655	1620	544	74.078
rna5881	2683	2648	183.741	15.3071
rna5882	3052	3017	159.259	11.6449
rna5883	992	957	367	84.5979
rna5884	811	776	109	30.9863
rna5885	1531	1496	0	0
rna5886	1519	1484	360	53.5148
rna5889	1574	1539	296.352	42.4791
rna5888	2003	1968	57.548	6.45076
rna5887	2177	2142	0	0
rna5890	1543	1508	54.9848	8.04353
rna5891	1477	1442	109.115	16.6926
rna5892	1087	1052	324	67.9415
rna5893	666	631	387.179	135.359
rna5894	306	271	173.623	141.333
rna5895	1303	1268	18.9067	3.28929
rna5896	2653	2618	0	0
rna5899	2463	2428	0.000140157	1.27342e-005
rna5898	2442	2407	3.99986	0.366585
rna5897	2607	2572	0	0
rna5900	119	84	0.0740741	0.194533
rna5901	119	84	0.0740741	0.194533
rna5902	119	84	0.0740741	0.194533
rna5903	119	84	0.0740741	0.194533
rna5904	119	84	0.0740741	0.194533
gene2464	118	83	0	0
rna5905	3335	3300	26	1.73806
rna5907	1860	1825	0	0
rna5908	1896	1861	62.7971	7.44388
rna5906	1876	1841	454.203	54.4254
rna5911	2767	2732	25.8366	2.08622
rna5910	2780	2745	0.0949339	0.0076293
rna5909	2770	2735	7.06851	0.570133
rna5912	1846	1811	2	0.243622
rna5913	2302	2267	34.1884	3.32685
rna5914	2264	2229	486.882	48.1858
rna5915	2252	2217	63.9228	6.36056
rna5916	2261	2226	0.00710003	0.000703624
rna5919	4482	4447	0.00222428	0.000110339
rna5920	4485	4450	410.389	20.3442
rna5917	4263	4228	129.371	6.75006
rna5918	4269	4234	24.2375	1.26283
rna5921	119	84	0	0
rna5922	119	84	0.0740741	0.194533
rna5923	119	84	0.0740741	0.194533
rna5924	119	84	0	0
rna5925	819	784	34	9.56684
rna5926	3198	3163	373	26.0145
rna5927	2322	2287	140.347	13.5376
rna5928	2392	2357	719.768	67.3656
rna5929	1804	1769	159.143	19.8456
rna5930	119	84	0.0740741	0.194533
rna5931	119	84	0.0740741	0.194533
rna5932	119	84	0.0740741	0.194533
rna5933	120	85	6.30597e-008	1.63658e-007
rna5934	119	84	0.0740741	0.194533
rna5935	119	84	0.0740741	0.194533
rna5936	119	84	0.0740741	0.194533
rna5937	119	84	0	0
rna5938	119	84	0.0740741	0.194533
rna5939	119	84	0.0740741	0.194533
rna5940	119	84	0	0
rna5941	119	84	0	0
rna5942	119	84	0	0
rna5943	119	84	0.0740741	0.194533
rna5944	119	84	0.0740741	0.194533
rna5945	119	84	0.0740741	0.194533
gene2494	122	87	0	0
rna5946	119	84	0.0740741	0.194533
rna5947	2418	2383	415	38.4176
rna5948	5209	5174	0.0552712	0.00235656
rna5953	761	726	33.2736	10.1104
rna5951	3044	3009	126.53	9.27635
rna5949	5569	5534	0	0
rna5950	5199	5164	102.141	4.36335
rna5952	4072	4037	0	0
rna5954	3202	3167	865.492	60.2866
rna5955	66	31	1	7.11613
rna5956	20	21	0	0
rna5957	5582	5547	41.863	1.66486
rna5958	5584	5549	41.2554	1.6401
rna5959	5316	5281	334.175	13.9593
rna5960	5642	5607	17.1994	0.676687
rna5961	3087	3052	536.982	38.8133
rna5962	2467	2432	1258.23	114.131
rna5963	3299	3264	174.466	11.7914
rna5964	2885	2850	302.37	23.4045
rna5965	2860	2825	35.4601	2.76902
rna5966	2902	2867	65.1856	5.01568
rna5969	736	701	5	1.57347
rna5967	2557	2522	266.077	23.2738
rna5968	2439	2404	66.23	6.07751
rna5970	1131	1096	1	0.201277
rna5971	5020	4985	28	1.23908
rna5972	3278	3243	1136.43	77.3037
rna5975	2428	2393	4.77511	0.440196
rna5976	2476	2441	23.35	2.11021
rna5973	2323	2288	0	0
rna5974	2326	2291	41.6544	4.0109
rna5978	1917	1882	377.031	44.194
rna5977	1856	1821	7.96886	0.965366
rna5979	831	796	287	79.538
rna5980	6255	6220	1751.5	62.1191
rna5981	5139	5104	3.16752	0.136904
rna5982	4815	4780	68.3328	3.1536
rna5983	2519	2484	2.01297	0.178768
rna5984	1285	1250	12.1986	2.1528
rna5986	1907	1872	47.2429	5.56719
rna5985	1590	1555	111.757	15.8544
rna5987	1451	1416	515	80.2324
rna5988	1409	1374	125.853	20.2061
rna5989	1867	1832	0	0
rna5990	1714	1679	0	0
rna5991	1613	1578	47.1024	6.58479
rna5992	1837	1802	8.04464	0.984822
rna5993	2596	2561	311	26.789
rna5994	1357	1322	571	95.2819
rna5996	630	595	217	80.4541
rna5995	625	590	0	0
rna5997	1879	1844	1093	130.757
rna5998	668	633	0	0
rna5999	623	588	94.1324	35.3157
rna6000	826	791	60.3576	16.833
rna6002	2639	2604	148.711	12.5982
rna6001	2409	2374	1865.8	173.376
rna6004	803	768	424.527	121.941
rna6003	800	765	16.4727	4.75018
rna6005	1249	1214	217	39.4318
rna6009	2952	2917	587.285	44.4138
rna6007	3520	3485	487.52	30.86
rna6008	3457	3422	0	0
rna6006	3626	3591	43.1948	2.65352
rna6010	1804	1769	150	18.7055
rna6011	1105	1070	40	8.24673
rna6012	1920	1885	33.6105	3.93341
rna6013	1517	1482	9.38948	1.39765
rna6014	2386	2351	0	0
rna6015	2381	2346	0	0
rna6016	2317	2282	0	0
rna6017	2225	2190	32.5643	3.28022
rna6018	1977	1942	5.43574	0.617469
rna6020	7977	7942	323	8.97177
rna6021	1602	1567	41.3048	5.81483
rna6019	2377	2342	0	0
rna6022	1651	1616	110.854	15.1326
rna6023	995	960	5.84156	1.34234
rna6024	73	38	0.666667	3.87018
rna6025	1640	1605	247	33.949
rna6026	1658	1623	0	0
rna6027	764	729	31	9.3808
rna6028	1260	1225	609	109.67
rna6029	1353	1318	499	83.5201
rna6030	5205	5170	184	7.85114
rna6031	551	516	423	180.841
rna6032	1341	1306	305	51.5184
rna6033	4086	4051	0	0
rna6034	3934	3899	0	0
rna6035	2560	2525	118	10.3092
rna6036	762	727	10	3.03439
rna6037	2322	2287	0	0
rna6038	2201	2166	24	2.44432
rna6040	836	801	97.9409	26.9735
rna6039	815	780	0.0590807	0.0167092
rna6041	8768	8733	493.154	12.4573
rna6042	8741	8706	611.103	15.4847
rna6043	8687	8652	402.41	10.2603
rna6044	8774	8739	97.4652	2.46033
rna6045	6839	6804	68.5408	2.22224
rna6046	6842	6807	0	0
rna6047	6787	6752	11.0418	0.360757
rna6048	6790	6755	5.63544	0.184038
rna6049	6979	6944	87.6492	2.78448
rna6050	1113	1078	309	63.2332
rna6051	1080	1045	158	33.3539
rna6052	1790	1755	593	74.5389
rna6053	73	38	0	0
rna6054	2510	2475	51.3558	4.57741
rna6055	107	72	0	0
rna6057	2404	2369	17.4878	1.62846
rna6056	2371	2336	12.5122	1.18159
rna6058	1728	1693	5	0.651506
rna6059	2579	2544	261	22.6323
rna6060	3492	3457	559	35.6712
rna6062	4104	4069	0	0
rna6061	4855	4820	0	0
rna6063	4777	4742	554	25.7723
rna6064	684	649	0	0
rna6065	666	631	0	0
rna6066	8468	8433	0	0
rna6067	8524	8489	0	0
rna6071	6413	6378	38.5305	1.33268
rna6068	8520	8485	20.5316	0.533798
rna6069	8523	8488	0.0318849	0.000828678
rna6070	8475	8440	127.393	3.32974
rna6082	5810	5775	0	0
rna6081	5964	5929	2.72318	0.101321
rna6072	8522	8487	0	0
rna6073	8522	8487	0	0
rna6074	8489	8454	0	0
rna6075	8465	8430	0	0
rna6076	8498	8463	10.8906	0.28388
rna6077	8474	8439	0	0
rna6078	8411	8376	0	0
rna6079	8363	8328	0	0
rna6080	8363	8328	0	0
rna6083	8317	8282	26.4118	0.703507
rna6084	8179	8144	0	0
rna6085	8473	8438	0	0
rna6086	8383	8348	498.457	13.172
rna6087	8440	8405	0	0
rna6088	8178	8143	4.04455e-007	1.0957e-008
rna6089	7986	7951	0	0
rna6090	7953	7918	1.18391e-006	3.29845e-008
rna6091	8121	8086	0	0
rna6092	8088	8053	318.029	8.71194
rna6093	7929	7894	42.3972	1.1848
rna6095	5715	5680	0	0
rna6094	7537	7502	281.783	8.28596
rna6096	8014	7979	1702.99	47.0837
rna6097	8154	8119	1446.1	39.2917
rna6098	7978	7943	0	0
rna6099	7448	7413	1513.63	45.0434
rna6100	4970	4935	3395.41	151.779
rna6101	4000	3965	889.326	49.4793
rna6104	1573	1538	3.21307	0.460861
rna6103	2358	2323	0	0
rna6102	2400	2365	6.13175	0.571951
rna6107	5784	5749	9.56409	0.366992
rna6105	5868	5833	117.701	4.45136
rna6106	5880	5845	0	0
rna6108	2722	2687	14.8129	1.21613
rna6109	1077	1042	87	18.4186
rna6110	1538	1503	452	66.3415
rna6111	1626	1591	0	0
rna6112	1644	1609	60	8.22623
rna6113	1409	1374	23.8788	3.83382
rna6115	2095	2060	0	0
rna6114	3012	2977	21.1368	1.56627
rna6116	83	48	0	0
rna6117	1755	1720	4.12116	0.528563
rna6118	500	465	0	0
rna6120	868	833	0	0
rna6119	3577	3542	7.18731	0.447634
rna6121	2423	2388	2.11941	0.195789
rna6122	1396	1361	8.90745	1.44378
rna6123	4876	4841	1.46955	0.0669659
rna6124	4861	4826	57.3976	2.62369
rna6125	4857	4822	19.1396	0.87561
rna6126	4607	4572	2.63335	0.12706
rna6127	224	189	0	0
rna6128	689	654	3.62012	1.2211
rna6129	362	327	2.58849	1.74624
rna6131	7462	7427	1018.62	30.2556
rna6130	434	399	2.36226	1.30605
rna6132	1931	1896	282.429	32.8607
rna6133	514	479	3	1.38163
rna6136	2162	2127	16	1.65943
rna6134	2307	2272	0	0
rna6135	2223	2188	0	0
rna6137	892	857	3	0.772229
rna6138	4063	4028	0	0
rna6139	3390	3355	24.6466	1.62058
rna6140	3970	3935	20.3534	1.14103
rna6141	2195	2160	7	0.714908
rna6142	13742	13707	54.9718	0.884714
rna6143	7259	7224	25.0282	0.76429
rna6144	3306	3271	1484.79	100.136
rna6145	1504	1469	242.207	36.3723
rna6147	3116	3081	194.411	13.9198
rna6146	3114	3079	119.589	8.56817
rna6148	1198	1163	14	2.65555
rna6149	4980	4945	1789	79.8086
rna6150	80	45	13	63.7289
rna6151	21	22	0	0
rna6152	1596	1561	374	52.8536
rna6153	4844	4809	1292.23	59.2774
rna6154	1566	1531	11	1.58498
rna6155	908	873	1.14075	0.288258
rna6156	1924	1889	1.85925	0.217126
rna6157	1749	1714	2	0.25741
rna6158	1146	1111	29	5.75824
rna6159	4084	4049	471.989	25.7152
rna6160	3202	3167	706.662	49.2231
rna6166	1499	1464	0	0
rna6167	469	434	0	0
rna6161	3326	3291	0	0
rna6162	2957	2922	12.6688	0.956448
rna6163	2612	2577	363.687	31.1329
rna6164	3381	3346	172.342	11.3624
rna6165	3540	3505	760.651	47.8744
rna6168	4265	4230	21	1.09518
rna6169	351	316	32	22.3392
rna6170	4025	3990	460	25.4326
rna6171	5192	5157	1004	42.9479
rna6172	3089	3054	0	0
rna6173	2412	2377	1204.51	111.786
rna6174	2933	2898	320.554	24.401
rna6175	2948	2913	71.0488	5.38049
rna6176	2825	2790	383.183	30.2975
rna6177	3730	3695	1799.69	107.446
rna6178	571	536	16	6.58508
rna6179	2479	2444	15.1758	1.3698
rna6180	2743	2708	102.576	8.35606
rna6182	2191	2156	316.629	32.3972
rna6181	2301	2266	220.855	21.5008
rna6183	1953	1918	14.7636	1.69805
rna6186	2061	2026	331.416	36.0861
rna6185	3472	3437	298.562	19.1628
rna6184	3375	3340	553.022	36.526
rna6187	4621	4586	504.528	24.2693
rna6188	941	906	204	49.6715
rna6189	927	892	147	36.3545
rna6190	860	825	60	16.0436
rna6191	3097	3062	92.5009	6.66417
rna6192	3064	3029	42.5593	3.09957
rna6193	2435	2400	527.94	48.5265
rna6194	2172	2137	119	12.2842
rna6195	2921	2886	4309.53	329.412
rna6197	1159	1124	281	55.15
rna6196	1168	1133	3.36593e-006	6.55362e-007
rna6198	646	611	35	12.6367
rna6199	924	889	242.417	60.1544
rna6200	1015	980	0	0
rna6201	800	765	22.5826	6.51205
rna6202	1381	1346	146.528	24.0149
rna6203	1363	1328	622.029	103.328
rna6204	1445	1410	0.0889263	0.0139129
rna6205	1453	1418	98.3545	15.3011
rna6206	3481	3446	234.394	15.005
rna6208	1975	1940	445.705	50.6817
rna6207	2177	2142	51.9014	5.34522
rna6210	463	428	62.5315	32.23
rna6209	473	438	55.4685	27.9369
rna6211	999	964	109.485	25.0544
rna6212	1977	1942	607.515	69.0102
rna6213	1985	1950	331.566	37.5095
rna6214	1992	1957	0.089066	0.0100398
rna6215	1911	1876	0	0
rna6216	4615	4580	136.911	6.59443
rna6217	4537	4502	340.784	16.6986
rna6218	4537	4502	1978.71	96.9575
rna6219	4654	4619	3.63427	0.17357
rna6220	3670	3635	35.3096	2.14286
rna6221	4109	4074	0	0
rna6222	4097	4062	611.108	33.1882
rna6223	4106	4071	0	0
rna6224	4046	4011	47.0071	2.58533
rna6225	4409	4374	60.0771	3.02995
rna6226	4078	4043	246.689	13.4602
rna6229	1456	1421	3	0.465728
rna6230	1766	1731	0	0
rna6227	3778	3743	638.119	37.6086
rna6228	3691	3656	0	0
rna6232	1552	1517	238.234	34.6437
rna6231	2150	2115	169.766	17.707
rna6233	1373	1338	3.37576	0.556571
rna6234	1868	1833	29.6242	3.56525
rna6235	1378	1343	159	26.1172
rna6237	4220	4185	0	0
rna6236	4371	4336	701.975	35.714
rna6238	3355	3320	119.045	7.91001
rna6239	3056	3021	64.9802	4.745
rna6240	3138	3103	426	30.2854
rna6241	4776	4741	461	21.4505
rna6242	2239	2204	0	0
rna6243	2170	2135	394.289	40.7401
rna6244	7372	7337	5227.73	157.181
rna6247	7450	7415	0	0
rna6246	7444	7409	1219.98	36.3244
rna6245	7490	7455	0	0
rna6257	5567	5532	363.949	14.5132
rna6256	4832	4797	337.426	15.5172
rna6254	5655	5620	80.4201	3.15671
rna6255	5658	5623	0	0
rna6251	5559	5524	0	0
rna6252	5674	5639	1.49376	0.0584364
rna6253	5677	5642	0	0
rna6250	6031	5996	59.4699	2.18797
rna6248	6055	6020	0.531397	0.0194728
rna6249	6233	6198	2.39801e-007	8.53502e-009
rna6258	1741	1706	0	0
rna6259	6817	6782	307.893	10.0149
rna6260	6583	6548	0	0
rna6261	5938	5903	0	0
rna6262	5590	5555	176.107	6.99357
rna6263	1529	1494	24.7234	3.65059
rna6264	1106	1071	77.2766	15.9171
rna6265	1162	1127	0	0
rna6266	136	101	0	0
rna6267	22	23	0	0
rna6268	569	534	102.35	42.2818
rna6269	870	835	10.606	2.80201
rna6271	1572	1537	98.4499	14.1302
rna6270	810	775	7.79444	2.21865
rna6274	2236	2201	0	0
rna6272	1168	1133	11.7064	2.27928
rna6273	785	750	99.309	29.2101
rna6275	2141	2106	156.216	16.3634
rna6276	2342	2307	314.918	30.1131
rna6277	4109	4074	449.804	24.3561
rna6279	1450	1415	70.525	10.9949
rna6278	1330	1295	126.671	21.5781
rna6280	632	597	406	150.023
rna6281	2371	2336	87.313	8.2454
rna6282	2396	2361	1.5522e-005	1.45029e-006
rna6283	2418	2383	389.057	36.016
rna6284	2509	2474	0.000386137	3.44308e-005
rna6285	2541	2506	88.6291	7.80191
rna6286	327	292	0	0
rna6290	4563	4528	100.191	4.88123
rna6289	4811	4776	14.114	0.651916
rna6288	4652	4617	25.7376	1.22974
rna6287	4824	4789	13.6288	0.627798
rna6292	3761	3726	60.6321	3.58976
rna6291	3818	3783	66.3679	3.87015
rna6294	3148	3113	688.623	48.7987
rna6293	3448	3413	11.3767	0.735334
rna6295	1099	1064	77	15.9645
rna6296	1072	1037	0	0
rna6297	1331	1296	212.646	36.1958
rna6298	1118	1083	399.354	81.3458
rna6299	449	414	1215	647.413
rna6303	4252	4217	297.147	15.5444
rna6301	3609	3574	583.326	36.005
rna6302	4116	4081	0	0
rna6300	4126	4091	247.527	13.3475
rna6304	4516	4481	1	0.0492301
rna6305	1853	1818	0	0
rna6306	3711	3676	0	0
rna6307	3591	3556	340	21.0922
rna6308	5030	4995	6	0.264985
rna6315	1301	1266	1	0.17425
rna6309	4309	4274	0	0
rna6310	4960	4925	0	0
rna6311	4952	4917	0	0
rna6312	4891	4856	0	0
rna6313	4883	4848	0	0
rna6314	4852	4817	0	0
rna6316	5219	5184	199	8.46825
rna6317	9413	9378	23.7604	0.558921
rna6318	9409	9374	39.3251	0.925444
rna6320	1308	1273	0	0
rna6321	1454	1419	0	0
rna6319	3677	3642	0	0
rna6322	2454	2419	0	0
rna6323	3015	2980	1.00219	0.0741892
rna6324	721	686	0.0524128	0.0168546
rna6325	773	738	81.0935	24.2401
rna6326	936	901	0	0
rna6327	1082	1047	38.0871	8.02485
rna6332	1868	1833	47.1752	5.67749
rna6331	1698	1663	0	0
rna6328	3298	3263	71.6786	4.84594
rna6329	3451	3416	32.4533	2.09578
rna6330	3762	3727	119.832	7.09281
rna6333	1327	1292	28.323	4.83595
rna6334	1352	1317	52.677	8.82351
rna6335	801	766	2.9825	0.858928
rna6336	690	655	0	0
rna6337	813	778	17.364	4.92353
rna6338	4294	4259	86.7985	4.49583
rna6339	3941	3906	113.483	6.40921
rna6340	3588	3553	0	0
rna6341	4223	4188	537	28.2861
rna6342	1982	1947	34.9238	3.95695
rna6344	917	882	0	0
rna6345	983	948	24	5.58481
rna6343	1759	1724	270.076	34.5585
rna6346	758	723	127	38.7499
rna6347	4888	4853	132	6.00025
rna6348	6549	6514	371.222	12.5716
rna6349	6533	6498	340.615	11.5635
rna6364	2286	2251	0	0
rna6363	2299	2264	0	0
rna6362	1924	1889	0.043748	0.00510895
rna6361	2735	2700	16.5726	1.35404
rna6360	2205	2170	0	0
rna6358	4703	4668	0	0
rna6359	4707	4672	1.12219e-008	5.29871e-010
rna6357	4656	4621	0.00478339	0.000228352
rna6355	4896	4861	0	0
rna6356	4900	4865	0	0
rna6354	1878	1843	58.159	6.96142
rna6350	2015	1980	0	0
rna6351	2212	2177	0	0
rna6352	4764	4729	0	0
rna6353	4768	4733	41.2198	1.92121
rna6365	733	698	1	0.316046
rna6366	1505	1470	0	0
rna6368	3551	3516	13	0.815643
rna6370	1358	1323	157.991	26.3438
rna6369	1588	1553	27.0087	3.83652
rna6367	1040	1005	106	23.2673
rna6374	2178	2143	562.98	57.9531
rna6372	2176	2141	73.8243	7.60656
rna6373	2251	2216	165.066	16.4321
rna6371	2249	2214	22.1297	2.20497
rna6375	1917	1882	0	0
rna6376	3041	3006	819	60.1036
rna6378	1151	1116	225	44.4758
rna6377	1177	1142	0	0
rna6379	3917	3882	0.000425251	2.41655e-005
rna6380	3914	3879	120.059	6.82781
rna6381	3914	3879	0.0110247	0.000626979
rna6382	3848	3813	607.048	35.1206
rna6383	3850	3815	30.8812	1.78569
rna6384	2764	2729	288.605	23.3296
rna6385	2186	2151	260.395	26.7053
rna6388	1544	1509	44	6.43234
rna6387	1534	1499	4.62216e-008	6.80219e-009
rna6386	1491	1456	1.90348e-005	2.88399e-006
rna6390	3185	3150	0	0
rna6389	3212	3177	344.061	23.8904
rna6391	2937	2902	585.939	44.5411
rna6392	6544	6509	4047	137.159
rna6393	3007	2972	32.6593	2.42418
rna6394	2916	2881	20.783	1.59137
rna6395	2565	2530	70.5577	6.15218
rna6396	73	38	0	0
rna6397	73	38	0	0
rna6398	864	829	4.61217e-008	1.22732e-008
rna6399	849	814	107	28.9978
rna6400	911	876	858	216.067
rna6401	2643	2608	839	70.9676
rna6402	1060	1025	101	21.7372
rna6403	970	935	3206	756.41
rna6405	818	783	165.864	46.73
rna6404	1005	970	77.1362	17.5425
rna6406	2881	2846	2179	168.899
rna6408	2911	2876	180.285	13.8285
rna6407	3214	3179	416.421	28.8967
rna6409	3144	3109	485.941	34.4801
rna6410	2253	2218	1407.35	139.974
rna6411	652	617	515	184.131
rna6412	1801	1766	185	23.1093
rna6413	1217	1182	207	38.633
rna6414	1596	1561	176	24.8723
rna6418	1135	1100	233.354	46.7982
rna6416	1304	1269	350.646	60.9554
rna6417	1385	1350	0	0
rna6415	1255	1220	0	0
rna6420	2178	2143	162.926	16.7716
rna6419	1948	1913	0.0740475	0.00853889
rna6421	1787	1752	16.5187	2.07992
rna6422	1739	1704	293.481	37.9941
rna6424	2446	2411	9806.61	897.279
rna6423	2857	2822	4212.62	329.307
rna6425	1895	1860	0	0
rna6426	6774	6739	89	2.9134
rna6427	804	769	80	22.9493
rna6428	727	692	556	177.245
rna6429	862	827	321	85.6259
rna6430	2843	2808	412	32.3672
rna6431	1894	1859	692	82.1169
rna6432	1728	1693	0	0
rna6433	1739	1704	0	0
rna6434	1608	1573	298	41.792
rna6435	2406	2371	701	65.2217
rna6436	1322	1287	22.1919	3.80383
rna6437	954	919	39.9124	9.58071
rna6439	935	900	203.576	49.8988
rna6438	1187	1152	129.56	24.8099
rna6440	1191	1156	32.7594	6.25149
rna6441	2715	2680	124	10.2069
rna6442	423	388	19	10.8026
rna6447	2551	2516	211.146	18.5131
rna6448	2782	2747	410.35	32.9535
rna6449	2911	2876	357.684	27.4357
rna6450	2824	2789	2.29794e-005	1.81759e-006
rna6451	2722	2687	184.795	15.1715
rna6452	2953	2918	349.283	26.4057
rna6446	2964	2929	0.00198477	0.000149485
rna6445	2961	2926	0.00665755	0.000501933
rna6444	2944	2909	28.4869	2.16027
rna6443	2944	2909	501.246	38.0113
rna6453	1545	1510	0	0
rna6454	1480	1445	474	72.3629
rna6455	943	908	778	189.016
rna6456	1938	1903	246	28.5169
rna6457	1102	1067	0	0
rna6458	985	950	62.1	14.4203
rna6459	1078	1043	60.0747	12.7061
rna6463	1925	1890	259.043	30.2354
rna6462	1977	1942	370.285	42.0623
rna6461	2059	2024	253.109	27.5869
rna6460	1942	1907	66.388	7.67971
rna6464	1861	1826	29.4516	3.55807
rna6465	1737	1702	50.5026	6.54575
rna6466	1606	1571	118.046	16.576
rna6467	774	739	110	32.8363
rna6468	3932	3897	671.01	37.9843
rna6470	2609	2574	0	0
rna6469	3584	3549	1404.92	87.3278
rna6471	2700	2665	318.075	26.3292
rna6472	5679	5644	2.56358e-006	1.002e-007
rna6473	5615	5580	1.8118	0.071628
rna6474	5604	5569	18.6297	0.737962
rna6475	5432	5397	0	0
rna6476	5656	5621	0.000318607	1.2504e-005
rna6477	5616	5581	14.1051	0.557532
rna6478	5528	5493	51.4539	2.0664
rna6479	5434	5399	0.258622	0.0105672
rna6480	5423	5388	2.87558	0.117735
rna6481	4660	4625	48.458	2.31132
rna6482	2356	2321	42.407	4.03058
rna6483	5591	5556	16.3779	0.650281
rna6484	5257	5222	40.9306	1.72909
rna6485	5327	5292	99.0497	4.12894
rna6486	5569	5534	0	0
rna6487	1801	1766	18.6419	2.32865
rna6490	1033	998	139.378	30.8085
rna6488	1001	966	25.6215	5.85104
rna6489	1037	1002	0	0
rna6491	865	830	231.623	61.5614
rna6492	2590	2555	181.377	15.6602
rna6493	767	732	191	57.5609
rna6494	567	532	9	3.73196
rna6495	1227	1192	44.127	8.16646
rna6496	1315	1280	19.9827	3.4439
rna6497	1112	1077	122.223	25.0347
rna6498	1316	1281	0	0
rna6499	1130	1095	74.6674	15.0426
rna6500	2674	2639	225.478	18.8482
rna6501	2523	2488	193.522	17.1588
rna6502	3600	3565	892.782	55.2448
rna6503	4522	4487	0	0
rna6505	1536	1501	8	1.17575
rna6504	4419	4384	107.435	5.40605
rna6506	2874	2839	1204.42	93.5876
rna6507	2869	2834	2246.55	174.872
rna6511	1395	1360	69.1396	11.2149
rna6512	820	785	10.1735	2.85894
rna6508	2141	2106	51.6053	5.40557
rna6509	1967	1932	110.944	12.6678
rna6510	2136	2101	121.93	12.8024
rna6513	694	659	5.2388	1.75369
rna6516	1469	1434	36.6652	5.64041
rna6515	2956	2921	0	0
rna6514	2867	2832	26.3348	2.05136
rna6517	606	571	0	0
rna6518	2930	2895	298	22.7077
rna6519	1902	1867	470.187	55.5561
rna6520	817	782	79.8131	22.5151
rna6521	2516	2481	930	82.6917
rna6522	74	39	0	0
rna6523	22	23	0	0
rna6525	7002	6967	0	0
rna6524	6214	6179	25.5498	0.912168
rna6526	6225	6190	0	0
rna6527	7765	7730	64.515	1.84114
rna6528	5428	5393	0	0
rna6534	2840	2805	0	0
rna6533	3034	2999	23	1.69183
rna6531	3202	3167	0	0
rna6532	3200	3165	0	0
rna6530	3291	3256	0	0
rna6529	3197	3162	0	0
rna6535	2300	2265	71	6.91506
rna6536	3852	3817	1	0.0577941
rna6537	1922	1887	388	45.3592
rna6538	2984	2949	14.7785	1.1055
rna6540	6518	6483	0	0
rna6539	3932	3897	8.22152	0.465401
rna6542	558	523	1	0.421797
rna6541	5891	5856	672	25.3148
rna6544	2313	2278	81.4469	7.88726
rna6543	2559	2524	444.553	38.8544
rna6548	4192	4157	328.986	17.4583
rna6547	4335	4300	90.2098	4.62797
rna6545	4407	4372	388.505	19.603
rna6546	4573	4538	58.299	2.83402
rna6549	923	888	1	0.248423
rna6552	1904	1869	0	0
rna6551	1698	1663	324.218	43.0081
rna6550	1923	1888	16.7822	1.96089
rna6553	1737	1702	470	60.9178
rna6554	856	821	34	9.13569
rna6555	2647	2612	232	19.5939
rna6557	2171	2136	7.04579	0.727669
rna6556	3091	3056	572.954	41.3592
rna6558	2144	2109	249	26.0452
rna6560	1408	1373	267.577	42.9916
rna6559	1486	1451	167.423	25.4539
rna6561	601	566	373	145.378
rna6572	5712	5677	119.693	4.65111
rna6573	6102	6067	1.20627	0.0438609
rna6567	5596	5561	198.671	7.88111
rna6568	5665	5630	106.541	4.17458
rna6569	5986	5951	52.1181	1.93199
rna6570	5989	5954	42.1907	1.5632
rna6571	6055	6020	1.04728	0.0383771
rna6566	6053	6018	1.55057	0.0568387
rna6562	5259	5224	0.0147453	0.000622668
rna6563	5541	5506	872.028	34.9381
rna6564	5607	5572	16.9075	0.669383
rna6565	5676	5641	93.0316	3.63815
rna6574	1922	1887	24.7247	2.89045
rna6575	1944	1909	273.275	31.5791
rna6576	5656	5621	832	32.6524
rna6579	5616	5581	0	0
rna6577	6129	6094	6	0.217197
rna6578	6527	6492	0	0
rna6580	2415	2380	0	0
rna6581	5637	5602	0	0
rna6582	5571	5536	0	0
rna6583	5555	5520	0	0
rna6584	5395	5360	18	0.740821
rna6585	5548	5513	0	0
rna6586	5284	5249	0	0
rna6587	2224	2189	659.766	66.489
rna6592	2350	2315	27.7653	2.6458
rna6591	2390	2355	4.53902e-008	4.25184e-009
rna6590	3732	3697	0	0
rna6593	2137	2102	226.438	23.7641
rna6588	982	947	0	0
rna6589	1340	1305	329.11	55.6335
rna6598	2062	2027	208.49	22.6901
rna6595	9671	9636	538.912	12.3375
rna6594	9578	9543	63.5359	1.46872
rna6596	3190	3155	14.8377	1.03746
rna6597	3164	3129	0	0
rna6599	1060	1025	11	2.36742
rna6602	5621	5586	514.558	20.3207
rna6600	5613	5578	259.383	10.2581
rna6601	5628	5593	221.848	8.75018
rna6603	1632	1597	322	44.4792
rna6604	924	889	536.561	133.145
rna6605	897	862	93.4386	23.9125
rna6606	2381	2346	32	3.00904
rna6607	3008	2973	9.36456	0.694861
rna6608	3022	2987	0	0
rna6609	3083	3048	51.6092	3.73523
rna6610	2732	2697	37.5942	3.07501
rna6611	6260	6225	106.226	3.76442
rna6624	5438	5403	35.8683	1.46447
rna6621	5726	5691	25.5467	0.990267
rna6622	5749	5714	18.8057	0.726031
rna6623	5785	5750	18.0364	0.691972
rna6617	5848	5813	0	0
rna6618	5787	5752	0	0
rna6619	5861	5826	8.38304	0.317422
rna6620	6135	6100	26.9392	0.974227
rna6616	4386	4351	78.5984	3.98502
rna6615	4192	4157	13.7405	0.729167
rna6614	6003	5968	13.1633	0.486565
rna6613	5575	5540	0	0
rna6612	4514	4479	493.124	24.2874
rna6625	1125	1090	143	28.9411
rna6628	3034	2999	0.179287	0.013188
rna6626	3007	2972	521.815	38.7323
rna6627	3022	2987	401.006	29.6156
rna6629	4510	4475	3479	171.501
rna6631	3382	3347	79.7849	5.25861
rna6630	3418	3383	28.2151	1.83986
rna6632	2645	2610	0	0
rna6633	823	788	3	0.839848
rna6634	4025	3990	38.4742	2.12717
rna6639	2137	2102	16.9853	1.78257
rna6640	2163	2128	0	0
rna6641	2167	2132	0	0
rna6642	2269	2234	0	0
rna6643	2167	2132	0	0
rna6644	2273	2238	0	0
rna6638	2744	2709	4.01425	0.32689
rna6637	2457	2422	0	0
rna6635	3798	3763	89.4634	5.24465
rna6636	3832	3797	0.0641721	0.0037283
rna6645	537	502	94	41.3076
rna6646	825	790	189	52.7765
rna6647	4269	4234	788.831	41.0997
rna6649	3466	3431	836.836	53.8053
rna6648	3554	3519	313.206	19.6344
rna6651	3312	3277	777.257	52.3232
rna6650	3751	3716	462.109	27.4331
rna6652	3321	3286	184.186	12.365
rna6653	3759	3724	399.575	23.6698
rna6654	1248	1213	204	37.1001
rna6658	3798	3763	411.6	24.1294
rna6655	4010	3975	0	0
rna6656	4146	4111	1143.56	61.3645
rna6657	4151	4116	27.8869	1.49462
rna6659	5750	5715	508.876	19.6427
rna6673	1294	1259	44	7.70961
rna6660	5731	5696	53.2668	2.06297
rna6670	4317	4282	10.272	0.529191
rna6669	4421	4386	36.5636	1.83902
rna6661	6715	6680	2907.24	96.0084
rna6662	6481	6446	25.9852	0.889284
rna6663	6365	6330	94.1294	3.2804
rna6664	6153	6118	0	0
rna6665	6099	6064	0	0
rna6666	6096	6061	0	0
rna6667	6069	6034	30.1561	1.10249
rna6668	6146	6111	26.3787	0.952241
rna6671	6065	6030	134.318	4.91385
rna6672	5627	5592	1408.77	55.5749
rna6674	847	812	113	30.6993
rna6678	3826	3791	11.1159	0.646842
rna6677	3865	3830	454.767	26.1936
rna6675	4051	4016	289.764	15.9168
rna6676	4156	4121	113.353	6.06785
rna6679	1235	1200	37.5024	6.89419
rna6680	1158	1123	236.498	46.4572
rna6681	1194	1159	291	55.3879
rna6682	10404	10369	23.4811	0.49956
rna6683	10764	10729	0	0
rna6684	10361	10326	0	0
rna6686	7590	7555	0	0
rna6685	9510	9475	0	0
rna6687	9869	9834	64.9528	1.45705
rna6688	9466	9431	118.545	2.77287
rna6689	10155	10120	555.845	12.1165
rna6691	3545	3510	6.54779	0.411522
rna6692	4089	4054	7.45221	0.405515
rna6690	9300	9265	644.729	15.351
rna6693	3078	3043	12.0008	0.869991
rna6694	5885	5850	0.00141401	5.33213e-005
rna6695	5837	5802	23.7813	0.9042
rna6696	5464	5429	329.919	13.4058
rna6697	781	746	313.297	92.6452
rna6698	1879	1844	0	0
rna6699	1918	1883	32.7256	3.83392
rna6700	1461	1426	0	0
rna6701	2003	1968	0	0
rna6702	1997	1962	242.009	27.2106
rna6703	1917	1882	0	0
rna6704	2680	2645	185.653	15.4839
rna6705	2350	2315	322.646	30.7454
rna6706	81	46	0	0
rna6707	21	22	0	0
rna6708	7229	7194	12.3955	0.380102
rna6709	7166	7131	0	0
rna6710	7226	7191	20.286	0.622319
rna6711	7163	7128	0	0
rna6712	1258	1223	14	2.52527
rna6713	1127	1092	2.31844	0.46836
rna6714	2172	2137	2	0.206458
rna6715	2180	2145	2	0.205688
rna6716	4050	4015	160	8.79104
rna6717	822	787	28	7.84854
rna6718	1503	1468	136	20.4371
rna6719	3041	3006	708	51.9577
rna6721	4237	4202	0	0
rna6722	4607	4572	17.5846	0.848462
rna6720	3047	3012	75.4154	5.52345
rna6724	2547	2512	177.982	15.6301
rna6723	2602	2567	140.018	12.0327
rna6727	758	723	336.576	102.695
rna6726	876	841	0.000761904	0.000199853
rna6725	773	738	418.424	125.074
rna6728	3814	3779	858.605	50.1213
rna6729	413	378	46.395	27.076
rna6730	393	358	428	263.734
rna6731	1292	1257	171	30.01
rna6732	1314	1279	112	19.3176
rna6733	3497	3462	283.896	18.0899
rna6735	3643	3608	106.268	6.49741
rna6734	4159	4124	326.43	17.4613
rna6736	1391	1356	73.6695	11.9849
rna6737	1127	1092	70.7375	14.29
rna6738	1846	1811	20.4402	2.48984
rna6739	1536	1501	132.373	19.4547
rna6740	1602	1567	1.30135e-008	1.83203e-009
rna6741	1403	1368	705.187	113.717
rna6742	3397	3362	2.91286e-007	1.9113e-008
rna6744	3457	3422	0	0
rna6743	3624	3589	77.842	4.7846
rna6745	3455	3420	665.158	42.9046
rna6746	535	500	29	12.7948
rna6747	100	65	0	0
rna6748	22	23	0	0
rna6749	1266	1231	62.1758	11.1422
rna6750	1676	1641	181.851	24.4463
rna6751	1381	1346	0	0
rna6752	1585	1550	67.4951	9.60608
rna6753	1381	1346	252.478	41.3793
rna6754	1758	1723	603.016	77.2056
rna6755	1464	1429	56.9844	8.79689
rna6756	2408	2373	773.263	71.8844
rna6757	2405	2370	90.7374	8.44585
rna6758	59314	59279	0	0
rna6759	59045	59010	0	0
rna6760	59231	59196	0	0
rna6761	59153	59118	0	0
rna6762	58868	58833	0	0
rna6763	55441	55406	281.673	1.12149
rna6764	55423	55388	0.0281181	0.000111989
rna6765	54637	54602	169.48	0.684725
rna6766	351	316	0	0
rna6767	551	516	0	0
rna6768	1946	1911	440	50.7923
rna6769	677	642	463	159.093
rna6770	5228	5193	632	26.8475
rna6771	963	928	4	0.950862
rna6774	5230	5195	15.3781	0.653016
rna6775	5493	5458	0	0
rna6772	4960	4925	72.6219	3.25287
rna6773	5223	5188	0	0
rna6778	6013	5978	0	0
rna6776	5819	5784	157.555	6.00909
rna6777	6000	5965	23.4453	0.867063
rna6779	88	53	0	0
rna6780	22	23	0	0
rna6781	1414	1379	98	15.6772
rna6782	1515	1480	384	57.2368
rna6784	3688	3653	7.61042	0.459584
rna6783	7944	7909	11.4249	0.318667
rna6785	309	274	0	0
rna6786	7619	7584	314.167	9.13834
rna6787	2093	2058	668	71.6039
rna6788	2599	2564	0	0
rna6789	2520	2485	52.7181	4.67993
rna6790	2620	2585	454.568	38.7921
rna6791	2611	2576	54.6937	4.68378
rna6792	2542	2507	0	0
rna6793	2346	2311	785.02	74.9353
rna6794	86	51	0	0
rna6795	22	23	0	0
rna6796	4374	4339	536	27.2509
rna6797	8888	8853	1725.58	42.9982
rna6798	10242	10207	2279.47	49.2654
rna6799	10113	10078	0.00207249	4.53652e-005
rna6800	10371	10336	1.67709e-005	3.57938e-007
rna6801	9754	9719	0	0
rna6802	130	95	0	0
rna6803	1345	1310	5	0.841985
rna6804	1231	1196	287.755	53.0759
rna6805	1311	1276	303.245	52.4263
rna6808	3027	2992	4.45053e-005	3.28137e-006
rna6809	3065	3030	149.976	10.919
rna6807	3248	3213	0	0
rna6806	3136	3101	1394.03	99.1689
rna6810	1829	1794	182	22.3797
rna6811	2434	2399	31	2.85061
rna6812	5545	5510	235.106	9.41276
rna6813	5546	5511	351.162	14.0567
rna6816	5297	5262	339.481	14.2321
rna6814	5202	5167	29.7524	1.27025
rna6815	4681	4646	719.647	34.1701
rna6817	1177	1142	147	28.396
rna6818	7806	7771	0.000207148	5.88044e-006
rna6819	7419	7384	1025.46	30.636
rna6820	7481	7446	0	0
rna6821	7574	7539	633.889	18.5483
rna6822	7278	7243	1568.77	47.7801
rna6823	4432	4397	221	11.0877
rna6824	4436	4401	3.80787e-006	1.9087e-007
rna6825	720	685	78	25.1194
rna6826	81	46	97	465.178
rna6827	21	22	0	0
rna6829	1938	1903	716.701	83.0815
rna6828	3279	3244	1212.67	82.4642
rna6830	564	529	0	0
rna6831	3538	3503	353	22.23
rna6832	81	46	7	33.5696
rna6833	21	22	0	0
rna6834	4894	4859	0	0
rna6835	5903	5868	0	0
rna6836	5287	5252	40.0255	1.6812
rna6837	5170	5135	8.14681	0.349988
rna6838	5297	5262	4.23333	0.177475
rna6839	6708	6673	99	3.2728
rna6841	3413	3378	98.8077	6.45263
rna6840	3744	3709	0	0
rna6843	2362	2327	102.133	9.68226
rna6842	2362	2327	102.133	9.68226
rna6844	4337	4302	1200.31	61.5499
rna6845	2020	1985	212.201	23.5826
rna6847	2198	2163	194.492	19.8358
rna6846	2473	2438	0	0
rna6848	294	259	34	28.9591
rna6856	2590	2555	0.0124484	0.0010748
rna6855	2622	2587	351.101	29.9393
rna6854	4457	4422	139.897	6.97903
rna6849	3067	3032	422.899	30.769
rna6850	3516	3481	150.258	9.52222
rna6851	3107	3072	0.0576955	0.00414311
rna6852	3149	3114	3.42068e-005	2.42326e-006
rna6853	3162	3127	85.7751	6.05116
rna6865	2402	2367	384.945	35.8761
rna6864	2113	2078	141.281	14.9984
rna6863	2132	2097	0	0
rna6862	2462	2427	0	0
rna6860	2269	2234	0	0
rna6861	2592	2557	77.8524	6.71656
rna6858	2515	2480	19.0769	1.69692
rna6859	2584	2549	64.0452	5.54272
rna6857	2385	2350	76.3799	7.16996
rna6869	779	744	0	0
rna6870	746	711	3.21354	0.997057
rna6868	1158	1123	0	0
rna6867	1390	1355	26.2724	4.27726
rna6866	1655	1620	0	0
rna6871	140	105	5	10.5048
rna6873	111	76	0	0
rna6872	21	22	0	0
rna6874	22	23	0	0
rna6875	90	55	0.933594	3.74456
rna6876	21	22	0	0
rna6878	1946	1911	160.058	18.4766
rna6877	2504	2469	640.141	57.1952
rna6879	2597	2562	8.06844	0.69473
rna6881	1822	1787	49.4123	6.0998
rna6880	1905	1870	0	0
rna6882	2149	2114	10.5877	1.10485
rna6883	1499	1464	0	0
rna6884	1390	1355	276.608	45.0331
rna6885	1587	1552	60.3916	8.58402
rna6886	1554	1519	0	0
rna6887	3511	3476	722	45.8208
rna6888	3728	3693	829	49.52
rna6889	3865	3830	0	0
rna6890	3851	3816	0	0
rna6891	1302	1267	9.74366	1.69649
rna6892	1211	1176	60.2563	11.3032
rna6893	554	519	176	74.8085
rna6895	709	674	167	54.6591
rna6894	738	703	0	0
rna6896	755	720	0	0
rna6897	1222	1187	55.2756	10.2728
rna6898	1216	1181	444.724	83.0705
rna6899	3190	3155	535	37.4076
rna6900	7065	7030	1.19579e-007	3.75238e-009
rna6901	6993	6958	604	19.1495
rna6902	1136	1101	4	0.801453
rna6903	680	645	75	25.6512
rna6904	1045	1010	579	126.463
rna6905	4884	4849	638.01	29.0256
rna6906	4946	4911	0.000316264	1.42065e-005
rna6907	4892	4857	605.517	27.502
rna6908	5216	5181	2935.2	124.977
rna6910	2674	2639	801.994	67.0405
rna6909	3209	3174	2871.43	199.571
rna6911	3288	3253	202.669	13.7438
rna6912	3795	3760	46.9193	2.75277
rna6913	3813	3778	0.17258	0.0100771
rna6915	3541	3506	0	0
rna6916	3642	3607	6.01352e-007	3.6778e-008
rna6914	3545	3510	0.000224026	1.40798e-005
rna6917	3335	3300	289.653	19.3628
rna6918	2900	2865	18.3545	1.41326
rna6919	3076	3041	34.2321	2.48326
rna6920	3329	3294	63.9218	4.28086
rna6921	2779	2744	280.899	22.5825
rna6925	4604	4569	0	0
rna6924	4501	4466	687.18	33.9435
rna6923	4765	4730	215	10.0273
rna6922	4711	4676	0	0
rna6926	788	753	198.178	58.0584
rna6927	785	750	52.8225	15.5369
rna6928	755	720	97	29.7197
rna6929	3092	3057	1393	100.522
rna6930	754	719	265	81.306
rna6932	1568	1533	394.532	56.7735
rna6931	1524	1489	179.468	26.5888
rna6933	1667	1632	0	0
rna6934	2029	1994	0	0
rna6935	1975	1940	0	0
rna6937	1633	1598	6	0.828286
rna6936	1881	1846	0	0
rna6938	3043	3008	354	25.9616
rna6939	4007	3972	135.624	7.5324
rna6940	4070	4035	144.689	7.91038
rna6941	4034	3999	408.687	22.5447
rna6942	2150	2115	0	0
rna6943	2089	2054	321	34.4755
rna6944	1842	1807	0	0
rna6945	2208	2173	532.309	54.0393
rna6946	2121	2086	382.691	40.4706
rna6947	3605	3570	153.162	9.46432
rna6948	2901	2866	331.039	25.4805
rna6949	2841	2806	0	0
rna6950	2823	2788	292.782	23.1663
rna6951	624	589	43.0164	16.1111
rna6952	1852	1817	552	67.0177
rna6953	5112	5077	718	31.1977
rna6954	1269	1234	42	7.50827
rna6955	1109	1074	154	31.6317
rna6956	1453	1418	32.4492	5.04817
rna6957	1382	1347	246.551	40.378
rna6958	2447	2412	221.001	20.2126
rna6959	2498	2463	115.999	10.3895
rna6961	1061	1026	90.5294	19.4647
rna6960	1027	992	64.4706	14.3369
rna6962	750	715	22	6.78769
rna6963	6286	6251	0	0
rna6964	6280	6245	308.319	10.8911
rna6965	6271	6236	0	0
rna6966	6265	6230	1.40677e-008	4.98127e-010
rna6967	6259	6224	9.92888e-009	3.51914e-010
rna6968	6265	6230	1.40677e-008	4.98127e-010
rna6969	6250	6215	2.42453e-007	8.60582e-009
rna6970	6244	6209	116.278	4.13125
rna6971	6238	6203	5.37496e-007	1.91152e-008
rna6972	6232	6197	62.2635	2.21645
rna6973	6217	6182	365.675	13.0488
rna6974	6211	6176	1336.99	47.7559
rna6975	6205	6170	6.54855e-005	2.34135e-006
rna6976	5797	5762	1822.92	69.7909
rna6977	3176	3141	2020.54	141.908
rna6978	1564	1529	33.8132	4.87848
rna6979	3417	3382	611.874	39.9111
rna6980	3408	3373	2079.13	135.978
rna6981	1422	1387	198	31.4916
rna6982	855	820	192	51.6527
rna6983	5001	4966	62.7859	2.78908
rna6984	5056	5021	75.6793	3.32501
rna6985	5121	5086	105.034	4.55575
rna6986	5221	5186	811.504	34.5194
rna6987	4931	4896	50.6522	2.28225
rna6988	5031	4996	437.186	19.3041
rna6989	4211	4176	17.7844	0.939471
rna6990	4269	4234	104.375	5.43815
rna6991	391	356	78.2959	48.5171
rna6992	741	706	29.1603	9.11156
rna6993	1479	1444	328.869	50.2414
rna6994	1361	1326	377.674	62.8318
rna6995	1877	1842	0	0
rna6996	1678	1643	2.13047	0.286051
rna7002	1451	1416	35	5.45269
rna7001	1539	1504	0	0
rna6997	2665	2630	0	0
rna6998	6124	6089	96.8695	3.50951
rna6999	3034	2999	0	0
rna7000	1883	1848	0	0
rna7003	4433	4398	3035.36	152.251
rna7004	4334	4299	2381.64	122.212
rna7005	3015	2980	680	50.3383
rna7006	1506	1471	244	36.5917
rna7007	1177	1142	63.1991	12.2082
rna7008	1099	1064	160.834	33.3458
rna7009	1114	1079	78.1403	15.9757
rna7010	1126	1091	1.8271	0.369439
rna7011	708	673	45	14.7504
rna7012	1052	1017	1009	218.865
rna7013	3606	3571	1333	82.3466
rna7014	2062	2027	0	0
rna7017	1709	1674	602.392	79.3834
rna7015	1767	1732	165.608	21.093
rna7016	1782	1747	0	0
rna7018	4927	4892	0.0347933	0.00156897
rna7019	4880	4845	3111.97	141.692
rna7020	683	648	100.634	34.259
rna7021	1109	1074	31.3047	6.43001
rna7025	1088	1053	0	0
rna7024	1100	1065	0	0
rna7023	1057	1022	80.0615	17.2814
rna7022	1179	1144	0	0
rna7026	1307	1272	71	12.3134
rna7027	1430	1395	69	10.9114
rna7028	2747	2712	346	28.1444
rna7029	829	794	0	0
rna7030	807	772	10	2.85751
rna7031	2439	2404	388.508	35.651
rna7032	2793	2758	387.62	31.004
rna7033	2590	2555	109.016	9.41248
rna7043	73	38	0.666667	3.87018
rna7044	73	38	0	0
rna7045	136	101	1	2.18416
rna7046	22	23	0	0
rna7034	3605	3570	309.51	19.1255
rna7035	3488	3453	119.926	7.66168
rna7036	2583	2548	999.29	86.5163
rna7037	2893	2858	790.112	60.9862
rna7038	3476	3441	157.407	10.0912
rna7039	3130	3095	0	0
rna7040	3875	3840	159.153	9.14303
rna7041	2958	2923	40.4655	3.05395
rna7047	140	105	1	2.10095
rna7048	22	23	0	0
rna7042	3041	3006	116.186	8.52646
rna7049	7378	7343	304	9.13284
rna7052	12305	12270	16687.9	300.028
rna7050	12300	12265	31390.8	564.6
rna7051	12466	12431	1666.51	29.5737
rna7053	105	70	0	0
rna7054	22	23	0	0
rna7055	2281	2246	4	0.392876
rna7056	122	87	0	0
rna7057	21	22	0	0
rna7058	6759	6724	279.443	9.16793
rna7059	6744	6709	24.4451	0.803784
rna7060	6426	6391	48.1118	1.66069
rna7061	3749	3714	0	0
rna7062	3612	3577	0	0
rna7071	711	676	72	23.4959
rna7063	3949	3914	172.423	9.71806
rna7073	3389	3354	0	0
rna7072	3230	3195	1	0.0690454
rna7064	3587	3552	386.087	23.9783
rna7065	5476	5441	85.0516	3.44833
rna7066	5478	5443	0	0
rna7067	5441	5406	115.63	4.71844
rna7068	5275	5240	337.864	14.2238
rna7069	5437	5402	433.768	17.7137
rna7070	3495	3460	4341.18	276.781
rna7074	80	45	0	0
rna7075	22	23	0	0
rna7076	4254	4219	22	1.15032
rna7081	5657	5622	24.8672	0.975757
rna7080	5699	5664	0.00989366	0.000385336
rna7079	5633	5598	3889.22	153.262
rna7078	5681	5646	0.424558	0.0165883
rna7077	5624	5589	2083.28	82.2278
rna7082	8750	8715	36	0.911257
rna7083	2572	2537	63938	5559.61
rna7084	74	39	1.75	9.89872
rna7085	72	37	0.25	1.49054
rna7086	635	600	2241	823.941
rna7087	4181	4146	9	0.478871
rna7088	2308	2273	2	0.194105
rna7089	728	693	0	0
rna7090	1273	1238	64.389	11.4735
rna7091	1121	1086	51.611	10.4838
rna7092	1048	1013	0	0
rna7093	4429	4394	26.4444	1.32764
rna7094	4677	4642	541.556	25.7361
rna7095	1440	1405	1	0.157011
rna7096	2540	2505	46.0255	4.05319
rna7097	2224	2189	0.158603	0.0159835
rna7098	2658	2623	192.463	16.1866
rna7099	2655	2620	0	0
rna7100	2373	2338	773.353	72.9691
rna7101	890	855	3640	939.163
rna7102	5351	5316	76.9502	3.19323
rna7103	5462	5427	392.05	15.9363
rna7104	2076	2041	67	7.24165
rna7105	1674	1639	3	0.403783
rna7108	10736	10701	0.113252	0.00233467
rna7106	10734	10699	198.095	4.08447
rna7107	10707	10672	2.79196	0.0577124
rna7109	4772	4737	5.38629	0.250837
rna7110	2193	2158	206.76	21.1359
rna7111	1102	1067	5	1.03374
rna7114	5368	5333	142.281	5.88546
rna7112	5281	5246	0.148869	0.00626012
rna7113	5293	5258	341.353	14.3215
rna7115	1904	1869	393	46.3862
rna7116	3016	2981	237.277	17.5589
rna7117	3019	2984	72.3342	5.34749
rna7118	3112	3077	258.389	18.5248
rna7119	920	885	178	44.3693
rna7120	1059	1024	131	28.2213
rna7121	3795	3760	1516	88.9441
rna7122	1217	1182	143	26.6885
rna7123	1043	1008	139	30.42
rna7124	1535	1500	21.1268	3.10704
rna7125	1393	1358	259.873	42.2151
rna7126	1555	1520	229.742	33.3428
rna7127	1676	1641	0	0
rna7128	1679	1644	13.2581	1.77903
rna7129	1556	1521	340	49.3123
rna7131	6348	6313	1769.81	61.8437
rna7130	7751	7716	1365.48	39.0389
rna7132	4558	4523	616.773	30.0818
rna7133	4184	4149	3888.23	206.735
rna7134	1949	1914	236.732	27.2848
rna7135	1369	1334	2510.27	415.116
rna7137	2524	2489	107.054	9.48817
rna7136	2431	2396	418.946	38.5724
rna7138	2090	2055	155.65	16.7087
rna7139	2070	2035	311.35	33.7513
rna7143	1568	1533	213.59	30.7358
rna7142	1666	1631	358.026	48.4247
rna7141	1677	1642	0.127747	0.0171626
rna7140	1849	1814	198.256	24.1099
rna7144	5307	5272	178.203	7.45666
rna7145	5222	5187	906.797	38.5656
rna7146	2085	2050	0.556764	0.0599133
rna7147	4226	4191	23.5719	1.24075
rna7148	4235	4200	1.87129	0.0982873
rna7149	846	811	4	1.08804
rna7150	2002	1967	161.119	18.0696
rna7151	2793	2758	462.881	37.0238
rna7152	6590	6555	0	0
rna7153	6545	6510	62.6015	2.12134
rna7154	5398	5363	478.398	19.6783
rna7155	1065	1030	50.5175	10.8196
rna7156	1142	1107	263.645	52.5386
rna7157	1038	1003	56.8371	12.5008
rna7158	991	956	4.76259e-006	1.09898e-006
rna7159	1367	1332	662	109.638
rna7162	6405	6370	459.814	15.9239
rna7163	6461	6426	0.0149025	0.000511594
rna7161	6500	6465	27.814	0.949076
rna7160	6348	6313	336.357	11.7536
rna7164	2310	2275	1575.14	152.737
rna7165	2659	2624	848.663	71.3472
rna7166	2423	2388	1781.19	164.544
rna7167	557	522	1199	506.704
rna7168	7767	7732	4.67471	0.133373
rna7169	7764	7729	33.9858	0.970018
rna7170	7764	7729	7.39262	0.210999
rna7171	7656	7621	12.0477	0.348737
rna7172	7745	7710	93.1786	2.66605
rna7173	7634	7599	248.721	7.22039
rna7174	1546	1511	0	0
rna7175	459	424	0	0
rna7178	872	837	43.2783	11.4065
rna7177	1082	1047	181.185	38.1753
rna7176	1101	1066	151.307	31.3118
rna7180	8423	8388	0	0
rna7181	8444	8409	6.17161	0.161905
rna7179	9709	9674	1439.58	32.8273
rna7182	9123	9088	70.4795	1.7108
rna7183	1803	1768	65.7431	8.20301
rna7184	1668	1633	15.2569	2.06104
rna7185	3126	3091	45.8243	3.27041
rna7186	2922	2887	64.0434	4.89365
rna7187	2677	2642	265.283	22.1505
rna7188	1491	1456	143.577	21.7536
rna7189	1655	1620	36.2717	4.93922
rna7190	910	875	505.977	127.564
rna7191	1031	996	297.982	65.9989
rna7192	916	881	32.6894	8.18534
rna7193	621	586	1608.35	605.465
rna7194	1530	1495	563	83.0755
rna7195	1310	1275	125	21.6275
rna7197	2220	2185	21.877	2.20873
rna7196	2065	2030	415.123	45.1114
rna7198	1546	1511	67.2882	9.82382
rna7200	2550	2515	0	0
rna7199	2192	2157	798.712	81.6856
rna7201	761	726	5	1.51928
rna7202	73	38	0	0
rna7203	73	38	0	0
rna7204	5492	5457	0	0
rna7205	5441	5406	0	0
rna7206	7583	7548	551.447	16.1168
rna7207	7629	7594	997.645	28.9808
rna7208	5325	5290	1606.91	67.0102
rna7209	6593	6558	35	1.17734
rna7210	121	86	2	5.13023
rna7211	2848	2813	1493.27	117.105
rna7212	3074	3039	357.093	25.9213
rna7218	627	592	3.03461	1.1308
rna7213	3224	3189	0	0
rna7214	2977	2942	51.6432	3.87236
rna7215	2899	2864	0	0
rna7216	2962	2927	613.751	46.2567
rna7217	2973	2938	104.239	7.82677
rna7219	9299	9264	0	0
rna7220	9553	9518	0	0
rna7221	9540	9505	71.4574	1.65844
rna7222	9499	9464	16.2592	0.378993
rna7223	11731	11696	1650.28	31.1262
rna7224	2707	2672	35	2.8896
rna7225	2730	2695	0	0
rna7226	1428	1393	1.14563	0.181426
rna7228	1264	1229	0	0
rna7227	1453	1418	142.977	22.2431
rna7232	5193	5158	1439.26	61.5548
rna7230	5699	5664	2.59937e-005	1.0124e-006
rna7231	5729	5694	589.732	22.8477
rna7229	5787	5752	597.288	22.9071
rna7233	2463	2428	0	0
rna7234	1251	1216	0	0
rna7246	6294	6259	64.8601	2.28601
rna7243	6251	6216	119.104	4.22691
rna7244	6272	6237	0	0
rna7245	6281	6246	0	0
rna7241	6224	6189	0	0
rna7242	6267	6232	8.26666e-006	2.92623e-007
rna7239	6112	6077	0	0
rna7240	6292	6257	0	0
rna7236	6411	6376	48.8156	1.68895
rna7237	6484	6449	7.07316e-005	2.41951e-006
rna7238	6777	6742	0	0
rna7235	5329	5294	285.392	11.8922
rna7247	5433	5398	166.828	6.81775
rna7248	1482	1447	443	67.5369
rna7249	7751	7716	107.028	3.05994
rna7250	7475	7440	8.61897	0.255557
rna7251	7465	7430	42.1991	1.25291
rna7252	7335	7300	90.832	2.74487
rna7253	7039	7004	252.568	7.95495
rna7254	10936	10901	794.742	16.0829
rna7256	1317	1282	6	1.03245
rna7255	1582	1547	0	0
rna7257	2428	2393	3.42127	0.315392
rna7258	2142	2107	2	0.209397
rna7259	1045	1010	6	1.3105
rna7260	1129	1094	138	27.8271
rna7261	9471	9436	0.126954	0.00296801
rna7262	9429	9394	1022.24	24.0054
rna7263	9758	9723	0.00136047	3.0867e-005
rna7264	9740	9705	464.596	10.5605
rna7265	9679	9644	0.285002	0.00651923
rna7266	9715	9680	9.62157	0.219268
rna7267	9357	9322	2327.06	55.0686
rna7268	1344	1309	48	8.08923
rna7269	1412	1377	0	0
rna7270	2095	2060	2873.67	307.734
rna7271	1831	1796	297.331	36.5207
rna7272	7874	7839	3.94072	0.110897
rna7273	7831	7796	418.213	11.834
rna7292	149	114	1	1.93509
rna7274	8431	8396	0	0
rna7275	8316	8281	56.8748	1.5151
rna7276	8247	8212	151.306	4.06455
rna7277	8388	8353	0	0
rna7278	7307	7272	0	0
rna7279	7191	7156	6.55277e-007	2.02004e-008
rna7280	7160	7125	0.000110448	3.41962e-006
rna7281	7175	7140	0	0
rna7282	7112	7077	178.489	5.56374
rna7283	7146	7111	6.67964e-007	2.07218e-008
rna7284	9244	9209	509.834	12.213
rna7287	5622	5587	0	0
rna7285	9044	9009	160.11	3.92056
rna7286	8935	8900	0	0
rna7288	9059	9024	0.000265778	6.49719e-006
rna7289	8948	8913	480.751	11.8988
rna7290	7013	6978	3225.63	101.974
rna7291	8721	8686	54.5594	1.38566
rna7293	2041	2006	234.29	25.7648
rna7294	4876	4841	30.5514	1.3922
rna7295	4859	4824	0.693145	0.0316973
rna7296	4846	4811	16.7837	0.769587
rna7297	3672	3637	0.334687	0.0203002
rna7298	7526	7491	0	0
rna7299	7439	7404	0.00715159	0.00021308
rna7300	7029	6994	34.3964	1.08491
rna7301	6892	6857	0	0
rna7302	4668	4633	0	0
rna7303	4446	4411	0	0
rna7304	3133	3098	129.402	9.21434
rna7305	3939	3904	0	0
rna7306	3851	3816	20.2631	1.1714
rna7307	3159	3124	0.00668911	0.000472349
rna7308	3944	3909	1003.96	56.6576
rna7309	5670	5635	0	0
rna7310	5601	5566	72.9818	2.89252
rna7311	5662	5627	0	0
rna7312	5502	5467	163.432	6.59468
rna7315	3868	3833	1116.37	64.2503
rna7314	3183	3148	0	0
rna7313	5570	5535	0	0
rna7316	5626	5591	1041.18	41.0811
rna7317	3028	2993	0	0
rna7318	5636	5601	5.12839e-007	2.01986e-008
rna7319	5609	5574	0	0
rna7320	5595	5560	0	0
rna7321	5567	5532	457.963	18.2622
rna7322	5558	5523	1999.31	79.8566
rna7323	1439	1404	90	14.141
rna7324	975	940	244.629	57.4097
rna7326	1067	1032	100.98	21.5855
rna7325	1099	1064	64.0199	13.2733
rna7327	6416	6381	0.0523593	0.00181013
rna7328	6685	6650	104.191	3.45633
rna7329	6687	6652	0.000162569	5.39128e-006
rna7330	6576	6541	0.0190792	0.000643459
rna7331	6602	6567	1.11856e-007	3.75751e-009
rna7332	7588	7553	65.2106	1.9046
rna7333	594	559	2	0.789267
rna7334	579	544	5.03623	2.04227
rna7335	4190	4155	57.5464	3.05529
rna7336	2589	2554	7.11257e-005	6.14344e-006
rna7337	2567	2532	1.94657	0.169595
rna7338	2585	2550	0	0
rna7339	4427	4392	1784.92	89.6522
rna7340	4465	4430	320.333	15.9516
rna7341	775	740	9	2.68297
rna7342	2772	2737	2865.15	230.929
rna7343	2793	2758	223.424	17.8707
rna7344	928	893	13.1805	3.25602
rna7345	260	225	3	2.94133
rna7346	1155	1120	26.4086	5.20155
rna7347	3119	3084	21.0546	1.50605
rna7348	3052	3017	0	0
rna7349	3352	3317	0	0
rna7351	2204	2169	3.94536	0.401266
rna7350	2568	2533	0	0
rna7352	1737	1702	99.4742	12.8931
rna7354	2100	2065	257.777	27.5378
rna7353	687	652	2.22298	0.75213
gene3074	929	894	34.7995	8.587
rna7355	1489	1454	846.314	128.402
gene3076	868	833	131.412	34.8013
rna7356	1701	1666	161.993	21.45
rna7357	1572	1537	201.204	28.878
rna7358	1831	1796	282.803	34.7363
rna7359	1768	1733	9.65522e-005	1.22905e-005
rna7360	3328	3293	42.1743	2.82528
rna7361	3601	3566	300.429	18.5852
rna7367	3429	3394	22.5606	1.46637
rna7366	3020	2985	70.5372	5.21291
rna7365	3005	2970	0.000763242	5.66906e-005
rna7364	3837	3802	26.5466	1.54029
rna7363	3242	3207	279.062	19.1959
rna7362	3427	3392	105.689	6.87354
rna7368	496	461	1	0.478525
rna7369	1509	1474	11	1.64627
rna7370	3183	3148	0	0
rna7371	3036	3001	63.2989	4.65303
rna7372	1096	1061	32.9044	6.8414
rna7375	1759	1724	536.096	68.5979
rna7374	1834	1799	0	0
rna7373	1863	1828	0	0
rna7376	997	962	84	19.2624
rna7377	1857	1822	249	30.1479
rna7378	1294	1259	24	4.20524
rna7379	79	44	3	15.0409
rna7380	21	22	0	0
rna7381	2346	2311	15	1.43185
rna7382	2206	2171	109	11.0757
rna7383	442	407	30	16.2604
rna7387	4941	4906	420.706	18.9172
rna7386	5679	5644	512.79	20.0428
rna7385	5713	5678	407.268	15.8231
rna7384	5045	5010	285.768	12.5829
rna7388	2883	2848	16	1.23933
rna7389	2269	2234	0	0
rna7390	2187	2152	0	0
rna7391	2079	2044	4	0.431703
rna7392	760	725	108.074	32.8843
rna7393	1445	1410	7.92597	1.24005
rna7394	2555	2520	81.8905	7.16867
rna7395	844	809	0	0
rna7397	2116	2081	319.109	33.8278
rna7396	2151	2116	0	0
rna7398	2691	2656	101.008	8.38948
rna7399	634	599	51.1103	18.8229
rna7400	444	409	18.8855	10.1862
rna7403	2861	2826	1980.32	154.585
rna7402	3185	3150	310.935	21.7753
rna7401	3913	3878	2592.92	147.498
rna7404	2301	2266	157	15.2843
rna7405	1285	1250	1229.84	217.042
rna7408	1249	1214	0	0
rna7407	1223	1188	387.159	71.8918
rna7406	1238	1203	0.000142037	2.6046e-005
rna7409	17749	17714	8583.76	106.897
rna7412	15930	15895	81.4822	1.13086
rna7413	15945	15910	117.475	1.62885
rna7411	15848	15813	0	0
rna7410	16046	16011	21.2747	0.293123
rna7414	2348	2313	3	0.286122
rna7415	1621	1586	7	0.973645
rna7416	327	292	34	25.6863
rna7417	2674	2639	0	0
rna7418	2426	2391	81	7.47328
rna7422	1024	989	0	0
rna7421	986	951	271.714	63.0286
rna7420	1021	986	0	0
rna7419	937	902	83.2857	20.369
rna7423	4373	4338	140.976	7.16902
rna7425	4323	4288	0.0573452	0.00295018
rna7424	2113	2078	58.99	6.26236
rna7426	3958	3923	1107.29	62.2659
rna7427	1218	1183	339.946	63.3915
rna7428	2799	2764	380	30.3285
rna7429	1012	977	2070.06	467.407
rna7430	1101	1066	106	21.9358
rna7431	1648	1613	132.722	18.1515
rna7432	1038	1003	2.04844	0.450534
rna7437	2350	2315	0	0
rna7438	2124	2089	103.83	10.9645
rna7433	2933	2898	0	0
rna7434	2690	2655	11.7931	0.979871
rna7435	2519	2484	0	0
rna7436	2643	2608	0	0
rna7439	2703	2668	0	0
rna7442	2219	2184	18.9716	1.91627
rna7440	2745	2710	0	0
rna7441	2283	2248	0	0
rna7443	2501	2466	0	0
rna7444	1590	1555	88.8971	12.6114
rna7445	1336	1301	7.66051	1.29893
rna7446	746	711	13	4.03348
rna7447	1166	1131	7.43952	1.45107
rna7448	1414	1379	5.56048	0.889516
rna7449	1611	1576	24	3.35939
rna7450	1568	1533	1.40986e-007	2.0288e-008
rna7451	595	560	0	0
rna7452	1420	1385	0	0
rna7453	1232	1197	5.86485	1.08086
rna7454	1026	991	142.135	31.6398
rna7456	1355	1320	12.3108	2.0574
rna7455	1511	1476	218.689	32.6849
rna7457	2305	2270	0	0
rna7458	2388	2353	215	20.1568
rna7459	1435	1400	295.229	46.5196
rna7460	861	826	249.181	66.5489
rna7461	1165	1130	384.59	75.0802
rna7462	1968	1933	189	21.5693
rna7463	1882	1847	49.3716	5.8968
rna7464	2183	2148	268.628	27.5882
rna7465	2001	1966	897	100.65
rna7466	1480	1445	10	1.52664
rna7467	536	501	24.0543	10.5916
rna7468	1520	1485	136.946	20.3436
rna7469	1642	1607	0	0
rna7470	2442	2407	417	38.2178
rna7471	2125	2090	131	13.8271
rna7472	3116	3081	649	46.4685
rna7473	252	217	5.10555	5.19025
rna7474	1085	1050	209.561	44.0278
rna7475	1126	1091	106.439	21.522
rna7476	1569	1534	118.194	16.9972
rna7477	1877	1842	246.713	29.5466
rna7478	1263	1228	345	61.9764
rna7479	1224	1189	4.15828e-005	7.71503e-006
rna7480	2386	2351	780	73.1893
rna7481	615	580	7.79546	2.96496
rna7482	688	653	2.20454	0.74475
rna7483	5071	5036	50.712	2.22142
rna7484	5101	5066	55.5826	2.42036
rna7485	4951	4916	14.8123	0.664686
rna7486	5856	5821	2.35367	0.0891975
rna7487	5737	5702	0.597765	0.0231265
rna7488	4878	4843	0	0
rna7489	4757	4722	0	0
rna7490	5137	5102	19.1499	0.828003
rna7491	4399	4364	0	0
rna7492	4576	4541	3.85222	0.187139
rna7493	1440	1405	374	58.722
rna7494	6655	6620	0.000114972	3.83123e-006
rna7495	6656	6621	484	16.126
rna7496	2229	2194	124.919	12.5602
rna7497	1769	1734	0	0
rna7498	1761	1726	0	0
rna7506	1179	1144	12.3462	2.38075
rna7499	2129	2094	0	0
rna7500	1793	1758	6.60652	0.82901
rna7501	2120	2085	8.75163	0.925953
rna7502	2111	2076	0	0
rna7503	1640	1605	0	0
rna7504	2051	2016	0	0
rna7505	2046	2011	0	0
rna7507	2239	2204	25.5658	2.5589
rna7508	2206	2171	202.434	20.5698
rna7509	648	613	27	9.71648
rna7510	1752	1717	410	52.6768
rna7511	1640	1605	0	0
rna7512	470	435	67	33.9775
rna7515	3820	3785	417.461	24.3308
rna7514	4784	4749	407.031	18.9073
rna7513	4668	4633	325.508	15.499
rna7516	78	43	0	0
rna7517	22	23	0	0
rna7518	10052	10017	6935.83	152.745
rna7519	10147	10112	1064.74	23.2281
rna7520	900	865	23.3377	5.95178
rna7522	589	554	0	0
rna7521	384	349	4.66234	2.94703
rna7524	1054	1019	18.9009	4.09179
rna7523	1090	1055	0	0
rna7525	2352	2317	31.0991	2.96093
rna7526	1659	1624	293	39.8004
rna7528	2288	2253	40.6456	3.97977
rna7527	1812	1777	246.874	30.6474
rna7529	2351	2316	112.337	10.7002
rna7530	3011	2976	102.317	7.58442
rna7531	2613	2578	460.019	39.364
rna7533	2467	2432	78.8982	7.15664
rna7532	2465	2430	959.102	87.0691
rna7534	990	955	61	14.0907
rna7535	2669	2634	114	9.54761
rna7537	2232	2197	135.971	13.6528
rna7536	1925	1890	63.0293	7.35676
rna7538	1857	1822	26	3.14797
rna7539	1879	1844	262.203	31.3677
rna7543	1444	1409	34.2843	5.36772
rna7542	2228	2193	93.8561	9.44125
rna7540	2153	2118	56.6563	5.90103
rna7541	2142	2107	0	0
rna7544	4781	4746	708	32.9087
rna7545	3707	3672	8	0.48061
rna7546	1203	1168	248	46.8397
rna7552	3552	3517	0	0
rna7550	3359	3324	28.5872	1.89721
rna7551	3700	3665	0	0
rna7549	4168	4133	0	0
rna7548	4216	4181	0	0
rna7547	4543	4508	11.4223	0.558953
rna7553	1143	1108	0	0
rna7554	1119	1084	1.23545	0.251421
rna7555	1020	985	3.26734e-006	7.31753e-007
rna7556	1279	1244	2.9601	0.524918
rna7557	1169	1134	4.38994	0.853986
rna7558	3821	3786	0	0
rna7559	3815	3780	0	0
rna7560	3810	3775	0	0
rna7561	3713	3678	0	0
rna7562	3803	3768	0	0
rna7563	1152	1117	0	0
rna7564	1144	1109	8.44201	1.67927
rna7565	2441	2406	0	0
rna7566	8245	8210	1422.58	38.2241
rna7567	4085	4050	200.369	10.9139
rna7568	5059	5024	69	3.02974
rna7569	2753	2718	15	1.21744
rna7571	1781	1746	27.0863	3.42224
rna7570	1741	1706	1115.91	144.297
rna7572	1754	1719	328	42.0924
rna7573	1566	1531	5	0.720444
rna7574	3655	3620	46.8912	2.85751
rna7575	2883	2848	247.74	19.1894
rna7576	1250	1215	639.368	116.086
rna7577	1371	1336	25.7262	4.24791
rna7578	1617	1582	274.264	38.2445
rna7579	1605	1570	516.009	72.5043
rna7580	1541	1506	20.4541	2.99613
rna7581	2265	2230	511.5	50.5995
rna7582	11775	11740	5900.23	110.868
rna7583	899	864	205	52.3415
rna7584	2604	2569	45.1545	3.87742
rna7589	2242	2207	0	0
rna7588	2199	2164	62.1095	6.33149
rna7587	2272	2237	43.3457	4.2745
rna7585	2257	2222	0.000486231	4.8273e-005
rna7586	2146	2111	25.3899	2.65325
rna7590	2649	2614	103.002	8.69248
rna7591	2652	2617	132.281	11.1506
rna7592	2665	2630	0.0159601	0.0013387
rna7593	2273	2238	28.7017	2.82913
rna7594	72	37	0	0
rna7595	9462	9427	1.35455e-006	3.16978e-008
rna7596	9293	9258	39.0768	0.931125
rna7597	9121	9086	279.923	6.79629
rna7598	1096	1061	152	31.6034
rna7599	1618	1583	197	27.4531
rna7600	890	855	217	55.9886
rna7601	1096	1061	7.50297	1.56
rna7602	1094	1059	22.2894	4.64309
rna7604	1012	977	224.265	50.6374
rna7603	1135	1100	8.94309	1.7935
rna7605	1772	1737	1132	143.765
rna7606	1624	1589	95.5813	13.2695
rna7607	1559	1524	336.193	48.6641
rna7608	275	240	9.22617	8.48039
rna7609	5551	5516	202.057	8.08081
rna7610	5649	5614	1138.94	44.7544
rna7611	7529	7494	47789.8	1406.78
rna7612	1919	1884	3968	464.618
rna7613	1898	1863	167	19.7747
rna7614	1976	1941	56	6.36456
rna7615	1748	1713	247	31.8086
rna7620	2910	2875	74.6029	5.72432
rna7618	3384	3349	3514.13	231.477
rna7619	3405	3370	7.45973e-007	4.88314e-008
rna7617	3234	3199	274.065	18.8993
rna7616	3259	3224	48.9232	3.34753
rna7621	2235	2200	784.276	78.6415
rna7622	3393	3358	2	0.131388
rna7623	302	267	2	1.65243
rna7624	1717	1682	267	35.018
rna7625	2540	2505	148	13.0335
rna7630	4453	4418	80.5754	4.0233
rna7629	4821	4786	13.4458	0.619754
rna7628	4850	4815	2.3153	0.106076
rna7627	4863	4828	0	0
rna7626	5201	5166	214.749	9.17028
rna7632	3114	3079	5.89139	0.422098
rna7631	3258	3223	254.25	17.4023
rna7633	3654	3619	68.7729	4.19213
rna7634	2493	2458	187	16.7828
rna7635	7123	7088	284.185	8.8447
rna7636	7129	7094	622.208	19.3486
rna7637	7138	7103	209.903	6.51901
rna7638	7144	7109	889.194	27.5927
rna7639	7194	7159	1276.7	39.3408
rna7640	2515	2480	0	0
rna7644	73	38	0	0
rna7641	2774	2739	21.4954	1.73124
rna7642	2579	2544	48.5046	4.20603
rna7645	73	38	0	0
rna7643	2394	2359	0	0
rna7646	1190	1155	83	15.8526
rna7647	3025	2990	1419.21	104.708
rna7648	926	891	16.757	4.14882
rna7649	1101	1066	36.8159	7.61876
rna7650	893	858	0	0
rna7651	713	678	0	0
rna7652	1120	1085	61.2702	12.4573
rna7653	1113	1078	17.6357	3.60893
rna7654	3154	3119	646.627	45.7345
rna7661	1708	1673	187.869	24.7721
rna7660	1945	1910	61.0031	7.0457
rna7659	1707	1672	380.646	50.2217
rna7657	1802	1767	203.732	25.4348
rna7658	1863	1828	0	0
rna7656	1747	1712	7.75004	0.998633
rna7655	1828	1793	0	0
rna7662	838	803	155.884	42.8244
rna7663	907	872	25.2754	6.3942
rna7664	1553	1518	134.841	19.5955
rna7665	4936	4901	110.882	4.99095
rna7666	4715	4680	499.005	23.5215
rna7667	4706	4671	231.113	10.9149
rna7673	5226	5191	87.7966	3.73106
rna7672	4932	4897	15.3386	0.690973
rna7670	5154	5119	0	0
rna7671	5230	5195	69.3531	2.945
rna7668	5400	5365	1.40887e-006	5.79304e-008
rna7669	5534	5499	309.747	12.4259
rna7683	4998	4963	0	0
rna7682	5005	4970	106.837	4.74212
rna7681	5230	5195	3.75534e-007	1.59467e-008
rna7679	5314	5279	0	0
rna7680	5454	5419	224.156	9.12509
rna7678	5289	5254	0	0
rna7676	5456	5421	789.812	32.1403
rna7677	5519	5484	0.212733	0.00855742
rna7674	5193	5158	0	0
rna7675	5333	5298	372.747	15.5206
rna7685	2446	2411	225	20.5869
rna7684	2441	2406	7.94002e-007	7.28001e-008
rna7686	2211	2176	0	0
rna7689	983	948	61.2145	14.2446
rna7688	1162	1127	0	0
rna7687	1074	1039	48.7855	10.3581
rna7690	1010	975	0	0
rna7691	3028	2993	120.597	8.88864
rna7692	3031	2996	166.847	12.2852
rna7693	3031	2996	115.209	8.483
rna7694	2976	2941	0	0
rna7695	3034	2999	159.347	11.7212
rna7696	1376	1341	751.214	123.578
rna7697	1354	1319	757.786	126.738
rna7698	715	680	93	30.1703
rna7699	1261	1226	27.2972	4.91172
rna7700	1322	1287	236.703	40.5724
rna7701	1708	1673	354.177	46.7015
rna7702	1297	1262	7.63545	1.33469
rna7703	1117	1082	119.187	24.3001
rna7704	1821	1786	327	40.3898
rna7706	4390	4355	1700.25	86.1254
rna7705	4245	4210	32.7452	1.71582
rna7707	717	682	0	0
rna7708	2346	2311	1125	107.389
rna7713	2516	2481	0	0
rna7712	2492	2457	0	0
rna7711	2423	2388	0.000324912	3.00149e-005
rna7710	2394	2359	600.623	56.1668
rna7709	2587	2552	0	0
rna7714	1596	1561	163	23.0351
rna7715	883	848	5	1.30071
rna7720	2071	2036	4.89995	0.530909
rna7718	2266	2231	7.86423	0.777611
rna7719	2227	2192	79.4219	7.99292
rna7716	7020	6985	567.05	17.9086
rna7717	6981	6946	2961.77	94.0637
rna7721	1124	1089	250	50.6428
rna7722	830	795	137	38.0154
rna7723	1479	1444	241	36.8176
rna7724	11662	11627	1059	20.0925
rna7725	2791	2756	559	44.7444
rna7726	2464	2429	223	20.2527
rna7727	1230	1195	290	53.5347
rna7730	3833	3798	614.158	35.6722
rna7729	4023	3988	491.047	27.1628
rna7728	3873	3838	496.922	28.562
rna7731	1503	1468	1	0.150273
rna7732	5524	5489	0	0
rna7733	6395	6360	135	4.68255
rna7735	1362	1327	1.78349	0.296486
rna7734	626	591	67.2175	25.09
rna7736	3442	3407	11	0.71224
rna7738	2568	2533	16.0023	1.39364
rna7737	3255	3220	0	0
rna7739	3001	2966	3.97563	0.295692
rna7740	4484	4449	49.0221	2.43072
rna7741	500	465	1	0.474409
rna7742	2303	2268	82	7.97584
rna7743	1516	1481	1	0.148953
rna7744	3944	3909	46.9028	2.64691
rna7745	3722	3687	263.097	15.7416
rna7746	2218	2183	104	10.5096
rna7748	1593	1558	45.5068	6.44339
rna7747	1618	1583	126.493	17.6276
rna7750	1177	1142	416.088	80.3758
rna7749	1258	1223	10.9116	1.96819
rna7751	1174	1139	150	29.0518
rna7752	338	303	0	0
rna7753	1502	1467	24	3.609
rna7754	795	760	8.99314	2.61038
rna7755	369	334	4.00686	2.64645
rna7756	1237	1202	49.0404	9.00027
rna7757	1243	1208	0.136988	0.0250161
rna7760	638	603	0	0
rna7759	876	841	3.86137	1.01286
rna7758	882	847	15.1386	3.94284
rna7765	2584	2549	44.6097	3.86069
rna7766	2612	2577	0.770318	0.0659419
rna7764	2462	2427	92.0355	8.36549
rna7763	2310	2275	26.5838	2.57775
rna7762	2357	2322	0.000696489	6.61694e-005
rna7761	2514	2479	3.22498e-007	2.86983e-008
rna7776	873	838	0	0
rna7772	830	795	30.3489	8.42136
rna7773	871	836	1.91701	0.505851
rna7774	876	841	0	0
rna7775	879	844	0	0
rna7770	966	931	0	0
rna7771	969	934	0	0
rna7769	732	697	9.10338	2.88122
rna7768	731	696	49.6137	15.7253
rna7767	775	740	0	0
rna7778	2459	2424	125.634	11.4335
rna7777	2131	2096	512.366	53.9255
rna7779	1777	1742	7844	993.333
rna7780	714	679	0	0
rna7781	698	663	2187	727.681
rna7783	1797	1762	12.9801	1.62509
rna7782	2271	2236	0	0
rna7785	2148	2113	6.01994	0.62849
rna7784	2540	2505	0	0
rna7786	2009	1974	0	0
rna7787	2007	1972	0	0
rna7788	1008	973	0	0
rna7789	1212	1177	0	0
rna7790	1029	994	0	0
rna7792	1108	1073	0	0
rna7791	1073	1038	7.5	1.59393
rna7793	576	541	0	0
rna7795	1108	1073	0	0
rna7794	1073	1038	7.5	1.59393
rna7797	1203	1168	0	0
rna7796	1362	1327	0	0
rna7798	1098	1063	0	0
rna7801	1810	1775	0	0
rna7800	1656	1621	140.013	19.0542
rna7799	1888	1853	7.98707	0.950862
rna7806	3172	3137	0.0155182	0.00109127
rna7805	3175	3140	363.188	25.5157
rna7804	3108	3073	227.938	16.3629
rna7803	3569	3534	0	0
rna7802	3300	3265	19.8588	1.34176
rna7809	2196	2161	430.351	43.9313
rna7810	2132	2097	3359.61	353.424
rna7808	2135	2100	3902.96	409.997
rna7807	2161	2126	205.082	21.2799
rna7811	1824	1789	0	0
rna7812	1773	1738	49.1887	6.2434
rna7813	1721	1686	0	0
rna7814	1349	1314	180.811	30.3554
rna7815	1230	1195	36	6.64569
rna7816	1249	1214	2.92099e-007	5.30782e-008
rna7817	1720	1685	1818.86	238.124
rna7818	1171	1136	124.145	24.1076
rna7819	2771	2736	0	0
rna7820	2871	2836	0	0
rna7821	2474	2439	2	0.180894
rna7822	744	709	0	0
rna7823	804	769	163	46.7592
rna7824	19086	19051	180	2.0843
rna7825	6103	6068	142.776	5.19059
rna7826	4998	4963	80.2235	3.56585
rna7827	73	38	0	0
rna7833	5390	5355	85.368	3.51675
rna7830	5656	5621	0	0
rna7831	5473	5438	0	0
rna7832	5659	5624	0	0
rna7828	5766	5731	40.632	1.56403
rna7829	5769	5734	6.61998e-008	2.54686e-009
rna7834	744	709	0	0
rna7835	2024	1989	0	0
rna7836	1659	1624	0	0
rna7837	5799	5764	2243	85.8442
rna7838	951	916	5	1.20415
rna7839	73	38	0	0
rna7840	22	23	0	0
rna7841	2063	2028	560.459	60.9652
rna7850	1883	1848	0	0
rna7849	1826	1791	6.81609	0.839547
rna7845	2075	2040	0	0
rna7846	2613	2578	22.9298	1.96211
rna7847	2175	2140	0	0
rna7848	2245	2210	0	0
rna7843	2216	2181	6.53461	0.660951
rna7844	2219	2184	1.28884	0.130183
rna7842	1971	1936	2.9714	0.33858
rna7852	1583	1548	0	0
rna7851	1917	1882	0	0
rna7853	6473	6438	178.384	6.11238
rna7854	6436	6401	0.329365	0.011351
rna7855	6408	6373	0.0669529	0.00231756
rna7856	6365	6330	198.681	6.92401
rna7857	946	911	2568	621.845
rna7858	4145	4110	0	0
rna7859	4866	4831	0	0
rna7860	4881	4846	535	24.3543
rna7862	2694	2659	64.1856	5.32506
rna7861	2769	2734	1426.81	115.126
rna7863	1992	1957	631.235	71.1551
rna7864	5364	5329	457.765	18.9497
rna7865	2289	2254	579	56.667
rna7866	1666	1631	329	44.4987
rna7867	720	685	242	77.9346
rna7868	1151	1116	360	71.1613
rna7869	4551	4516	343.001	16.7551
rna7870	4691	4656	2370.67	112.322
rna7871	4716	4681	0.00257375	0.000121292
rna7872	4970	4935	236.219	10.5592
rna7873	4667	4632	76.8163	3.65839
rna7874	4393	4358	3861.23	195.454
rna7875	4426	4391	0.521819	0.0262157
rna7876	4584	4549	333.445	16.1702
rna7877	4525	4490	0	0
rna7878	4429	4394	57.2535	2.8744
rna7879	2399	2364	45.4637	4.24251
rna7880	10350	10315	2066.5	44.1949
rna7882	6201	6166	346.197	12.3858
rna7881	6209	6174	478.584	17.1001
rna7884	3865	3830	51.729	2.97948
rna7883	3875	3840	51.561	2.96207
rna7885	5318	5283	0	0
rna7886	5295	5260	5.42728	0.227616
rna7887	1729	1694	4427.66	576.589
rna7888	2880	2845	173	13.4143
rna7889	2758	2723	31	2.51142
rna7890	1024	989	70	15.6138
rna7891	2612	2577	23.2777	1.99265
rna7899	3197	3162	23.7223	1.65501
rna7892	3374	3339	0	0
rna7893	3071	3036	0	0
rna7894	3299	3264	0	0
rna7895	3302	3267	0	0
rna7896	3398	3363	0	0
rna7897	3398	3363	0	0
rna7898	3401	3366	0	0
rna7900	3055	3020	0	0
rna7901	1073	1038	1	0.212524
rna7902	2184	2149	0	0
rna7903	1859	1824	10	1.20943
rna7904	3359	3324	7	0.464561
rna7907	1502	1467	8	1.203
rna7905	1451	1416	0	0
rna7906	1617	1582	0	0
rna7909	1338	1303	1.06969e-008	1.811e-009
rna7908	1349	1314	0	0
rna7910	2281	2246	164	16.1079
rna7914	2258	2223	31.23	3.09912
rna7913	2160	2125	299.589	31.1008
rna7912	2138	2103	119.273	12.5114
rna7911	2472	2437	1006.7	91.1279
rna7915	1114	1079	0	0
rna7916	1003	968	53.9912	12.3042
rna7917	996	961	162.009	37.1895
rna7918	1112	1077	0	0
rna7919	801	766	66.206	19.0666
rna7920	963	928	84	19.9681
rna7921	1269	1234	554	99.0376
rna7922	962	927	36	8.56699
rna7929	6237	6202	0.125697	0.00447093
rna7928	6194	6159	465.354	16.6678
rna7923	7871	7836	0.00115244	3.24435e-005
rna7924	7610	7575	28.9958	0.844419
rna7925	7853	7818	0.000732497	2.06688e-005
rna7926	7682	7647	0	0
rna7927	7883	7848	0	0
rna7930	7443	7408	10.2494	0.305212
rna7932	7596	7561	87.1898	2.54385
rna7931	7615	7580	115.275	3.35483
rna7933	7600	7565	55.3128	1.61296
rna7934	6938	6903	0	0
rna7935	6858	6823	1051.5	33.9968
rna7936	283	248	0	0
rna7937	843	808	60	16.3812
rna7938	1657	1622	52.1664	7.0949
rna7940	3488	3453	0	0
rna7939	3398	3363	68.8336	4.51522
rna7943	2081	2046	0	0
rna7942	2067	2032	30.5809	3.31996
rna7941	1965	1930	187.419	21.4221
rna7944	4499	4464	303	14.9735
rna7945	4496	4461	1.107e-006	5.47419e-008
rna7946	4478	4443	4.3659e-008	2.16772e-009
rna7948	1934	1899	65.0645	7.55831
rna7947	2027	1992	149.935	16.6043
rna7949	2273	2238	0.000754405	7.43619e-005
rna7950	2258	2223	214.255	21.2617
rna7951	1641	1606	102.744	14.1129
rna7959	5324	5289	1874.06	78.1655
rna7957	5444	5409	153.635	6.26585
rna7958	5450	5415	1.75041e-006	7.13095e-008
rna7956	5653	5618	456.641	17.9308
rna7953	5612	5577	0	0
rna7954	5522	5487	115.879	4.65882
rna7955	5618	5583	0	0
rna7952	5814	5779	412.786	15.7571
rna7960	2752	2717	281	22.8151
rna7962	3226	3191	4533.73	313.426
rna7961	3744	3709	181.481	10.7939
rna7963	816	781	22	6.21409
rna7964	5347	5312	567	23.5467
rna7965	897	862	100	25.5917
rna7966	2069	2034	1686	182.857
rna7967	3065	3030	4074.42	296.639
rna7970	3734	3699	8.97816	0.535437
rna7969	3926	3891	0	0
rna7968	3322	3287	4.02184	0.269918
rna7971	1644	1609	694	95.1501
rna7972	207	172	0	0
rna7974	1389	1354	16.1126	2.62513
rna7973	1526	1491	4.88744	0.723119
rna7975	1889	1854	183	21.7744
rna7976	2641	2606	1355	114.702
rna7980	5434	5399	1373.96	56.1392
rna7979	5452	5417	26.9668	1.09819
rna7978	5470	5435	153.114	6.21469
rna7977	5434	5399	1373.96	56.1392
rna7981	4953	4918	846.531	37.9717
rna7985	4894	4859	28.8249	1.30866
rna7986	4958	4923	55.9221	2.50588
rna7987	4868	4833	1.33877	0.0611074
rna7988	4970	4935	1.14545	0.0512029
rna7982	4922	4887	248.626	11.223
rna7983	4884	4849	617.836	28.1078
rna7984	4986	4951	466.775	20.798
rna7989	4646	4611	687.92	32.9115
rna7990	4643	4608	273.08	13.0733
rna7991	694	659	216	72.3059
rna7992	1124	1089	319	64.6202
rna7993	1531	1496	672	99.0931
rna7994	2466	2431	1.82063e-005	1.65212e-006
rna7995	2447	2412	182	16.6456
rna7996	2066	2031	1140	123.823
rna7997	2396	2361	0	0
rna7998	2384	2349	723	67.8986
rna7999	848	813	220	59.695
rna8000	4498	4463	1.23469	0.0610292
rna8001	4487	4452	22.7653	1.12804
rna8002	5321	5286	97	4.04809
rna8003	1683	1648	76	10.1733
rna8004	1153	1118	0	0
rna8005	1072	1037	1	0.212729
rna8006	622	587	1	0.375809
rna8007	5430	5395	3.29927	0.134906
rna8008	5486	5451	1.66705e-005	6.74649e-007
rna8009	5421	5386	23.7007	0.970735
rna8010	2102	2067	203	21.6651
rna8012	3779	3744	0	0
rna8011	3690	3655	300	18.1067
rna8013	5441	5406	0	0
rna8014	5392	5357	0	0
rna8015	5354	5319	2	0.0829479
rna8016	11330	11295	0.0166641	0.000325462
rna8017	11269	11234	9.98334	0.196041
rna8018	11457	11422	16.2834	0.314492
rna8019	1761	1726	101.717	13.0004
rna8024	4669	4634	0	0
rna8023	4604	4569	0	0
rna8022	4454	4419	210.679	10.5173
rna8020	4516	4481	493.291	24.2847
rna8021	4851	4816	49.4579	2.26545
rna8025	2505	2470	1	0.0893118
rna8029	7914	7879	638.77	17.8846
rna8027	7448	7413	71.0594	2.11462
rna8028	7872	7837	42.6203	1.1997
rna8026	7980	7945	0.234774	0.00651872
rna8034	4362	4327	4.71606	0.240435
rna8033	4434	4399	2.35688	0.118192
rna8032	4432	4397	1.06635e-005	5.34992e-007
rna8030	4646	4611	4.94853	0.236748
rna8031	4649	4614	2.47189	0.118184
rna8035	85	50	0	0
rna8036	22	23	0	0
rna8037	2009	1974	0	0
rna8038	5648	5613	0	0
rna8039	3129	3094	0	0
rna8040	84	49	0	0
rna8041	22	23	0	0
rna8042	3601	3566	15.0015	0.928021
rna8043	871	836	1	0.263876
rna8044	708	673	0	0
rna8045	3000	2965	2	0.148803
rna8046	534	499	0	0
rna8047	514	479	3	1.38163
rna8048	1483	1448	49	7.46506
rna8050	508	473	165	76.9535
rna8049	601	566	0	0
rna8051	1499	1464	20	3.01366
rna8052	1901	1866	0	0
rna8055	3436	3401	23.3911	1.51723
rna8056	3347	3312	0	0
rna8054	3297	3262	0	0
rna8053	3526	3491	0	0
rna8057	5215	5180	5.91258	0.251798
rna8058	5011	4976	543.869	24.1113
rna8059	5011	4976	242.22	10.7383
rna8060	4806	4771	321.607	14.8704
rna8065	4891	4856	259.87	11.8055
rna8064	4263	4228	2212.51	115.44
rna8061	6643	6608	934.151	31.1855
rna8062	6503	6468	111.065	3.78804
rna8063	6732	6697	0.224687	0.00740122
rna8066	73	38	0.285714	1.65865
rna8067	81	46	0	0
rna8068	20	21	0	0
rna8069	73	38	0	0
rna8070	73	38	0	0
rna8071	2200	2165	11.3766	1.15921
rna8072	2585	2550	6.62338	0.572987
rna8073	6766	6731	8.41833	0.2759
rna8074	73	38	0.158746	0.921561
rna8075	1275	1240	2	0.355807
rna8077	2685	2650	373.792	31.1164
rna8076	2694	2659	2169.21	179.965
rna8078	73	38	0.158746	0.921561
rna8079	2640	2605	3155.88	267.25
rna8080	3397	3362	267.813	17.5728
rna8081	3479	3444	34.8139	2.22995
rna8082	3968	3933	78.235	4.38816
rna8083	4078	4043	511.461	27.9071
rna8084	4086	4051	0.0754608	0.00410927
rna8085	3347	3312	85.0956	5.6679
rna8086	3273	3238	205.63	14.0093
rna8087	2601	2566	903	77.6313
rna8088	2006	1971	41	4.58884
rna8089	2370	2335	897	84.7444
rna8090	910	875	169	42.6073
rna8092	3059	3024	340.743	24.8572
rna8091	3050	3015	125.257	9.16471
rna8093	625	590	103	38.5115
rna8094	970	935	168	39.6372
rna8095	493	458	678	326.565
rna8096	1997	1962	405	45.5367
rna8097	1422	1387	102	16.2229
rna8100	2351	2316	122.464	11.6648
rna8099	3089	3054	362.944	26.2166
rna8098	2356	2321	9.59183	0.911658
rna8101	1944	1909	0	0
rna8102	1893	1858	0	0
rna8103	1018	983	37.3704	8.38648
rna8105	1471	1436	0	0
rna8104	1806	1771	718.272	89.4697
rna8106	1619	1584	0	0
rna8110	1026	991	1.45211e-008	3.23246e-009
rna8109	1164	1129	143.878	28.1129
rna8108	1028	993	237.122	52.6779
rna8107	1719	1684	1560.36	204.403
rna8120	1752	1717	0	0
rna8119	1586	1551	95.1794	13.5375
rna8118	2655	2620	17.1562	1.44453
rna8117	2682	2647	481.209	40.1038
rna8112	2677	2642	50.102	4.18339
rna8113	2752	2717	15.2803	1.24064
rna8114	2716	2681	135.488	11.1483
rna8115	2680	2645	80.4757	6.71189
rna8116	2686	2651	188.109	15.6533
rna8111	2768	2733	0	0
rna8122	8665	8630	2.85865	0.0730727
rna8121	8687	8652	0.141355	0.00360413
rna8123	2025	1990	0	0
rna8124	4148	4113	0	0
rna8126	4070	4035	0	0
rna8125	4668	4633	7.92414	0.377307
rna8127	2964	2929	0	0
rna8128	2930	2895	0	0
rna8129	2914	2879	0.0758624	0.00581287
rna8130	820	785	0	0
rna8131	710	675	0	0
rna8133	2999	2964	2	0.148853
rna8132	3635	3600	0	0
rna8134	1705	1670	0	0
rna8135	1631	1596	0	0
rna8136	1765	1730	0	0
rna8137	5393	5358	19	0.78227
rna8138	1889	1854	6267	745.685
rna8139	82	47	0.4	1.87745
rna8140	2240	2205	432	43.2196
rna8141	428	393	32.5213	18.2549
rna8142	7004	6969	131.1	4.14992
rna8143	7025	6990	842.367	26.5846
rna8144	7198	7163	199.012	6.12899
rna8145	4538	4503	0	0
rna8146	4313	4278	3	0.154699
rna8147	71	36	0.166667	1.0213
rna8148	71	36	0.166667	1.0213
rna8149	71	36	0.166667	1.0213
rna8150	2108	2073	197	20.9639
rna8151	613	578	11.2742	4.30294
rna8152	562	527	1971.73	825.356
rna8153	1790	1755	503	63.2261
rna8154	2220	2185	614	61.9901
rna8155	1761	1726	1093	139.696
rna8157	1416	1381	1217.41	194.468
rna8156	1811	1776	402.593	50.0068
rna8158	1534	1499	155	22.8105
rna8159	3046	3011	809.01	59.2719
rna8160	3122	3087	0	0
rna8164	71	36	0.166667	1.0213
rna8161	3733	3698	923.712	55.103
rna8162	3708	3673	309.427	18.5842
rna8163	3621	3586	0	0
rna8165	4547	4512	45	2.20013
rna8166	4729	4694	604.251	28.3975
rna8167	2206	2171	313	31.8046
rna8168	1826	1791	277	34.1185
rna8173	2867	2832	0.000118737	9.24905e-006
rna8174	2858	2823	132.317	10.3397
rna8172	2967	2932	0	0
rna8169	4112	4077	0.0647624	0.00350419
rna8170	3993	3958	400.882	22.3432
rna8171	4103	4068	966.737	52.4243
rna8175	11440	11405	10432.1	201.781
rna8176	11686	11651	151.211	2.86303
rna8177	11494	11459	976.867	18.8059
rna8178	11497	11462	269.354	5.18404
rna8179	11560	11525	726.536	13.9066
rna8180	11743	11708	0.0355131	0.000669132
rna8181	11899	11864	0.00112704	2.09563e-005
rna8182	11527	11492	1398.71	26.8495
rna8183	11530	11495	387.295	7.43256
rna8184	11593	11558	202.275	3.8607
rna8185	11776	11741	49.6318	0.932526
rna8186	11932	11897	414.772	7.69091
rna8187	11584	11549	34.2838	0.654863
rna8188	11650	11615	25.9825	0.493477
rna8189	11989	11954	4.70791e-005	8.68802e-007
rna8190	11458	11423	17856.1	344.836
rna8191	11704	11669	1377.38	26.0391
rna8192	11512	11477	2699.42	51.8857
rna8193	11515	11480	746.479	14.3444
rna8194	11578	11543	1997.3	38.1707
rna8195	11761	11726	0.0984114	0.0018514
rna8196	11917	11882	0.00310678	5.76802e-005
rna8197	11545	11510	2146.13	41.1326
rna8198	11548	11513	595.709	11.4143
rna8199	11608	11573	1111.5	21.1869
rna8200	11611	11576	310.661	5.92017
rna8201	11794	11759	75.8447	1.42285
rna8202	11950	11915	627.961	11.6264
rna8203	11602	11567	52.8576	1.00807
rna8204	11605	11570	14.7239	0.280733
rna8205	11665	11630	142.302	2.69921
rna8206	11668	11633	39.9678	0.757921
rna8207	11764	11729	2558.12	48.1133
rna8208	11827	11792	0.140923	0.00263632
rna8209	11851	11816	0.0021832	4.07595e-005
rna8210	11761	11726	0.100401	0.00188884
rna8211	11824	11789	201.494	3.77042
rna8212	11917	11882	252.449	4.68694
rna8213	11920	11885	72.8736	1.35262
rna8214	11983	11948	0.00449854	8.30581e-005
rna8215	12004	11969	0.000254155	4.68432e-006
rna8216	12007	11972	7.32691e-005	1.35008e-006
rna8217	2300	2265	0	0
rna8218	1249	1214	11	1.99885
rna8219	5116	5081	24.1955	1.05049
rna8220	4906	4871	5.80665	0.262974
rna8221	4969	4934	1.48849e-006	6.65507e-008
rna8222	4418	4383	25.0048	1.25851
rna8223	3344	3309	374.846	24.9897
rna8227	2328	2293	582.247	56.0156
rna8224	2350	2315	5.59851e-008	5.33491e-009
rna8225	2353	2318	1.21293e-008	1.15432e-009
rna8226	2374	2339	0	0
rna8228	2806	2771	201.369	16.0311
rna8229	3131	3096	47.6308	3.39385
rna8230	1651	1616	349.467	47.7057
rna8231	1503	1468	103.533	15.5581
rna8236	2991	2956	240.89	17.9772
rna8234	3199	3164	0	0
rna8235	3943	3908	89.1616	5.03303
rna8233	3610	3575	32.4464	2.00215
rna8232	3297	3262	317.502	21.4718
rna8237	3548	3513	975.98	61.287
rna8238	3577	3542	294.376	18.3341
rna8239	1649	1614	489.644	66.9242
rna8240	2933	2898	1044.2	79.4861
rna8242	2994	2959	396.06	29.5271
rna8241	3210	3175	68.7401	4.77609
rna8243	1085	1050	765	160.723
rna8244	2483	2448	553	49.8333
rna8245	8973	8938	1079	26.631
rna8246	901	866	45	11.4631
rna8247	802	767	33.2415	9.56072
rna8248	1539	1504	36.8065	5.39861
rna8249	1876	1841	14.6161	1.75139
rna8250	2904	2869	103.82	7.98282
rna8251	2591	2556	0	0
rna8252	1719	1684	0	0
rna8253	1655	1620	9.61995	1.30998
rna8254	813	778	55.38	15.7029
rna8255	1529	1494	7.72306	1.14037
rna8256	1592	1557	0	0
rna8257	1632	1597	78.3279	10.8197
rna8258	1686	1651	113.949	15.2254
rna8259	2920	2885	226	17.281
rna8262	717	682	16	5.17537
rna8261	730	695	0	0
rna8260	721	686	0	0
rna8263	1372	1337	154	25.4094
rna8264	516	481	290	133.002
rna8265	941	906	129	31.4099
rna8266	1541	1506	231	33.8371
rna8267	1985	1950	737	83.3755
rna8268	491	456	393.895	190.555
rna8269	527	492	55.1052	24.7077
rna8271	1934	1899	0	0
rna8270	1796	1761	257	32.1943
rna8272	1560	1525	3400	491.83
rna8273	2363	2328	35.1396	3.32981
rna8274	2098	2063	735.86	78.6868
rna8278	4614	4579	884.363	42.6055
rna8276	5428	5393	331.602	13.5641
rna8277	5432	5397	2.03523	0.0831892
rna8275	5416	5381	0.000323188	1.32494e-005
rna8279	1176	1141	489	94.5429
rna8280	1005	970	25.4945	5.79802
rna8281	999	964	27.5055	6.29432
rna8282	835	800	134.229	37.0137
rna8283	829	794	17.7709	4.93737
rna8286	2288	2253	117.045	11.4604
rna8284	2312	2277	87.8335	8.50948
rna8285	2243	2208	1181.12	118.005
rna8287	2345	2310	285	27.2169
rna8294	1341	1306	147.301	24.881
rna8292	1504	1469	19.8869	2.98642
rna8293	1681	1646	0	0
rna8291	2321	2286	365.818	35.3016
rna8289	2327	2292	0	0
rna8290	2327	2292	20.5566	1.97852
rna8288	2220	2185	11.728	1.18407
rna8295	2054	2019	639.959	69.9232
rna8296	2643	2608	241	20.3852
rna8297	1066	1031	224	47.9286
rna8305	2097	2062	0	0
rna8303	2481	2446	34.2998	3.09344
rna8304	2511	2476	1.91087e-005	1.7025e-006
rna8300	2533	2498	31.1345	2.74951
rna8301	2563	2528	0	0
rna8302	2530	2495	41.7627	3.69253
rna8299	2582	2547	0	0
rna8298	2499	2464	56.6777	5.07432
rna8306	1554	1519	269.669	39.1632
rna8307	2518	2483	19.0106	1.68898
rna8308	2433	2398	23.4459	2.15687
rna8309	1962	1927	0	0
rna8310	1959	1924	0	0
rna8311	1950	1915	0	0
rna8312	3524	3489	338.354	21.3932
rna8313	3192	3157	335.646	23.4538
rna8314	920	885	104	25.9236
rna8315	1153	1118	125	24.6646
rna8316	573	538	44.479	18.238
rna8317	692	657	5.52101	1.85378
rna8318	626	591	1171.07	437.119
rna8319	968	933	291	68.8045
rna8320	3168	3133	588.723	41.453
rna8321	3266	3231	521.809	35.6271
rna8322	1550	1515	472	68.7282
rna8323	782	747	145	42.8206
rna8324	73	38	0	0
rna8325	4140	4105	6.83714	0.367424
rna8326	5027	4992	220.161	9.72907
rna8327	4601	4566	167.002	8.06847
rna8328	2311	2276	0	0
rna8329	2225	2190	0	0
rna8332	2210	2175	0	0
rna8331	2216	2181	95.3184	9.6411
rna8330	2363	2328	338.818	32.1062
rna8333	2338	2303	81.8639	7.84159
rna8334	2245	2210	412	41.1254
rna8335	5618	5583	41.1989	1.62788
rna8336	5477	5442	0	0
rna8337	5705	5670	535.114	20.8194
rna8338	4195	4160	360.911	19.1387
rna8339	2945	2910	384	29.1101
rna8340	2822	2787	2.58693e-008	2.04764e-009
rna8341	1379	1344	340	55.8066
rna8342	8841	8806	717.919	17.9847
rna8343	7926	7891	688.981	19.2611
rna8344	5977	5942	100.321	3.72448
rna8345	6638	6603	9.46682	0.316278
rna8346	6695	6660	105.256	3.48642
rna8347	5767	5732	1193.57	45.9355
rna8348	7435	7400	129.038	3.84672
rna8349	6086	6051	0.00385421	0.000140512
rna8350	6081	6046	0.0102312	0.000373305
rna8351	6054	6019	274.506	10.0608
rna8352	3969	3934	138.588	7.77138
rna8353	2564	2529	805	70.2187
rna8354	1301	1266	41.4235	7.21803
rna8355	1110	1075	25.5765	5.24854
rna8356	594	559	258	101.815
rna8357	4014	3979	347	19.2381
rna8361	4285	4250	339.176	17.6053
rna8360	4866	4831	3.77137	0.172214
rna8358	4669	4634	164.602	7.83581
rna8359	4884	4849	111.451	5.07033
rna8362	1693	1658	348	46.3021
rna8363	314	279	157	124.137
rna8364	2235	2200	494	49.5347
rna8365	2044	2009	0	0
rna8366	6380	6345	691	24.0244
rna8367	728	693	134	42.6557
rna8368	1020	985	139	31.1304
rna8369	1227	1192	167.295	30.9608
rna8372	573	538	255.705	104.849
rna8371	621	586	0	0
rna8370	608	573	0	0
rna8373	1968	1933	1332	152.012
rna8375	4015	3980	288.58	15.9952
rna8374	3684	3649	379.42	22.9378
rna8376	612	577	20.2456	7.74035
rna8377	555	520	103.754	44.0158
rna8378	569	534	0	0
rna8382	2570	2535	473.605	41.2139
rna8381	2899	2864	779.034	60.0052
rna8379	3185	3150	90.0968	6.30964
rna8380	3227	3192	0	0
rna8383	2858	2823	404.264	31.5908
rna8384	215	180	13	15.9322
rna8385	73	38	0.285714	1.65865
rna8386	1815	1780	53	6.56843
rna8387	979	944	2	0.467373
rna8388	73	38	0.285714	1.65865
rna8390	2396	2361	18.3023	1.71008
rna8391	2267	2232	622.556	61.5305
rna8389	2018	1983	14.0482	1.5628
rna8393	8230	8195	0.180368	0.0048553
rna8394	8371	8336	451.477	11.9477
rna8392	7069	7034	1023.59	32.1018
rna8400	109	74	0	0
rna8401	22	23	0	0
rna8402	6796	6761	4	0.130513
rna8404	1092	1057	0	0
rna8403	1612	1577	0	0
rna8405	1704	1669	2.16254	0.285833
rna8406	1688	1653	0	0
rna8407	1732	1697	0	0
rna8409	510	475	1.21474	0.56415
rna8410	969	934	0	0
rna8408	1674	1639	2.12966	0.286641
rna8395	2000	1965	0	0
rna8396	1968	1933	15.5654	1.77637
rna8411	561	526	3.51162	1.47275
rna8397	1904	1869	0	0
rna8398	1988	1953	0	0
rna8399	1975	1940	4.79274	0.54499
rna8412	119	84	0	0
rna8413	1711	1676	3	0.394869
rna8414	72	37	0.333333	1.98739
rna8415	74	39	0	0
rna8416	72	37	0	0
rna8417	73	38	0.366222	2.12602
rna8418	74	39	0	0
rna8419	82	47	0.4	1.87745
rna8420	215	180	0	0
rna8421	71	36	0	0
rna8422	392	357	0	0
rna8423	2519	2484	0	0
rna8424	2471	2436	17.6014	1.59395
rna8425	2531	2496	12.49	1.10389
rna8426	2689	2654	195.909	16.2839
rna8429	7236	7201	97.0539	2.97321
rna8428	7790	7755	0	0
rna8427	7782	7747	0	0
rna8430	76	41	0	0
rna8431	23	24	0	0
rna8432	72	37	0	0
rna8433	3847	3812	36	2.08332
rna8434	1227	1192	246	45.5265
rna8439	1836	1801	0	0
rna8438	1712	1677	0	0
rna8437	2548	2513	102.52	8.99958
rna8435	2432	2397	0	0
rna8436	2484	2449	29.4799	2.65548
rna8440	3027	2992	781.564	57.6247
rna8441	2403	2368	325.552	30.3281
rna8442	2747	2712	7.88372	0.641279
rna8443	9287	9252	1156	27.5631
rna8444	2576	2541	134	11.6334
rna8445	1385	1350	143.446	23.4402
rna8446	2588	2553	378.141	32.6745
rna8447	1902	1867	268.009	31.6673
rna8448	1918	1883	86	10.0752
rna8449	2450	2415	59	5.3894
rna8450	363	328	2	1.34512
rna8451	2756	2721	283	22.9437
rna8452	1680	1645	130	17.4334
rna8453	888	853	211.364	54.6622
rna8454	4345	4310	159.197	8.14821
rna8455	4264	4229	26.3549	1.37477
rna8456	3944	3909	480.113	27.0947
rna8463	3581	3546	663.656	41.2867
rna8464	3321	3286	28.9584	1.94407
rna8465	3415	3380	288.988	18.8612
rna8466	3376	3341	63.1602	4.17035
rna8457	4358	4323	15.6299	0.797586
rna8458	4342	4307	0	0
rna8459	4243	4208	15.8331	0.830034
rna8460	4312	4277	830.464	42.8339
rna8461	4303	4268	81.281	4.20117
rna8462	3943	3908	0	0
rna8469	2412	2377	109.993	10.2081
rna8468	2535	2500	0	0
rna8467	2862	2827	245.007	19.1187
rna8470	1703	1668	174	23.0122
rna8471	6081	6046	160.875	5.86983
rna8472	5818	5783	34.1303	1.30195
rna8473	7260	7225	359.02	10.9619
rna8474	6160	6125	0	0
rna8475	5908	5873	0	0
rna8476	5977	5942	85.9254	3.19003
rna8477	6094	6059	21.9511	0.799212
rna8482	4862	4827	7.31472	0.334292
rna8478	6102	6067	0	0
rna8479	5919	5884	0.000323259	1.21195e-005
rna8480	5724	5689	262.085	10.1628
rna8481	6087	6052	0	0
rna8483	5549	5514	136.621	5.46584
rna8484	6523	6488	79.4204	2.70039
rna8485	5309	5274	494.679	20.6914
rna8486	6883	6848	1225.88	39.4904
rna8487	1601	1566	6	0.845211
rna8488	91	56	0	0
rna8489	21	22	0	0
rna8490	140	105	0	0
rna8491	22	23	0	0
rna8492	707	672	0	0
rna8493	2177	2142	17.1256	1.76373
rna8494	2662	2627	34.4482	2.89275
rna8495	6067	6032	17.1562	0.62743
rna8496	2022	1987	14.9007	1.6543
rna8499	12895	12860	609.925	10.4626
rna8498	880	845	3.36937	0.879625
rna8497	839	804	0	0
rna8500	6588	6553	683.137	22.9971
rna8501	7797	7762	358.783	10.1968
rna8502	7839	7804	0.079709	0.00225318
rna8503	6683	6648	0	0
rna8504	395	360	94	57.6011
rna8507	872	837	146.064	38.4968
rna8506	1292	1257	26.9357	4.72714
rna8505	932	897	0	0
rna8508	5643	5608	9.05792	0.356309
rna8511	2088	2053	4.53297	0.487079
rna8512	685	650	1	0.339385
rna8513	515	480	2	0.919167
rna8509	5562	5527	126.968	5.06769
rna8510	5576	5541	6.3995	0.254779
rna8514	72	37	0.333333	1.98739
rna8515	72	37	0.333333	1.98739
rna8516	72	37	0	0
rna8517	72	37	0	0
rna8518	72	37	0.333333	1.98739
rna8519	72	37	0.333333	1.98739
rna8520	72	37	0.333333	1.98739
rna8521	9619	9584	791.852	18.2265
rna8522	3447	3412	13	0.840504
rna8523	7281	7246	372.185	11.3309
rna8524	7235	7200	140.235	4.29664
rna8525	2213	2178	133	13.471
rna8526	594	559	287	113.26
rna8527	2562	2527	803	70.0997
rna8528	2333	2298	157.676	15.1363
rna8529	1138	1103	4.3243	0.86486
rna8530	4270	4235	0	0
rna8531	4019	3984	115	6.36772
rna8532	7134	7099	577	17.9302
rna8533	2116	2081	8	0.848054
rna8534	3532	3497	92.1933	5.8158
rna8535	2086	2051	26	2.79649
rna8536	971	936	85	20.0331
rna8539	836	801	20.2702	5.58252
rna8537	976	941	6.62414	1.55291
rna8538	882	847	17.6252	4.59046
rna8540	995	960	194.481	44.69
rna8541	4269	4234	0	0
rna8542	4389	4354	0	0
rna8544	4381	4346	4.62871	0.23495
rna8543	8381	8346	34690.1	916.923
rna8546	4120	4085	509.963	27.5393
rna8545	4226	4191	200.813	10.5701
rna8547	4240	4205	0	0
rna8548	4248	4213	0	0
rna8549	4233	4198	0	0
rna8550	3018	2983	3.36408	0.248782
rna8552	2504	2469	520.314	46.489
rna8551	2728	2693	223.686	18.3234
rna8553	3872	3837	12.1585	0.699028
rna8554	3669	3634	28.039	1.70209
rna8555	4038	4003	0	0
rna8556	3975	3940	0	0
rna8557	3921	3886	0	0
rna8558	3863	3828	0	0
rna8559	3746	3711	24.8025	1.47438
rna8560	3661	3626	0	0
rna8561	3254	3219	419	28.7143
rna8562	3023	2988	567.776	41.9181
rna8563	2866	2831	376.224	29.3165
rna8564	2899	2864	0	0
rna8565	2005	1970	44.032	4.93069
rna8572	3617	3582	7.45323	0.459013
rna8569	3636	3601	0.0144195	0.000883349
rna8570	3621	3586	1.99485	0.122717
rna8571	3639	3604	0.00539297	0.000330103
rna8568	3836	3801	0.233447	0.0135486
rna8566	3822	3787	18.2313	1.06201
rna8567	3840	3805	0.0674089	0.00390812
rna8573	4313	4278	0	0
rna8574	981	946	0	0
rna8575	893	858	1	0.25711
rna8576	73	38	0.666667	3.87018
rna8577	3269	3234	1331.26	90.809
rna8578	3334	3299	3639.75	243.385
rna8579	3322	3287	415.993	27.9185
rna8580	3045	3010	3	0.219867
rna8581	976	941	108	25.3186
rna8582	2567	2532	2	0.17425
rna8584	1249	1214	9.55906	1.73701
rna8583	1122	1087	24.4409	4.96014
rna8585	3072	3037	18	1.30747
rna8586	18589	18554	13.2793	0.157885
rna8587	5968	5933	570.216	21.2017
rna8588	18534	18499	442.422	5.27587
rna8589	20796	20761	456.133	4.84673
rna8590	20778	20743	1270.5	13.5117
rna8591	19252	19217	12.21	0.140163
rna8592	19249	19214	14.6822	0.168569
rna8593	2735	2700	207	16.9127
rna8594	2287	2252	159.775	15.6511
rna8595	1840	1805	24.2252	2.96071
rna8596	2809	2774	241	19.1653
rna8597	1892	1857	22.6463	2.69024
rna8598	1810	1775	5.76261	0.716188
rna8599	672	637	4.5911	1.58995
rna8601	1678	1643	222.898	29.9278
rna8600	1621	1586	966.102	134.377
rna8602	1314	1279	2355	406.187
rna8603	1020	985	28	6.27086
rna8604	4949	4914	1.14415e-006	5.13632e-008
rna8605	4793	4758	110.38	5.11767
rna8606	4961	4926	6.4195e-008	2.87483e-009
rna8607	4894	4859	404.62	18.3699
rna8608	2165	2130	0	0
rna8609	2939	2904	6	0.455785
rna8616	1393	1358	6.57614	1.06826
rna8615	1429	1394	21.2284	3.35939
rna8614	1232	1197	2.28045	0.420274
rna8613	1463	1428	6.91499	1.06824
rna8610	1776	1741	0	0
rna8611	1399	1364	0	0
rna8612	1311	1276	0	0
rna8617	1250	1215	0	0
rna8618	1211	1176	19	3.56412
rna8619	4146	4111	64.1085	3.44012
rna8620	2743	2708	35.8915	2.92381
rna8621	2393	2358	417	39.012
rna8622	1135	1100	19	3.81036
rna8623	2198	2163	0	0
rna8624	949	914	0	0
rna8625	2107	2072	0	0
rna8626	1679	1644	3	0.402555
rna8627	1706	1671	0	0
rna8628	4913	4878	0	0
rna8629	4943	4908	469.074	21.0835
rna8630	1181	1146	1	0.192496
rna8631	2037	2002	118	13.0024
rna8632	4312	4277	30.2982	1.56273
rna8633	4228	4193	146.702	7.7182
rna8634	4200	4165	7	0.370756
rna8635	3740	3705	0	0
rna8636	3605	3570	69	4.2637
rna8638	2537	2502	1435.1	126.532
rna8637	2740	2705	85.8986	7.00526
rna8639	1669	1634	8	1.08005
rna8640	544	509	190	82.3458
rna8641	2359	2324	71.0035	6.73983
rna8642	2506	2471	79.0345	7.05585
rna8643	2524	2489	251.601	22.2994
rna8644	2561	2526	169.361	14.7906
rna8645	2200	2165	0	0
rna8646	907	872	127	32.1287
rna8647	1475	1440	6	0.919167
rna8648	824	789	154	43.0576
rna8649	4895	4860	671	30.4573
rna8650	2400	2365	0	0
rna8651	2400	2365	14.3055	1.33437
rna8652	2402	2367	0	0
rna8653	2314	2279	302.466	29.2778
rna8654	2311	2276	335.558	32.5238
rna8655	2372	2337	22.1836	2.09401
rna8656	2615	2580	1.68341e-008	1.43938e-009
rna8657	2610	2575	3.1771e-008	2.72182e-009
rna8658	2572	2537	7.0241	0.610768
rna8659	2569	2534	5.4242	0.47221
rna8660	2159	2124	81.5161	8.46632
rna8661	2161	2126	127.982	13.2798
rna8662	13118	13083	1171.37	19.7511
rna8663	12672	12637	15906.3	277.671
rna8664	12654	12619	5876.39	102.729
rna8665	12598	12563	1885.95	33.1164
rna8666	12486	12451	3865.29	68.4831
rna8667	11007	10972	16012.5	321.943
rna8668	128	93	0	0
rna8669	23	24	0	0
rna8670	1130	1095	209	42.1054
rna8671	753	718	160	49.1588
rna8672	891	856	392	101.022
rna8673	1479	1444	917	140.09
rna8681	4386	4351	243.632	12.3524
rna8680	4289	4254	122.286	6.34138
rna8679	2260	2225	12.8788	1.27689
rna8678	2461	2426	0	0
rna8677	3347	3312	0	0
rna8676	2950	2915	15.202	1.15045
rna8675	2947	2912	0.163838	0.0124116
rna8674	2381	2346	331.578	31.1791
rna8682	947	912	28.2597	6.83562
rna8683	2351	2316	34.2635	3.26361
rna8684	18099	18064	119.776	1.46272
rna8685	6877	6842	9.22425	0.297409
rna8686	4253	4218	82.9891	4.3403
rna8687	4212	4177	1.01091	0.0533891
rna8688	89	54	30	122.556
rna8689	22	23	0	0
rna8690	82	47	0.4	1.87745
rna8691	2720	2685	75	6.16201
rna8692	2644	2609	1.04531e-005	8.8385e-007
rna8693	3758	3723	15	0.8888
rna8699	13776	13741	90.351	1.45051
rna8698	13658	13623	2948.28	47.7421
rna8697	13764	13729	299.526	4.81284
rna8696	17162	17127	154.719	1.99282
rna8695	17161	17126	1.65108	0.0212676
rna8694	16920	16885	665.29	8.69191
rna8701	2776	2741	3582.03	288.288
rna8700	2805	2770	3380.97	269.257
rna8703	602	567	1732.78	674.164
rna8702	680	645	366.17	125.236
rna8705	1080	1045	56.0526	11.8327
rna8704	1224	1189	0	0
rna8706	2970	2935	148	11.124
rna8708	4360	4325	7.15666	0.365031
rna8707	4382	4347	0	0
rna8709	20693	20658	0	0
rna8710	9044	9009	1447.12	35.4352
rna8711	7904	7869	67.7079	1.89813
rna8712	7730	7695	781.999	22.4183
rna8713	7675	7640	8190.99	236.51
rna8714	20678	20643	2.00757e-005	2.14538e-007
rna8715	20675	20640	40.5496	0.433394
rna8716	20615	20580	959.877	10.2891
rna8717	20597	20562	0	0
rna8718	20582	20547	1964.41	21.0906
rna8719	20588	20553	0	0
rna8720	20573	20538	1022.16	10.9791
rna8721	20492	20457	1.09476e-007	1.18055e-009
rna8722	20503	20468	23.1105	0.24908
rna8731	18355	18320	23.6533	0.284821
rna8732	18328	18293	146.293	1.76418
rna8723	20138	20103	122.528	1.34456
rna8724	20340	20305	0	0
rna8725	20166	20131	35.3161	0.387002
rna8726	20111	20076	1234.8	13.5683
rna8727	19227	19192	0	0
rna8728	19053	19018	0	0
rna8729	18998	18963	0	0
rna8730	20334	20299	625.662	6.79941
rna8733	18485	18450	12905.9	154.312
rna8734	836	801	57	15.6981
rna8735	901	866	993	252.951
rna8738	1902	1867	2855.87	337.442
rna8737	1886	1851	2961.88	352.994
rna8736	1932	1897	63.2483	7.35507
rna8739	2927	2892	79	6.02607
gene3690	1067	1032	69	14.7494
rna8740	2537	2502	269	23.7176
rna8747	2994	2959	348	25.9442
rna8746	3171	3136	0	0
rna8745	3083	3048	0	0
rna8744	3111	3076	0	0
rna8743	3106	3071	0	0
rna8742	3092	3057	0	0
rna8741	3103	3068	0	0
rna8748	1062	1027	628	134.895
rna8749	4132	4097	584	31.4451
rna8750	627	592	0	0
rna8751	789	754	2	0.585146
rna8752	625	590	2	0.747797
rna8753	4672	4637	47	2.23597
rna8754	2261	2226	118	11.694
rna8755	2789	2754	47	3.76478
rna8757	3191	3156	211.554	14.7873
rna8756	3192	3157	453.446	31.6852
rna8760	3015	2980	36.2525	2.68366
rna8761	3020	2985	5.00594	0.369953
rna8762	3024	2989	1.02953	0.0759835
rna8763	3028	2993	0.212184	0.0156391
rna8758	3543	3508	1.66754e-006	1.04863e-007
rna8759	3583	3548	231.5	14.3937
rna8764	2237	2202	0	0
rna8765	2255	2220	126	12.5205
rna8766	1500	1465	8	1.20464
rna8767	8518	8483	5506.35	143.193
rna8768	1815	1780	80.6172	9.9911
rna8769	1409	1374	0	0
rna8770	1606	1571	67.5067	9.47929
rna8771	2601	2566	691.876	59.4809
rna8772	1756	1721	16.107	2.06461
rna8774	1975	1940	97.0679	11.0377
rna8773	1946	1911	116.825	13.4859
rna8776	1537	1502	215	31.5772
rna8775	1556	1521	7.67409e-005	1.11302e-005
rna8777	1915	1880	225.6	26.472
rna8779	3681	3646	47	2.84372
rna8778	1840	1805	326.4	39.8913
rna8780	2951	2916	532.416	40.2781
rna8781	3451	3416	423.584	27.3544
rna8784	3007	2972	0	0
rna8782	3419	3384	4.00579	0.261134
rna8783	3431	3396	172.07	11.1774
rna8785	2392	2357	139	13.0095
rna8786	3254	3219	0	0
rna8787	3129	3094	0	0
rna8788	3560	3525	0	0
rna8789	3422	3387	33.8402	2.20406
rna8790	3083	3048	132.16	9.56511
rna8791	7401	7366	661.554	19.8125
rna8798	3412	3377	0	0
rna8797	3306	3271	360.314	24.3
rna8796	3330	3295	0.0641436	0.00429441
rna8795	3355	3320	8.51778e-006	5.65971e-007
rna8792	7841	7806	1.16966e-006	3.30549e-008
rna8793	7286	7251	0	0
rna8794	7856	7821	363.068	10.2407
rna8799	7246	7211	0	0
rna8800	5363	5328	666	27.575
rna8801	1236	1201	51	9.3677
rna8802	887	852	126	32.624
rna8806	1651	1616	759.545	103.685
rna8805	1742	1707	67.1796	8.6818
rna8804	1721	1686	59.8124	7.82599
rna8803	1727	1692	149.463	19.4867
rna8808	1630	1595	5.06703e-006	7.00806e-007
rna8807	3014	2979	255.9	18.9499
rna8809	1611	1576	7.09965	0.993772
rna8811	3222	3187	477.462	33.0493
rna8810	3635	3600	17.4334	1.06828
rna8812	1180	1145	713.682	137.501
rna8813	944	909	877	212.834
rna8814	4959	4924	324.532	14.5394
rna8815	2283	2248	39.8712	3.91263
rna8816	1947	1912	835.129	96.3543
rna8817	2569	2534	90	7.83505
rna8818	5317	5282	1368.6	57.1588
rna8819	4501	4466	9.24573	0.456697
rna8820	1126	1091	94	19.0068
rna8821	779	744	177.664	52.6782
rna8822	703	668	237.336	78.3779
rna8823	2803	2768	5080	404.859
rna8824	129	94	15	35.2021
rna8825	22	23	0	0
rna8826	4704	4669	380.252	17.9661
rna8827	3955	3920	819.748	46.1317
rna8828	567	532	0	0
rna8835	5694	5659	14.6987	0.572987
rna8834	5309	5274	113.386	4.74268
rna8833	6336	6301	120.422	4.21602
rna8829	5918	5883	92.0594	3.45203
rna8830	5980	5945	94.4307	3.50402
rna8831	6032	5997	0.00322364	0.000118582
rna8832	6096	6061	1.15787e-008	4.21425e-010
rna8836	4707	4672	6027	284.58
rna8837	10332	10297	268.667	5.75585
rna8838	10335	10300	190.46	4.07918
rna8839	7488	7453	5.07057	0.150083
rna8840	7491	7456	10.1246	0.299555
rna8841	6445	6410	3.67761	0.126565
rna8843	518	483	0	0
rna8842	387	352	1	0.626705
rna8844	662	627	1	0.351834
rna8845	857	822	1.02628	0.275424
rna8847	5389	5354	501.971	20.6827
rna8846	5445	5410	0.00231132	9.42472e-005
rna8848	3927	3892	398.236	22.5722
rna8849	2797	2762	83.7009	6.68517
rna8850	2764	2729	198.063	16.0105
rna8851	3730	3695	579.551	34.6005
rna8852	3992	3957	352.544	19.6541
rna8853	4372	4337	1136.2	57.7926
rna8854	3570	3535	691.949	43.1807
rna8855	4335	4300	130.754	6.70801
rna8856	1120	1085	61	12.4024
rna8857	2110	2075	220	23.3889
rna8858	2863	2828	108.515	8.46482
rna8859	2967	2932	0	0
rna8860	3224	3189	26.5014	1.83324
rna8861	4943	4908	912.733	41.0246
rna8863	3549	3514	6.0974	0.382779
rna8862	2386	2351	115.978	10.8825
rna8864	3280	3245	54.4724	3.70312
rna8865	3346	3311	8595.7	572.701
rna8866	1687	1652	33.2534	4.4405
rna8867	477	442	1135	566.473
rna8870	834	799	0	0
rna8869	827	792	1.78594e-006	4.97446e-007
rna8868	822	787	224.03	62.7967
rna8871	4258	4223	429.844	22.4541
rna8872	3430	3395	116.379	7.5621
rna8873	250	215	21.7469	22.3133
rna8874	2386	2351	21.5602	2.02305
rna8875	100	65	0	0
rna8876	23	24	0	0
rna8877	90	55	0	0
rna8878	23	24	0	0
rna8879	4397	4362	665.74	33.6685
rna8880	4466	4431	261.26	13.007
rna8881	2742	2707	0	0
rna8882	2552	2517	796	69.7647
rna8883	4016	3981	2482	137.536
rna8884	1766	1731	241	30.7132
rna8885	2536	2501	476	41.9855
rna8886	1484	1449	1213	184.671
rna8896	9050	9015	942.955	23.0744
rna8887	9093	9058	908.546	22.1269
rna8888	9105	9070	57.5964	1.40086
rna8889	9129	9094	708.491	17.1864
rna8890	9141	9106	45.4104	1.1001
rna8891	9216	9181	1.68865e-005	4.05746e-007
rna8892	9228	9193	1.0909e-006	2.61778e-008
rna8893	9063	9028	0	0
rna8894	9252	9217	1.4121e-005	3.37972e-007
rna8895	9264	9229	9.22186e-007	2.20429e-008
rna8897	2018	1983	62.4892	6.95165
rna8898	2021	1986	100.511	11.1645
rna8901	6004	5969	3199.19	118.234
rna8900	6788	6753	215.338	7.03444
rna8899	6248	6213	1222.23	43.3967
rna8904	1952	1917	149.373	17.1892
rna8902	2276	2241	13.674	1.34604
rna8903	2330	2295	70.9529	6.82014
rna8905	3284	3249	379	25.7333
rna8906	1164	1129	16	3.12631
rna8908	2300	2265	130.249	12.6857
rna8907	3218	3183	4700.75	325.789
rna8909	3171	3136	0.000183344	1.28972e-005
rna8910	3084	3049	261.059	18.888
rna8911	3108	3073	501.513	36.0019
rna8912	3165	3130	2301.43	162.203
rna8913	1221	1186	802	149.175
rna8917	5384	5349	555.759	22.9203
rna8918	5411	5376	219.521	9.00787
rna8919	5429	5394	188.949	7.7275
rna8914	5226	5191	0	0
rna8915	5439	5404	28.4366	1.16083
rna8916	5555	5520	649.334	25.9499
rna8920	1125	1090	326	65.9776
rna8921	2032	1997	3.51086e-008	3.87829e-009
rna8922	2129	2094	362	38.1362
rna8923	2274	2239	260.129	25.6296
rna8924	2291	2256	131.874	12.8951
rna8925	2497	2462	40.9967	3.67338
rna8926	5284	5249	0.00236124	9.9236e-005
rna8927	5322	5287	190.23	7.93737
rna8928	138	103	1	2.14175
rna8930	3517	3482	213.781	13.544
rna8929	3552	3517	200.986	12.6066
rna8931	2240	2205	206.255	20.6348
rna8932	2185	2150	126.575	12.9872
rna8933	2189	2154	254.696	26.0845
rna8934	2239	2204	777.049	77.7754
rna8935	1331	1296	26.4256	4.49807
rna8936	775	740	0	0
rna8937	771	736	0	0
rna8938	757	722	0	0
rna8939	740	705	1	0.312908
rna8941	1858	1823	1.43672e-008	1.73856e-009
rna8940	1827	1792	9	1.10792
rna8942	2741	2706	82	6.68485
rna8945	1047	1012	852.614	185.856
rna8944	1525	1490	507.963	75.2058
rna8943	1313	1278	19.4231	3.35269
rna8946	2545	2510	219.524	19.2936
rna8947	2539	2504	88.476	7.79465
rna8948	654	619	40	14.2553
rna8949	503	468	88	41.4804
rna8950	1474	1439	244	37.4054
rna8951	975	940	211	49.5177
rna8952	1155	1120	0	0
rna8953	1194	1159	19.2952	3.67257
rna8954	1178	1143	39.012	7.52934
rna8955	1267	1232	20.0973	3.5986
rna8956	1246	1211	43.5955	7.94152
rna8957	1223	1188	179	33.2386
rna8958	621	586	24	9.03481
rna8959	1264	1229	0	0
rna8960	1210	1175	17.803	3.34243
rna8961	1144	1109	36.0968	7.1803
rna8962	1155	1120	106.1	20.8979
rna8963	2721	2686	1695	139.21
rna8964	4421	4386	1030	51.8053
rna8967	2767	2732	1193.26	96.3515
rna8966	3755	3720	877.263	52.0227
rna8965	3615	3580	302.074	18.6139
rna8968	3205	3170	57.7726	4.02039
rna8969	606	571	183	70.7002
rna8970	7475	7440	0	0
rna8971	7637	7602	150.305	4.36166
rna8972	7640	7605	3.99976e-006	1.16022e-007
rna8973	7802	7767	2.71295	0.0770538
rna8974	7793	7758	194.958	5.54365
rna8975	7646	7611	34.1447	0.989663
rna8976	7637	7602	19.9652	0.579363
rna8977	7742	7707	0	0
rna8978	7799	7764	0	0
rna8979	7799	7764	0.00261853	7.44007e-005
rna8980	7787	7752	282.87	8.04969
rna8981	7730	7695	304.845	8.73928
rna8982	7739	7704	0.00710434	0.000203429
rna8983	7739	7704	463.248	13.2649
rna8984	7751	7716	0	0
rna8985	7799	7764	0.00200017	5.68313e-005
rna8986	7730	7695	8.80595e-005	2.52449e-006
rna8987	7799	7764	0	0
rna8988	7733	7698	509.868	14.6112
rna8989	7799	7764	0	0
rna8990	7643	7608	619.835	17.9726
rna8991	7649	7614	72.6416	2.10464
rna8992	7562	7527	656.129	19.2297
rna8993	7616	7581	550.049	16.0059
rna8994	7619	7584	0.48029	0.0139705
rna8995	7559	7524	700.613	20.5416
rna8996	7628	7593	0	0
rna8997	7571	7536	0	0
rna8998	7619	7584	1.58687	0.0461583
rna8999	7571	7536	141.451	4.14067
rna9000	7637	7602	0	0
rna9001	7628	7593	0	0
rna9002	7613	7578	655.789	19.0904
rna9003	7628	7593	0	0
rna9004	7628	7593	0	0
rna9005	7637	7602	611.685	17.7503
rna9006	7616	7581	5.15132	0.149899
rna9007	7562	7527	0.0181753	0.000532679
rna9008	7619	7584	1.44078	0.0419089
rna9009	7568	7533	16.5394	0.484349
rna9010	7628	7593	66.6479	1.93633
rna9011	7637	7602	0	0
rna9012	7559	7524	351.497	10.3057
rna9013	7628	7593	0	0
rna9014	7619	7584	89.3119	2.59787
rna9015	7616	7581	40.6075	1.18164
rna9016	7619	7584	11.3785	0.330974
rna9017	7619	7584	2.34567	0.0682298
rna9018	7628	7593	0	0
rna9019	7619	7584	604.439	17.5817
rna9020	7245	7210	2296.32	70.259
rna9021	1069	1034	291	62.0838
rna9022	3556	3521	525.247	32.9081
rna9023	3569	3534	0.00171559	0.000107091
rna9024	3532	3497	179.435	11.3192
rna9025	3546	3511	878.316	55.1856
rna9026	2383	2348	240	22.5486
rna9029	4694	4659	14.7103	0.696521
rna9028	4664	4629	32.2897	1.5388
rna9027	4574	4539	0	0
rna9031	4599	4564	0	0
rna9030	4866	4831	0	0
rna9032	2976	2941	51.9949	3.90006
rna9034	2530	2495	54.4348	4.81296
rna9033	2969	2934	54.3816	4.08881
rna9035	2655	2620	697.189	58.7022
rna9036	1645	1610	320	43.846
rna9037	415	380	1171	679.797
rna9038	2904	2869	39.371	3.02727
rna9039	2930	2895	0	0
rna9040	2909	2874	14.0981	1.08213
rna9041	2737	2702	395.509	32.2906
rna9042	2632	2597	0	0
rna9043	2090	2055	155.022	16.6413
rna9046	1077	1042	165.201	34.9744
rna9045	1096	1061	78.4814	16.3176
rna9044	1175	1140	71.1764	13.7733
rna9047	1288	1253	42.1413	7.41929
rna9048	2094	2059	150	16.0709
rna9049	2882	2847	1476	114.368
rna9050	1071	1036	587.419	125.082
rna9051	823	788	1708.58	478.316
rna9052	1268	1233	178	31.8466
rna9054	2244	2209	16.0072	1.59855
rna9053	1830	1795	82.9928	10.1996
rna9055	72	37	0	0
rna9056	3175	3140	0	0
rna9057	3068	3033	11.1433	0.810488
rna9059	74	39	0.618904	3.50078
rna9058	3238	3203	0	0
rna9060	1037	1002	1	0.22016
rna9061	4108	4073	2314	125.33
rna9062	2142	2107	382	39.9949
rna9063	484	449	116	56.9924
rna9064	1186	1151	216	41.3984
rna9067	2127	2092	333.545	35.1721
rna9066	2281	2246	4.99279e-006	4.90387e-007
rna9065	2404	2369	425.455	39.6182
rna9068	1548	1513	29.0882	4.24115
rna9070	888	853	376.041	97.2505
rna9069	949	914	0	0
rna9071	787	752	57.9589	17.0023
rna9072	2047	2012	25	2.74105
rna9074	1509	1474	76.7025	11.4794
rna9073	1341	1306	328.544	55.4952
rna9075	6016	5981	469.317	17.31
rna9076	1232	1197	921.754	169.874
rna9081	1768	1733	30.0244	3.82192
rna9082	1835	1800	104.14	12.7629
rna9077	1833	1798	337.264	41.3796
rna9078	1844	1809	0.250983	0.0306063
rna9079	1922	1887	212.331	24.8226
rna9080	1911	1876	0.989186	0.116319
rna9083	4252	4217	656.503	34.343
rna9084	4218	4183	84.4973	4.45616
rna9086	1180	1145	318.151	61.2963
rna9085	2891	2856	259.849	20.0709
rna9087	4124	4089	82.3752	4.44411
rna9088	4079	4044	187.344	10.2196
rna9089	4681	4646	176.281	8.37013
rna9090	1437	1402	396.202	62.3411
rna9091	1757	1722	41.48	5.31387
rna9092	1830	1795	54.52	6.70035
rna9093	2119	2084	395.206	41.8341
rna9094	1206	1171	31	5.83997
rna9095	1834	1799	14543.6	1783.39
rna9097	607	572	11.163	4.30516
rna9096	390	355	1.84008	1.14344
rna9098	2560	2525	11.6078	1.01413
rna9099	2567	2532	224.392	19.5501
rna9100	969	934	113	26.6893
rna9101	961	926	342	81.4743
rna9102	1082	1047	334	70.3729
rna9103	3723	3688	346.023	20.6976
rna9104	3441	3406	589.977	38.2117
rna9105	2166	2131	312	32.2981
rna9106	4933	4898	1164	52.4252
rna9107	497	462	89	42.4965
rna9108	4985	4950	955.159	42.5673
rna9110	6248	6213	548.908	19.4896
rna9109	6045	6010	17.0922	0.627376
rna9111	1982	1947	301	34.1041
rna9112	1123	1088	35.6722	7.23279
rna9113	1073	1038	0.00978392	0.00207932
rna9114	1062	1027	2850.32	612.25
rna9115	1886	1851	94.6345	11.2784
rna9116	1898	1863	573.883	67.9542
rna9117	1860	1825	16.3619	1.97777
rna9118	1822	1787	180.67	22.3032
rna9119	1567	1532	316.45	45.5672
rna9120	2384	2349	613	57.5683
rna9121	2182	2147	3375	346.775
rna9122	1860	1825	0	0
rna9123	1862	1827	273	32.9632
rna9124	550	515	126	53.9721
rna9125	785	750	180	52.944
rna9126	1828	1793	70.9374	8.72772
rna9127	1602	1567	48.0626	6.76618
rna9128	4792	4757	572.887	26.5669
rna9129	4813	4778	9423.33	435.075
rna9130	2745	2710	151.072	12.2976
rna9131	2728	2693	91.9253	7.53016
rna9133	1657	1622	0	0
rna9132	1652	1617	12	1.63711
rna9134	2756	2721	95.1667	7.71547
rna9135	2726	2691	37.8333	3.10146
rna9136	2648	2613	0	0
rna9137	27169	27134	0.0222327	0.000180752
rna9138	27151	27116	7.672	0.0624149
rna9139	27091	27056	0.625049	0.00509631
rna9140	27052	27017	2690.08	21.9651
rna9163	26036	26001	0	0
rna9141	27417	27382	0	0
rna9142	27357	27322	0	0
rna9143	27297	27262	114.408	0.92577
rna9144	27237	27202	414.405	3.3607
rna9145	27354	27319	3.76538	0.0304054
rna9146	27294	27259	1103.82	8.93297
rna9147	27234	27199	87.8864	0.712811
rna9148	27174	27139	488.404	3.97001
rna9149	27309	27274	2248.9	18.1897
rna9150	27264	27229	722.506	5.8535
rna9151	27342	27307	239.633	1.93588
rna9152	27405	27370	0	0
rna9153	26763	26728	0	0
rna9154	27330	27295	45.2063	0.36536
rna9155	27249	27214	359.488	2.91405
rna9156	27411	27376	0	0
rna9157	27393	27358	0	0
rna9158	27402	27367	0	0
rna9159	27399	27364	0	0
rna9160	27339	27304	0	0
rna9161	27300	27265	0	0
rna9162	27139	27104	131.111	1.06712
rna9164	27341	27306	3.58727	0.0289809
rna9165	27281	27246	1054.17	8.53517
rna9166	27254	27219	78.7376	0.63814
rna9167	26082	26047	0.304298	0.00257719
rna9168	26064	26029	131.158	1.11159
rna9169	26004	25969	9.86083	0.0837652
rna9170	26449	26414	158.639	1.3249
rna9171	25900	25865	0	0
rna9172	22078	22043	12527	125.367
rna9173	22374	22339	219.874	2.17128
rna9174	4554	4519	1932	94.3128
rna9176	6282	6247	318.475	11.2463
rna9175	5517	5482	86.5255	3.48185
rna9177	4784	4749	0	0
rna9178	5163	5128	69.2431	2.97875
rna9179	2671	2636	41.6841	3.48843
rna9180	2270	2235	96.3836	9.5133
rna9181	5835	5800	10.8209	0.411567
rna9183	5419	5384	49.0365	2.00919
rna9182	5676	5641	0	0
rna9186	6261	6226	24.6112	0.872025
rna9185	6176	6141	26.7519	0.960995
rna9184	6381	6346	47.3246	1.6451
rna9187	6268	6233	45.5659	1.61268
rna9188	1196	1161	110.026	20.9058
rna9189	871	836	68	17.9435
rna9193	1399	1364	93.0119	15.0428
rna9192	1401	1366	16.4829	2.66188
rna9191	1622	1587	28.5052	3.96235
rna9190	1466	1431	0	0
rna9194	1154	1119	96.1579	18.9566
rna9195	943	908	0	0
rna9196	2038	2003	273.842	30.1596
rna9197	2532	2497	28.6601	2.532
rna9198	2536	2501	154.34	13.6135
rna9199	2688	2653	444.502	36.9608
rna9200	2745	2710	65.9236	5.36633
rna9201	1823	1788	0.00388708	0.00047958
rna9202	1565	1530	320.734	46.2445
rna9205	1248	1213	39.6811	7.21654
rna9204	1193	1158	0	0
rna9203	1129	1094	668.155	134.73
rna9206	4291	4256	41.2017	2.13559
rna9207	4229	4194	101.557	5.34182
rna9208	1388	1353	25	4.07613
rna9209	2817	2782	288.403	22.8691
rna9210	2813	2778	224.297	17.8113
rna9211	2932	2897	1605.42	122.249
rna9213	381	346	2	1.27514
rna9212	3065	3030	76.089	5.53968
rna9214	5475	5440	556.704	22.5752
rna9215	5578	5543	193.557	7.70315
rna9216	5945	5910	8.85657e-008	3.30585e-009
rna9217	6635	6600	274.74	9.18297
rna9218	1195	1160	7	1.33121
rna9219	1547	1512	689	100.525
rna9221	617	582	12.2478	4.64237
rna9220	712	677	42.7522	13.9308
rna9222	1677	1642	92	12.3601
rna9223	1588	1553	271	38.4949
rna9224	1115	1080	2746	560.896
rna9225	4777	4742	2130.9	99.1304
rna9227	1488	1453	10.2213	1.55183
rna9226	4303	4268	1207.1	62.3914
rna9228	3630	3595	11	0.674993
rna9229	4123	4088	6	0.323777
rna9230	4665	4630	8.03473	0.382821
rna9231	4818	4783	0	0
rna9232	6880	6845	93.6619	3.01853
rna9233	9115	9080	5022.51	122.023
rna9234	2032	1997	311.058	34.3613
rna9235	1401	1366	7	1.13045
rna9236	634	599	1487	547.633
rna9237	1270	1235	407	72.6998
rna9239	1902	1867	500.358	59.121
rna9238	2045	2010	149.535	16.4116
rna9241	2103	2068	0	0
rna9242	2205	2170	91.1079	9.26194
rna9240	2100	2065	0	0
rna9243	2653	2618	43.6377	3.67703
rna9244	2847	2812	153.756	12.0621
rna9245	3184	3149	233.606	16.3651
rna9246	511	476	131	60.7114
rna9247	4535	4500	779.178	38.1971
rna9248	2749	2714	92.8217	7.54475
rna9249	2326	2291	521	50.167
rna9250	4006	3971	181.925	10.1064
rna9251	3428	3393	897.075	58.3244
rna9256	3423	3388	968.817	63.0818
rna9255	3459	3424	153.539	9.89216
rna9254	3893	3858	116.506	6.66177
rna9253	3905	3870	3.42144e-006	1.95031e-007
rna9252	3745	3710	77.6176	4.61521
rna9257	4161	4126	0	0
rna9258	4188	4153	0	0
rna9259	4253	4218	0	0
rna9260	4256	4221	24.9518	1.30404
rna9261	3456	3421	684.119	44.1148
rna9262	3294	3259	76.0574	5.14829
rna9263	3334	3299	90.7571	6.06881
rna9264	3207	3172	55.1835	3.83779
rna9265	3086	3051	150.563	10.8863
rna9266	1412	1377	1727	276.671
rna9273	3022	2987	0	0
rna9274	3179	3144	704.165	49.408
rna9275	3188	3153	0	0
rna9276	3337	3302	13.9301	0.930642
rna9277	3186	3151	0	0
rna9278	3340	3305	0	0
rna9279	3343	3308	3.23874	0.215981
rna9280	3349	3314	1.32568	0.0882454
rna9281	3461	3426	297.532	19.1581
rna9282	3467	3432	125.558	8.07052
rna9283	3470	3435	0	0
rna9272	3371	3336	0	0
rna9271	3404	3369	51.9938	3.40452
rna9268	3493	3458	1216.35	77.5962
rna9269	3508	3473	0	0
rna9270	3508	3473	0	0
rna9267	3807	3772	264.418	15.4641
rna9284	1980	1945	0	0
rna9285	1998	1963	0	0
rna9286	1679	1644	0	0
rna9287	2802	2767	496	39.5438
rna9288	514	479	152	70.0025
rna9290	4833	4798	160.751	7.39091
rna9289	4803	4768	361.376	16.7197
rna9291	1609	1574	383	53.6784
rna9292	1367	1332	315	52.1689
rna9293	486	451	4	1.95654
rna9294	1826	1791	237.692	29.2769
rna9295	1785	1750	272.308	34.3264
rna9296	10208	10173	1302.14	28.2368
rna9297	10094	10059	1558.22	34.1728
rna9298	10205	10170	1561.57	33.8723
rna9299	10178	10143	378.66	8.23548
rna9300	10175	10140	454.254	9.8825
rna9301	10110	10075	1838.81	40.2623
rna9302	1199	1164	536	101.582
rna9305	3392	3357	14.2271	0.934915
rna9303	3213	3178	411.287	28.5494
rna9304	3849	3814	262.486	15.182
rna9307	797	762	200.426	58.0236
rna9306	890	855	98.7102	25.4684
rna9308	897	862	259.864	66.5035
rna9309	1239	1204	141	25.8344
rna9310	6485	6450	982.847	33.6149
rna9311	6494	6459	700.513	23.9252
rna9312	6494	6459	0.0106141	0.000362514
rna9313	6500	6465	261.622	8.92711
rna9314	6503	6468	0.00765481	0.000261078
rna9315	2472	2437	509	46.0753
rna9316	2190	2155	1083	110.863
rna9317	7255	7220	1046	31.9595
rna9319	732	697	567.316	179.555
rna9318	808	773	40.6842	11.6105
rna9322	1938	1903	408.937	47.4049
rna9321	2127	2092	6.98032	0.736071
rna9320	1904	1869	325.226	38.3868
rna9323	1957	1922	445.856	51.1737
rna9324	1296	1261	367	64.2032
rna9325	2779	2744	38	3.05496
rna9326	1230	1195	195.262	36.0458
rna9327	1257	1222	101.738	18.3662
rna9328	2665	2630	5715	479.365
rna9329	7743	7708	977.045	27.9627
rna9330	7898	7863	247.58	6.94597
rna9341	847	812	3	0.815025
rna9331	8803	8768	291.543	7.33513
rna9332	8418	8383	532.063	14.0013
rna9333	8493	8458	1.38106e-005	3.60205e-007
rna9334	9776	9741	381.006	8.62848
rna9335	8939	8904	0.00070739	1.75259e-005
rna9336	8554	8519	68.3072	1.76882
rna9337	8340	8305	0	0
rna9338	8300	8265	249.375	6.65603
rna9339	6669	6634	46.7372	1.55415
rna9340	7563	7528	595.776	17.4586
rna9342	2754	2719	119.637	9.70646
rna9343	1448	1413	311.753	48.6715
rna9344	1445	1410	163.265	25.5434
rna9345	1376	1341	0	0
rna9346	1378	1343	336.913	55.341
rna9347	1046	1011	144	31.4208
rna9352	1310	1275	329.84	57.0688
rna9351	1384	1349	34.6495	5.66618
rna9350	1338	1303	0	0
rna9349	1398	1363	44.5107	7.20401
rna9348	1462	1427	0	0
rna9353	2317	2282	102.044	9.86452
rna9356	4157	4122	422.535	22.6131
rna9354	4473	4438	291.486	14.4889
rna9355	4491	4456	69.9789	3.4644
rna9357	2034	1999	33	3.64172
rna9358	1693	1658	231	30.735
rna9359	10469	10434	142.485	3.01248
rna9360	11199	11164	0.134619	0.00266006
rna9361	11241	11206	451.235	8.88297
rna9362	10436	10401	407.145	8.63535
rna9363	825	790	170	47.4709
rna9364	982	947	12	2.79535
rna9365	5970	5935	5839.34	217.045
rna9366	66	31	0	0
rna9367	22	23	0	0
rna9368	1162	1127	234	45.8034
rna9369	4999	4964	613.8	27.2773
rna9372	2350	2315	2830.66	269.739
rna9371	2641	2606	3017.95	255.472
rna9370	2416	2381	143.39	13.2852
rna9374	3134	3099	1514.56	107.813
rna9375	3316	3281	356.577	23.9747
rna9373	3354	3319	14.8602	0.987697
rna9379	2564	2529	3980.49	347.211
rna9377	3127	3092	4502.62	321.242
rna9378	3157	3122	359.7	25.4163
rna9376	3230	3195	211.185	14.5813
rna9399	5755	5720	9362.79	361.09
rna9398	5789	5754	393.72	15.0946
rna9397	7582	7547	1722.59	50.3516
rna9396	6529	6494	7.18782e-005	2.44169e-006
rna9395	6363	6328	3259.95	113.645
rna9391	6428	6393	260.575	8.99152
rna9392	6434	6399	888.715	30.6377
rna9393	6446	6411	0	0
rna9394	6413	6378	0	0
rna9384	6477	6442	0	0
rna9385	6483	6448	0	0
rna9386	6489	6454	408.312	13.9562
rna9387	6435	6400	129.749	4.47228
rna9388	6345	6310	254.686	8.90394
rna9389	6426	6391	202.345	6.98442
rna9390	6495	6460	0	0
rna9383	6484	6449	44.8131	1.53291
rna9382	6529	6494	7.18782e-005	2.44169e-006
rna9380	6845	6810	0	0
rna9381	6978	6943	3129.47	99.4328
rna9400	119	84	0	0
rna9401	23	24	0	0
rna9402	606	571	897.449	346.72
rna9403	835	800	3.49345	0.963319
rna9407	3308	3273	643.648	43.3819
rna9405	3352	3317	140.282	9.32955
rna9406	3514	3479	142.127	9.01216
rna9404	3519	3484	0	0
rna9408	614	579	2172	827.536
rna9409	5564	5529	684	27.2907
rna9410	6808	6773	0.902989	0.0294108
rna9411	6817	6782	491.461	15.9859
rna9412	4501	4466	6.63625	0.3278
rna9413	516	481	233	106.86
rna9414	4058	4023	4725.07	259.098
rna9419	1642	1607	27.6459	3.79508
rna9418	4565	4530	4284.06	208.623
rna9415	3842	3807	1461.67	84.698
rna9416	3792	3757	0	0
rna9417	3776	3741	0	0
rna9420	94	59	1	3.73898
rna9421	23	24	0	0
rna9426	10094	10059	508.845	11.1593
rna9425	10513	10478	274.211	5.77315
rna9424	14440	14405	132.69	2.03204
rna9423	10368	10333	428.432	9.14662
rna9422	13385	13350	186.828	3.08722
rna9427	1413	1378	315	50.4274
rna9428	779	744	172	50.9989
rna9429	2088	2053	446.5	47.9776
rna9430	1226	1191	203.421	37.6781
rna9431	991	956	21.0789	4.86402
rna9439	3419	3384	0	0
rna9440	3539	3504	0	0
rna9438	3322	3287	0.0160039	0.00107407
rna9435	3446	3411	0	0
rna9436	3446	3411	305.06	19.7292
rna9437	3569	3534	331.697	20.7053
rna9434	3567	3532	0	0
rna9433	3691	3656	0	0
rna9432	3607	3572	147.227	9.09249
rna9441	1239	1204	247	45.256
rna9442	1215	1180	0	0
rna9443	1121	1086	9.17201	1.86312
rna9444	1101	1066	140.828	29.1432
rna9445	1839	1804	252.069	30.8239
rna9447	1643	1608	591.586	81.1591
rna9446	1742	1707	56.4772	7.2987
rna9448	593	558	73.9669	29.2421
rna9449	484	449	141.901	69.7181
rna9450	4423	4388	403.191	20.2698
rna9451	4495	4460	204.194	10.0998
rna9452	4507	4472	1436.46	70.8593
rna9453	2239	2204	459	45.9417
rna9454	627	592	275	102.475
rna9455	798	763	17.7442	5.13023
rna9456	712	677	1435.26	467.677
rna9458	1784	1749	5.93e-007	7.47947e-008
rna9457	1753	1718	882	113.253
rna9459	814	779	125	35.398
rna9460	974	939	427	100.315
rna9462	962	927	162	38.5515
rna9461	998	963	0	0
rna9463	4713	4678	859.23	40.5187
rna9464	1415	1380	177.927	28.4425
rna9465	1452	1417	381.843	59.4457
rna9466	1301	1266	267	46.5247
rna9467	836	801	1446	398.237
rna9468	5844	5809	548	20.8106
rna9469	2268	2233	543.453	53.6882
rna9470	1849	1814	252.547	30.7122
rna9471	10770	10735	1606.05	33.0036
rna9472	591	556	835	331.297
rna9473	1638	1603	935.104	128.686
rna9474	1634	1599	174.896	24.1288
rna9475	1358	1323	290	48.3553
rna9477	1390	1355	100	16.2804
rna9476	1619	1584	0	0
rna9480	1736	1701	59.5984	7.72923
rna9481	2063	2028	43.7035	4.75394
rna9482	2067	2032	56.7555	6.16155
rna9483	2055	2020	385.603	42.1109
rna9484	2070	2035	0	0
rna9478	1517	1482	160.34	23.8671
rna9479	1844	1809	0	0
rna9485	1432	1397	0.00305893	0.000483035
rna9486	1436	1401	335.997	52.9057
rna9487	1520	1485	2864	425.454
rna9488	915	880	785	196.785
rna9489	1633	1598	71.3072	9.84378
rna9491	1543	1508	28.0829	4.10815
rna9490	1809	1774	20.6099	2.56288
rna9492	1151	1116	914	180.671
rna9493	92	57	7	27.0912
rna9494	24	25	0	0
rna9495	1629	1594	0	0
rna9496	1041	1006	233	51.0933
rna9497	493	458	133.003	64.0622
rna9498	574	539	165.997	67.9387
rna9502	1562	1527	55.848	8.06815
rna9501	1450	1415	343.58	53.5646
rna9500	1478	1443	0	0
rna9499	1500	1465	137.588	20.7181
rna9503	1988	1953	72.5382	8.19352
rna9504	2081	2046	498.353	53.7325
rna9505	591	556	153.092	60.7412
rna9507	1281	1246	670.034	118.627
rna9506	1104	1069	83.5197	17.2352
rna9510	3890	3855	0	0
rna9508	3665	3630	19.0042	1.15491
rna9509	3788	3753	606.079	35.6251
rna9511	3330	3295	35.3373	2.36583
rna9512	3154	3119	29.0263	2.05297
rna9514	539	504	1	0.437699
rna9513	617	582	0	0
rna9516	1486	1451	0	0
rna9515	1366	1331	1792.23	297.045
rna9517	6423	6388	720	24.8641
rna9518	1501	1466	0	0
rna9519	1666	1631	0	0
rna9520	1606	1571	3	0.42126
rna9521	1625	1590	2.04735e-006	2.84054e-007
rna9522	1840	1805	686	83.8402
rna9523	3213	3178	642	44.5643
rna9524	1349	1314	148	24.8469
rna9525	2296	2261	1526	148.888
rna9526	1200	1165	334	63.245
rna9527	1076	1041	365.293	77.4099
rna9528	1265	1230	743.707	133.384
rna9529	1156	1121	728	143.262
rna9530	1610	1575	1069	149.728
rna9531	631	596	14	5.18188
rna9532	658	623	0	0
rna9533	258	223	0	0
rna9534	1311	1276	77.7938	13.4493
rna9535	1458	1423	378.998	58.7541
rna9536	1416	1381	142.472	22.7584
rna9537	1473	1438	234.736	36.0102
rna9538	1837	1802	0.139595	0.0170891
rna9539	1829	1794	89.4915	11.0044
rna9540	1653	1618	392.369	53.4961
rna9541	1153	1118	456	89.9764
rna9543	926	891	332.955	82.4354
rna9542	1015	980	44.0449	9.91461
rna9544	1927	1892	370	43.1406
rna9545	1873	1838	0	0
rna9546	4258	4223	1052	54.9541
rna9547	2211	2176	314	31.8329
rna9548	329	294	5	3.7517
rna9549	1766	1731	129	16.4399
rna9550	1927	1892	145	16.9065
rna9551	1856	1821	38	4.60341
rna9552	2227	2192	6	0.603832
rna9553	1175	1140	300	58.0526
rna9555	2420	2385	8.6382	0.798989
rna9554	3610	3575	208.362	12.8572
rna9556	2062	2027	0	0
rna9557	2754	2719	0	0
rna9559	885	850	2	0.519059
rna9558	1542	1507	2	0.292767
rna9561	1124	1089	160.643	32.5416
rna9560	1278	1243	40.3571	7.16234
rna9562	1090	1055	191	39.938
rna9563	395	360	1	0.612778
rna9564	990	955	116	26.7954
rna9565	2997	2962	1560	116.184
rna9566	15381	15346	281.548	4.04728
rna9569	4870	4835	1.6147	0.0736717
rna9567	14179	14144	1391.61	21.7045
rna9568	14176	14141	499.517	7.79248
rna9570	15999	15964	395.336	5.463
rna9571	12667	12632	46.399	0.810293
rna9572	12604	12569	0	0
rna9573	4645	4610	267	12.7766
rna9575	2193	2158	30.3944	3.10704
rna9574	2122	2087	296.606	31.3518
rna9576	7239	7204	82.0299	2.51191
rna9577	7164	7129	555.97	17.204
rna9578	2875	2840	257	19.9628
rna9579	1750	1715	152	19.5517
rna9580	1146	1111	858.942	170.551
rna9583	5427	5392	1242.76	50.8444
rna9584	5527	5492	1.02141	0.0410276
rna9585	5813	5778	499.018	19.0522
rna9581	5610	5575	118.469	4.68775
rna9582	5611	5576	188.267	7.44828
rna9586	789	754	0	0
rna9587	2555	2520	24	2.10095
rna9588	9137	9102	105.277	2.55154
rna9589	87	52	0	0
rna9590	21	22	0	0
rna9591	1399	1364	0	0
rna9592	3972	3937	290	16.2494
rna9593	2879	2844	122	9.46315
rna9594	2084	2049	680	73.2104
rna9597	835	800	178.101	49.1114
rna9595	927	892	0	0
rna9596	943	908	29.899	7.26402
rna9598	1850	1815	500.753	60.8628
rna9599	1918	1883	228.247	26.74
rna9600	4510	4475	300.63	14.8199
rna9601	4493	4458	0	0
rna9602	4453	4418	611.098	30.5134
rna9603	4250	4215	150.203	7.86115
rna9604	4210	4175	388.112	20.5072
rna9605	4403	4368	869.954	43.9359
rna9606	4310	4275	402.003	20.7443
rna9607	2149	2114	196	20.453
rna9608	108	73	0	0
rna9609	3617	3582	375	23.0946
rna9610	466	431	0	0
rna9611	519	484	6	2.73471
rna9612	1728	1693	8	1.04241
rna9613	82	47	0	0
rna9614	2062	2027	1	0.108831
rna9615	5218	5183	14.633	0.622812
rna9616	5018	4983	0	0
rna9617	5818	5783	259.554	9.90102
rna9618	2506	2471	37.803	3.37489
rna9619	3429	3394	223	14.4943
rna9620	3272	3237	199.086	13.5676
rna9621	3230	3195	243.914	16.8412
rna9622	604	569	2457	952.574
rna9623	3650	3615	65.1102	3.97325
rna9624	2325	2290	0	0
rna9625	2136	2101	2	0.209995
rna9626	387	352	0	0
rna9627	2426	2391	2	0.184525
rna9628	8923	8888	4.64485e-008	1.15285e-009
rna9629	8773	8738	24.942	0.629686
rna9630	7722	7687	20.6744	0.593311
rna9631	5610	5575	212.301	8.40064
rna9632	458	423	0	0
rna9633	2166	2131	352.902	36.5323
rna9634	2144	2109	336.052	35.1508
rna9635	2105	2070	0	0
rna9636	2161	2126	0	0
rna9637	1782	1747	596.887	75.3711
rna9638	1659	1624	96.1247	13.0573
rna9639	1889	1854	137.034	16.3051
rna9644	4283	4248	163.49	8.49009
rna9643	4399	4364	238.494	12.0559
rna9642	4424	4389	0.000372191	1.87071e-005
rna9641	4322	4287	89.3007	4.59523
rna9640	4426	4391	42.7151	2.14597
rna9645	1293	1258	16	2.80572
rna9646	1262	1227	399	71.7355
rna9647	72	37	0	0
rna9648	5514	5479	13.3548	0.537704
rna9649	5501	5466	9.49218	0.383091
rna9650	5498	5463	18.153	0.733031
rna9651	5345	5310	0	0
rna9652	1441	1406	6.17972e-005	9.69593e-006
rna9653	1448	1413	1.75283e-007	2.73655e-008
rna9654	1440	1405	0.000143184	2.24814e-005
rna9655	1423	1388	251	39.8923
rna9656	410	375	31	18.2363
rna9657	1683	1648	267	35.7404
rna9658	1674	1639	0	0
rna9659	2665	2630	674.992	56.6172
rna9660	1546	1511	16.0076	2.33705
rna9661	2142	2107	173.5	18.1652
rna9662	2068	2033	0	0
rna9663	2195	2160	6.49988	0.66383
rna9664	1010	975	210	47.5139
rna9665	729	694	502	159.569
rna9666	701	666	54	17.8865
rna9669	1479	1444	297.399	45.4337
rna9668	1663	1628	202.098	27.385
rna9667	1553	1518	258.407	37.5524
rna9671	3071	3036	294.899	21.4277
rna9670	3430	3395	66.1978	4.30139
rna9672	5231	5196	60	2.54734
rna9673	2687	2652	0	0
rna9674	2743	2708	0	0
rna9676	1548	1513	300.135	43.7606
rna9675	2565	2530	39.4097	3.43628
rna9677	1685	1650	298.455	39.9026
rna9678	2363	2328	4	0.379038
rna9679	250	215	0	0
rna9680	688	653	776	262.153
rna9681	736	701	140	44.0571
rna9682	6320	6285	287.129	10.0781
rna9683	6019	5984	2626.82	96.8377
rna9684	4214	4179	0	0
rna9685	4147	4112	0	0
rna9689	1992	1957	4.23091	0.476924
rna9688	2337	2302	0	0
rna9686	3359	3324	26.5068	1.75915
rna9687	2504	2469	0	0
rna9690	6217	6182	448.434	16.002
rna9691	1304	1269	1	0.173838
rna9692	882	847	80	20.8359
rna9693	1771	1736	575	73.0674
rna9694	2342	2307	11	1.05184
rna9695	4222	4187	6.87795	0.362378
rna9696	4627	4592	5.14803	0.247312
rna9697	6422	6387	2029.97	70.1131
rna9698	406	371	1	0.594609
rna9699	1326	1291	7	1.19613
rna9700	713	678	0	0
rna9701	6978	6943	859	27.293
rna9702	2234	2199	0	0
rna9703	581	546	0	0
rna9704	666	631	0	0
rna9705	5919	5884	23	0.862305
rna9706	294	259	1	0.851738
rna9707	3921	3886	0	0
rna9711	5013	4978	515.997	22.8664
rna9708	5659	5624	74.9382	2.93943
rna9709	5971	5936	240.651	8.94334
rna9710	6001	5966	0	0
rna9713	2050	2015	53.0929	5.81256
rna9712	4567	4532	135.907	6.61543
rna9714	2782	2747	6	0.481835
rna9715	4285	4250	35	1.81671
rna9716	315	280	2.4139	1.90181
rna9717	1925	1890	507.082	59.1864
rna9718	2154	2119	349.443	36.3791
rna9720	2951	2916	136.262	10.3084
rna9719	2630	2595	265.213	22.5457
rna9721	2038	2003	145	15.9696
rna9722	2853	2818	92.4007	7.23336
rna9723	3377	3342	16.9693	1.12012
rna9724	3115	3080	272.102	19.4889
rna9725	3064	3029	81.9459	5.96807
rna9726	2615	2580	263.582	22.5373
rna9727	3672	3637	297	18.0144
rna9728	3591	3556	2.30259e-008	1.42843e-009
rna9730	2620	2585	365.867	31.2225
rna9729	2640	2605	17.9903	1.52348
rna9731	2305	2270	23.6055	2.294
rna9732	2133	2098	18.5373	1.94915
rna9734	7807	7772	94.7116	2.68829
rna9735	7999	7964	317.958	8.80733
rna9736	8148	8113	12.0252	0.326976
rna9733	7661	7626	1841.03	53.2562
rna9737	2595	2560	75	6.46289
rna9739	2177	2142	2.50397e-006	2.57879e-007
rna9738	2687	2652	0	0
rna9740	2654	2619	1772.73	149.318
rna9741	2042	2007	2306.27	253.494
rna9743	2450	2415	1114.23	101.781
rna9742	3063	3028	14.7667	1.07581
rna9744	4067	4032	855.841	46.825
rna9745	8044	8009	110	3.02984
rna9746	1646	1611	309.382	42.3648
rna9747	1546	1511	0	0
rna9748	1420	1385	444.618	70.8179
rna9749	1425	1390	72	11.4268
rna9750	2316	2281	739	71.4702
rna9751	2188	2153	314	32.173
rna9753	1756	1721	228.613	29.3039
rna9752	1850	1815	58.4956	7.10971
rna9754	1753	1718	703.891	90.3833
rna9755	1633	1598	361	49.8352
rna9758	4500	4465	7.29134	0.36024
rna9756	3984	3949	4.43105e-008	2.47529e-009
rna9757	3990	3955	347.709	19.3943
rna9759	909	874	0	0
rna9760	936	901	0	0
rna9761	1136	1101	0	0
rna9762	2555	2520	0.569955	0.0498937
rna9763	2541	2506	410.43	36.1296
rna9764	1790	1755	5	0.62849
rna9771	11358	11323	67.3091	1.31135
rna9769	11009	10974	0.00840256	0.000168909
rna9770	10844	10809	614.75	12.5464
rna9766	11181	11146	53.3026	1.05496
rna9767	11190	11155	46.9951	0.929371
rna9768	11193	11158	55.9869	1.10689
rna9765	11362	11327	0	0
rna9772	1012	977	48.6478	10.9843
rna9773	1132	1097	0	0
rna9774	3425	3390	86.539	5.63142
rna9776	1829	1794	6.67537	0.82084
rna9775	6807	6772	16.3246	0.53178
rna9777	2209	2174	0	0
rna9778	2357	2322	0	0
rna9779	2168	2133	9	0.930802
rna9780	852	817	284	76.6835
rna9781	1948	1913	295	34.0183
rna9782	3070	3035	0	0
rna9783	185	150	0	0
rna9784	2222	2187	80.6416	8.13422
rna9785	1544	1509	51.3584	7.50806
rna9786	2478	2443	7.1435	0.64505
rna9791	2742	2707	0	0
rna9792	2734	2699	0	0
rna9788	2903	2868	14.562	1.12008
rna9789	2480	2445	0	0
rna9790	2451	2416	0	0
rna9787	3231	3196	20.0624	1.38479
rna9794	4660	4625	62.5	2.98108
rna9793	4512	4477	158.956	7.83242
rna9795	1284	1249	34.7758	6.14214
rna9796	2927	2892	0	0
rna9798	94	59	0	0
rna9799	23	24	0	0
rna9797	2490	2455	1	0.0898575
rna9800	2262	2227	0	0
rna9801	2139	2104	373	39.1083
rna9802	1132	1097	275.814	55.4646
rna9803	1174	1139	68.4021	13.248
rna9804	1163	1128	144.784	28.315
rna9805	221	186	35.0938	41.622
rna9807	2271	2236	427.099	42.1369
rna9806	2623	2588	183.807	15.6676
rna9808	1623	1588	286	39.7302
rna9809	825	790	128	35.7428
rna9816	2356	2321	0	0
rna9817	2376	2341	88.1744	8.30896
rna9814	2289	2254	0.00366034	0.000358239
rna9815	2367	2332	52.8745	5.00177
rna9812	2584	2549	19.5251	1.68978
rna9813	2618	2583	3.12209e-006	2.66641e-007
rna9811	2349	2314	4.82464e-005	4.59947e-006
rna9810	2812	2777	45.4222	3.60826
rna9818	3099	3064	53.0522	3.81962
rna9819	3666	3631	881.866	53.5774
rna9820	2848	2813	208.352	16.3393
rna9821	3112	3077	88.7059	6.35961
rna9822	3889	3854	127.918	7.32195
rna9823	3327	3292	40.1055	2.68751
rna9824	4969	4934	12.5859	0.562716
rna9825	5298	5263	7.29932	0.305953
rna9826	5295	5260	0	0
rna9827	5210	5175	0	0
rna9828	4069	4034	0	0
rna9829	5155	5120	0	0
rna9830	4577	4542	2.26952	0.110228
rna9831	5144	5109	5.17513e-008	2.23455e-009
rna9832	5059	5024	20.8453	0.915302
rna9833	3189	3154	102.138	7.14383
rna9834	3366	3331	0	0
rna9835	3345	3310	85.2999	5.68495
rna9836	6999	6964	1.821e-006	5.76841e-008
rna9837	6967	6932	107.204	3.41159
rna9838	3547	3512	24.5691	1.54327
rna9839	1229	1194	2	0.369514
rna9840	515	480	87	39.9838
rna9841	1054	1019	89	19.2673
rna9842	642	607	908	329.992
rna9843	4936	4901	209.413	9.42593
rna9844	4929	4894	143.768	6.48045
rna9845	4581	4546	391.089	18.978
rna9846	5248	5213	793.73	33.5885
rna9847	1671	1636	435	58.6559
rna9849	4637	4602	17.5871	0.843048
rna9848	6504	6469	554.19	18.8985
rna9850	3117	3082	61.0224	4.36779
rna9851	2196	2161	1673	170.784
rna9852	2061	2026	252	27.4389
rna9853	3682	3647	151	9.1337
rna9855	1282	1247	282.82	50.0322
rna9854	1746	1711	95.1797	12.2716
rna9856	3192	3157	240	16.7704
rna9857	3046	3011	0	0
rna9858	4432	4397	14.329	0.718894
rna9859	4428	4393	41.9779	2.10797
rna9864	5203	5168	1.00124	0.0427389
rna9860	4722	4687	0	0
rna9861	4644	4609	13.0029	0.622356
rna9862	4165	4130	213.472	11.4024
rna9865	2634	2599	5	0.424394
rna9863	4367	4332	304.584	15.5104
rna9866	699	664	1	0.332229
rna9867	3510	3475	1517	96.3022
rna9868	2111	2076	6	0.637572
rna9869	2290	2255	626.34	61.273
rna9870	2121	2086	590.45	62.4417
rna9871	1975	1940	45.2661	5.14727
rna9872	2290	2255	52.4277	5.12885
rna9873	1760	1725	0	0
rna9874	1614	1579	0	0
rna9875	1581	1546	50.8426	7.25477
rna9879	2249	2214	505.247	50.3422
rna9877	1750	1715	63.9587	8.227
rna9878	1869	1834	983.031	118.242
rna9876	1813	1778	47.437	5.8856
rna9880	4686	4651	0	0
rna9881	4572	4537	106.797	5.19274
rna9882	4395	4360	0	0
rna9883	4281	4246	0	0
rna9884	4650	4615	0	0
rna9885	4566	4531	105.352	5.12927
rna9886	5033	4998	0	0
rna9887	5319	5284	0	0
rna9888	5283	5248	0	0
rna9889	4650	4615	0	0
rna9890	4865	4830	148.248	6.7709
rna9891	5940	5905	38.5386	1.43973
rna9892	4254	4219	592.916	31.002
rna9893	4535	4500	674.152	33.0484
rna9894	1517	1482	385.603	57.3981
rna9895	1705	1670	8	1.05677
rna9897	4534	4499	28.677	1.40612
rna9898	4388	4353	18.372	0.931051
rna9896	5066	5031	66.4703	2.9146
rna9901	1327	1292	974	166.304
rna9899	4608	4573	0	0
rna9900	4408	4373	32.0245	1.6155
rna9903	4017	3982	0.154204	0.00854277
rna9902	3998	3963	43.7772	2.43685
rna9905	18747	18712	0	0
rna9904	18936	18901	191.168	2.23119
rna9906	17855	17820	0	0
rna9907	17750	17715	0	0
rna9908	17594	17559	0	0
rna9909	16370	16335	65.3918	0.8831
rna9910	16223	16188	380.44	5.1844
rna9911	1123	1088	152	30.8191
rna9912	1305	1270	76	13.2013
rna9913	798	763	197	56.957
rna9915	1868	1833	82.9971	9.98863
rna9914	2209	2174	51.0029	5.17537
rna9916	4377	4342	439	22.3039
rna9917	1646	1611	48.6912	6.66746
rna9918	3152	3117	17582.2	1244.35
rna9919	2563	2528	4062.83	354.534
rna9920	2088	2053	189.618	20.375
rna9921	2100	2065	597.382	63.8172
rna9922	321	286	0	0
rna9923	105	70	0	0
rna9925	1852	1817	118.581	14.3969
rna9924	1731	1696	203.419	26.4588
rna9926	1125	1090	47	9.51211
rna9927	4871	4836	331.151	15.1058
rna9928	4986	4951	344.417	15.3461
rna9929	541	506	4.43196	1.93219
rna9933	4481	4446	100.931	5.00795
rna9931	4874	4839	306.033	13.9514
rna9932	4882	4847	1.88897	0.0859722
rna9930	4297	4262	618.38	32.0072
rna9934	1513	1478	190	28.3586
rna9935	8712	8677	487.381	12.3909
rna9936	8702	8667	450.77	11.4734
rna9937	8698	8663	1300.11	33.1068
rna9938	8705	8670	8910.97	226.731
rna9939	12385	12350	41.7722	0.74615
rna9940	12530	12495	77.3225	1.36513
rna9941	13440	13405	61.3199	1.00911
rna9942	12207	12172	0	0
rna9946	5325	5290	0	0
rna9947	6492	6457	44.2261	1.51096
rna9948	6346	6311	38.6478	1.35093
rna9949	6064	6029	0	0
rna9950	5727	5692	22.1646	0.859015
rna9943	12267	12232	0	0
rna9944	12567	12532	9.93711	0.174922
rna9945	12606	12571	0.253263	0.00444434
rna9951	85	50	0	0
rna9952	22	23	0	0
rna9953	8180	8145	2.65503	0.0719091
rna9954	8601	8566	20.345	0.523944
rna9955	1195	1160	24.0002	4.56418
rna9956	1899	1864	1056.32	125.013
rna9957	1983	1948	0	0
rna9958	2022	1987	21	2.33146
rna9959	2399	2364	24.1154	2.25037
rna9960	2269	2234	0	0
rna9961	2480	2445	163.885	14.7865
rna9963	1697	1662	168.119	22.3147
rna9962	1814	1779	0	0
rna9965	2929	2894	217.849	16.6059
rna9964	3086	3051	136.032	9.83567
rna9966	585	550	2116	848.709
rna9968	1827	1792	5.89899	0.726182
rna9967	1926	1891	19.101	2.22828
rna9969	567	532	206	85.4203
rna9970	3086	3051	293	21.1851
rna9971	2269	2234	24	2.36992
rna9972	2869	2834	11.7593	0.915353
rna9973	2628	2593	8.50267	0.723366
rna9975	3179	3144	9	0.631489
rna9974	2849	2814	205.738	16.1286
rna9976	2783	2748	229	18.3833
rna9977	3538	3503	322	20.2778
rna9978	1231	1196	909	167.663
rna9979	3091	3056	1368.83	98.8105
rna9980	3246	3211	6.0491e-007	4.15582e-008
rna9981	3138	3103	292.809	20.8165
rna9982	3326	3291	9.1498e-008	6.13323e-009
rna9983	3170	3135	173.356	12.1985
rna9984	1180	1145	421	81.1115
rna9985	1478	1443	132	20.1796
rna9986	606	571	7.49814	2.89683
rna9987	656	621	22.3585	7.94248
rna9988	469	434	176.143	89.5328
rna9990	1321	1286	121	20.7563
rna9989	1138	1103	0	0
rna9991	3359	3324	1263	83.8201
rna9992	10653	10618	4028.15	83.6891
rna9993	10644	10609	358.686	7.45839
rna9994	879	844	7.25978	1.89752
rna9996	1589	1554	16	2.2713
rna9997	1781	1746	0	0
rna9998	1629	1594	0	0
rna9995	2168	2133	138.9	14.3654
rna10001	4445	4410	1713.82	85.7301
rna10000	4769	4734	365.278	17.0216
rna9999	5420	5385	1447.05	59.2792
rna10002	79	44	10	50.1364
rna10003	24	25	0	0
rna10004	4093	4058	4	0.217447
rna10005	3386	3351	324	21.3293
rna10006	3113	3078	305.044	21.8625
rna10007	3148	3113	101.742	7.20983
rna10008	3192	3157	207.187	14.4775
rna10009	5417	5382	1154.93	47.3387
rna10010	1681	1646	9	1.2062
rna10011	549	514	118	50.6436
rna10012	1462	1427	256	39.5751
rna10013	1443	1408	25.0571	3.92585
rna10014	1347	1312	50.9429	8.56556
rna10015	662	627	32.9007	11.5756
rna10023	1049	1014	0	0
rna10024	1060	1025	15.0069	3.22978
rna10021	1218	1183	0	0
rna10022	1229	1194	0	0
rna10020	2802	2767	0	0
rna10019	3184	3149	0	0
rna10018	3050	3015	4.39111	0.321287
rna10016	3721	3686	3.42175e-007	2.04785e-008
rna10017	3732	3697	2.70127	0.161185
rna10025	7687	7652	101.375	2.92255
rna10026	7760	7725	203.684	5.81654
rna10027	7868	7833	385.195	10.8482
rna10028	7760	7725	0	0
rna10029	7760	7725	10662.9	304.496
rna10034	78	43	0	0
rna10035	23	24	0	0
rna10036	1756	1721	2	0.256363
rna10030	7344	7309	236.966	7.15209
rna10031	7400	7365	0.00966364	0.00028945
rna10032	7384	7349	2515.79	75.5182
rna10033	7300	7265	100844	3062.09
rna10037	2073	2038	13541	1465.72
rna10038	867	832	90.9666	24.1193
rna10039	1213	1178	293.365	54.9376
rna10040	1252	1217	2071.42	375.477
rna10041	841	806	560.247	153.338
rna10042	90	55	0	0
rna10043	25	26	0	0
rna10044	739	704	5	1.56676
rna10045	84	49	1	4.50204
rna10046	23	24	0	0
rna10047	94	59	0	0
rna10048	23	24	0	0
rna10049	100	65	1	3.39385
rna10050	22	23	0	0
rna10051	1196	1161	238	45.2221
rna10052	2898	2863	72	5.54775
rna10053	3896	3861	383.154	21.8917
rna10054	1392	1357	109.092	17.7344
rna10055	1174	1139	275.754	53.4078
rna10056	5151	5116	2110	90.9824
rna10057	3445	3410	150.126	9.71194
rna10058	3433	3398	0.000171255	1.1118e-005
rna10059	3456	3421	384.194	24.7744
rna10060	2268	2233	11.8749	1.17313
rna10061	2256	2221	0	0
rna10062	2279	2244	52.8057	5.19115
rna10065	9409	9374	100.607	2.3676
rna10063	9253	9218	299.939	7.17797
rna10064	9446	9411	921.801	21.6076
rna10066	103	68	0	0
rna10067	23	24	0	0
rna10069	1847	1812	11	1.33918
rna10068	2137	2102	0	0
rna10070	4968	4933	344.463	15.4041
rna10071	4845	4810	529.186	24.27
rna10072	2153	2118	23.805	2.47941
rna10073	2496	2461	193.194	17.3176
rna10074	1953	1918	42.9524	4.9402
rna10075	3330	3295	0	0
rna10076	3333	3298	51.7594	3.46214
rna10077	3544	3509	0	0
rna10078	3547	3512	65.5629	4.11821
rna10079	2169	2134	20.5437	2.12368
rna10080	1556	1521	291.035	42.2107
rna10081	346	311	3.07598	2.18187
rna10089	6638	6603	564.397	18.856
rna10087	6692	6657	0.107786	0.00357181
rna10088	6710	6675	359.432	11.8788
rna10083	6718	6683	6.7691e-007	2.23442e-008
rna10084	6679	6644	192.574	6.39402
rna10085	6715	6680	16.0871	0.531259
rna10086	6768	6733	0.00404689	0.000132592
rna10082	6737	6702	105.127	3.46031
rna10090	6029	5994	25.6931	0.945597
rna10092	3358	3323	11.8344	0.785638
rna10091	3785	3750	0	0
rna10093	3793	3758	0	0
rna10094	2513	2478	0	0
rna10095	1398	1363	0	0
rna10096	9215	9180	0.000287962	6.91987e-006
rna10097	9119	9084	70.9997	1.72419
rna10098	9236	9201	1.93807e-005	4.64666e-007
rna10099	3050	3015	0	0
rna10100	1776	1741	5	0.633544
rna10101	5658	5623	0	0
rna10102	4406	4371	1.55017	0.0782357
rna10103	5310	5275	0	0
rna10104	5067	5032	0	0
rna10105	5035	5000	1.44983	0.0639664
rna10106	463	428	0	0
rna10107	3460	3425	172	11.0783
rna10108	3751	3716	0	0
rna10109	1201	1166	102.48	19.3885
rna10110	1452	1417	40.5604	6.31448
rna10111	1544	1509	21.3976	3.1281
rna10112	1705	1670	0	0
rna10113	1641	1606	0	0
rna10114	1734	1699	23.9296	3.10704
rna10115	1663	1628	18.1124	2.4543
rna10116	2389	2354	5	0.468564
rna10117	1884	1849	97.8244	11.6712
rna10118	2146	2111	306.176	31.9954
rna10119	2256	2221	87.098	8.65098
rna10120	2205	2170	537.902	54.6826
rna10121	5228	5193	781.039	33.1788
rna10122	2841	2806	379.67	29.8486
rna10123	2859	2824	661.442	51.6693
rna10124	2867	2832	296.889	23.1263
rna10125	11180	11145	1291	25.5536
rna10126	573	538	240	98.409
rna10127	7508	7473	1920.39	56.689
rna10128	6004	5969	58.6146	2.16626
rna10129	1884	1849	526.397	62.8033
rna10130	1870	1835	356.603	42.8701
rna10131	3058	3023	0	0
rna10132	3144	3109	516.314	36.6352
rna10133	3406	3371	36.1095	2.36303
rna10134	2724	2689	0	0
rna10135	1237	1202	1909	350.354
rna10136	3653	3618	606	36.9496
rna10138	497	462	13.2775	6.33985
rna10137	520	485	53.0435	24.1266
rna10139	2293	2258	1132	110.593
rna10140	964	929	192	45.5923
rna10141	1240	1205	211	38.6279
rna10143	3703	3668	821.299	49.3944
rna10142	4588	4553	332.788	16.1241
rna10144	2031	1996	195.489	21.6056
rna10145	1960	1925	127.424	14.6025
rna10146	2111	2076	208	22.1025
rna10147	1193	1158	250	47.6252
rna10148	875	840	98	25.7367
rna10149	1663	1628	246	33.3339
rna10151	266	231	0	0
rna10150	435	400	875	482.563
rna10152	866	831	112	29.7319
rna10153	7339	7304	111.862	3.37853
rna10154	7455	7420	709.849	21.1041
rna10158	6680	6645	1466.71	48.6918
rna10157	6990	6955	50.5522	1.60342
rna10156	7078	7043	0	0
rna10155	6803	6768	55.0244	1.7935
rna10159	2447	2412	266	24.3282
rna10160	1748	1713	204	26.2711
rna10161	2866	2831	3.45468e-007	2.69199e-008
rna10162	2828	2793	1058.91	83.6362
rna10163	3188	3153	148.921	10.4193
rna10165	2455	2420	183.168	16.697
rna10164	2508	2473	1.11804e-008	9.97331e-010
rna10166	3252	3217	165.557	11.3528
rna10167	2261	2226	227.443	22.54
rna10168	1525	1490	156	23.0964
rna10169	956	921	321	76.8867
rna10170	1325	1290	188	32.1495
rna10171	847	812	163	44.283
rna10172	1694	1659	17	2.26052
rna10174	7360	7325	4.38038	0.13192
rna10175	7401	7366	102.756	3.07737
rna10173	7010	6975	287.09	9.07988
rna10176	88	53	0	0
rna10177	20	21	0	0
rna10178	19	20	0	0
rna10179	9443	9408	0.00172877	4.05365e-005
rna10180	9801	9766	0	0
rna10181	9263	9228	0	0
rna10182	8559	8524	0	0
rna10183	8295	8260	0	0
rna10184	8174	8139	20.1822	0.54702
rna10185	8088	8053	0	0
rna10186	9720	9685	28.8161	0.656358
rna10187	9633	9598	0	0
rna10188	3469	3434	5	0.3212
rna10189	939	904	582.5	142.146
rna10191	1467	1432	0.00304009	0.000468327
rna10190	1496	1461	215.497	32.5384
rna10192	3015	2980	67.8993	5.02638
rna10193	5249	5214	0.943611	0.0399234
rna10194	5225	5190	103.912	4.41678
rna10195	5138	5103	0.000330318	1.42795e-005
rna10196	5245	5210	102.651	4.3464
rna10197	6974	6939	13	0.413287
rna10198	7413	7378	0	0
rna10199	819	784	50	14.0689
rna10200	1317	1282	1	0.172075
rna10201	2269	2234	0	0
rna10202	4983	4948	30.6421	1.36614
rna10204	4807	4772	2.98187e-008	1.37846e-009
rna10203	4847	4812	107.012	4.90583
rna10205	4896	4861	56.3198	2.55589
rna10207	1555	1520	1839.24	266.931
rna10206	1673	1638	27.7627	3.73898
rna10208	1648	1613	741	101.342
rna10210	3085	3050	896.35	64.8311
rna10211	3342	3307	1059.43	70.6716
rna10209	3526	3491	876.217	55.3691
rna10212	1336	1301	345.07	58.5107
rna10213	947	912	184.93	44.7321
rna10214	2520	2485	871	77.321
rna10215	3339	3304	68.8726	4.59846
rna10216	2049	2014	6.12736	0.67115
rna10217	4022	3987	0	0
rna10218	15079	15044	21.777	0.31933
rna10219	15052	15017	5863.91	86.1409
rna10220	2766	2731	0	0
rna10221	2688	2653	30	2.49454
rna10222	2652	2617	0	0
rna10223	903	868	5	1.27074
rna10224	2232	2197	477.2	47.9155
rna10225	2226	2191	855.8	86.1659
rna10226	1263	1228	297	53.3536
rna10227	3936	3901	1528	86.4078
rna10228	1322	1287	411.795	70.5843
rna10229	393	358	35.8524	22.0923
rna10230	235	200	26.3526	29.067
rna10231	1708	1673	301	39.6896
rna10232	4309	4274	181.049	9.34476
rna10233	8314	8279	3149.31	83.9158
rna10237	6323	6288	316.739	11.1121
rna10236	2224	2189	856.269	86.2919
rna10235	6102	6067	182.564	6.63816
rna10234	6180	6145	2292.8	82.3095
rna10238	542	507	71.8366	31.2567
rna10239	1098	1063	274.163	56.896
rna10243	2779	2744	45.9043	3.69041
rna10241	2690	2655	0	0
rna10242	2681	2646	19.9236	1.66105
rna10240	3104	3069	115.764	8.32116
rna10244	3044	3009	44.0276	3.22781
rna10246	1777	1742	14	1.77291
rna10248	2637	2602	292.657	24.8117
rna10247	2672	2637	75.3435	6.30291
rna10245	2292	2257	73.3801	7.1722
rna10249	1388	1353	239.028	38.9724
rna10250	1480	1445	0	0
rna10251	1410	1375	0	0
rna10252	1458	1423	0	0
rna10253	1461	1426	79.239	12.2582
rna10254	4653	4618	322.416	15.4017
rna10257	4690	4655	5.22167	0.247455
rna10256	4683	4648	30.8795	1.46558
rna10255	4675	4640	512.72	24.3763
rna10259	2425	2390	100.265	9.2546
rna10258	2535	2500	336.229	29.6689
rna10260	3340	3305	457	30.5035
rna10261	1636	1601	0	0
rna10262	1024	989	3.24473	0.723749
rna10263	1105	1070	0	0
rna10266	2667	2632	168.215	14.0988
rna10265	3007	2972	200.782	14.9032
rna10264	2888	2853	304.002	23.5061
rna10267	963	928	36.2256	8.6114
rna10268	894	859	95.4912	24.5231
rna10272	1773	1738	164.598	20.8921
rna10271	1760	1725	0	0
rna10269	1612	1577	0	0
rna10270	1627	1592	0	0
rna10273	1345	1310	182.399	30.7155
rna10274	1296	1261	40.5076	7.08643
rna10275	900	865	245.32	62.5636
rna10276	897	862	54.2156	13.8747
rna10277	2248	2213	203.019	20.2377
rna10278	2328	2293	59.9812	5.77054
rna10279	1151	1116	124	24.5111
rna10280	888	853	41	10.6033
rna10283	896	861	7.48696	1.91826
rna10282	924	889	0	0
rna10281	781	746	253.513	74.9665
rna10284	1933	1898	286.489	33.298
rna10285	1772	1737	291.511	37.022
rna10286	5296	5261	6952	291.506
rna10287	2953	2918	22.0218	1.66484
rna10288	4276	4241	895.359	46.573
rna10289	4180	4145	100.619	5.35502
rna10290	11460	11425	23.9953	0.463314
rna10291	10553	10518	697.005	14.6187
rna10292	2893	2858	322	24.8542
rna10293	435	400	1683	928.175
rna10294	69	34	0	0
rna10295	1735	1700	93.2403	12.0993
rna10296	1155	1120	49.3085	9.71202
rna10297	3463	3428	783.141	50.397
rna10298	1428	1393	290	45.9254
rna10299	2285	2250	485	47.5516
rna10300	2477	2442	196	17.7058
rna10303	6607	6572	60.3271	2.02498
rna10302	7934	7899	429.222	11.9872
rna10301	8300	8265	549.534	14.6676
rna10304	83	48	0	0
rna10305	24	25	0	0
rna10306	85	50	0	0
rna10307	22	23	0	0
rna10308	8478	8443	4.88775	0.127708
rna10309	8484	8449	2.11225	0.0551501
rna10310	3341	3306	9.00414	0.600821
rna10311	3451	3416	0	0
rna10317	5895	5860	15.5195	0.584233
rna10316	6773	6738	7.6852	0.251611
rna10315	5899	5864	6.93256	0.260799
rna10314	6463	6428	0	0
rna10313	6187	6152	0	0
rna10312	6349	6314	27.892	0.974497
rna10318	1958	1923	3.12175	0.358117
rna10321	1342	1307	2.87825	0.485801
rna10320	1669	1634	0	0
rna10319	1394	1359	0	0
rna10322	2218	2183	71.4734	7.22264
rna10323	2424	2389	7.34444	0.678185
rna10324	2417	2382	237.182	21.9657
rna10327	1278	1243	0.350531	0.0622101
rna10326	1560	1525	17.1999	2.48807
rna10325	1444	1409	50.6544	7.93071
rna10328	4851	4816	671.795	30.772
rna10329	4181	4146	2238	119.079
rna10330	4234	4199	2386	125.352
rna10331	793	758	266	77.4137
rna10332	1022	987	0.22141	0.0494864
rna10333	1079	1044	52.7126	11.1383
rna10334	921	886	156.711	39.0187
rna10336	824	789	164.899	46.105
rna10335	992	957	270.455	62.3432
rna10337	5847	5812	1960	74.3937
rna10338	3769	3734	94.8836	5.6056
rna10339	3894	3859	677.924	38.7536
rna10340	1107	1072	129.538	26.6567
rna10341	1024	989	62.6546	13.9753
rna10342	1312	1277	672.253	116.131
rna10343	1414	1379	0	0
rna10344	1747	1712	14.2937	1.84182
rna10345	1443	1408	25.4528	3.98784
rna10346	1486	1451	4.94274e-006	7.5146e-007
rna10347	2111	2076	31	3.29412
rna10348	8032	7997	872	24.0544
rna10349	810	775	7	1.99252
rna10352	1004	969	40.6168	9.24671
rna10351	837	802	204.383	56.2181
rna10350	849	814	4.93119e-006	1.33639e-006
rna10353	521	486	120	54.4692
rna10354	2059	2024	0	0
rna10355	1981	1946	150.602	17.0724
rna10356	2307	2272	143.059	13.8903
rna10357	1956	1921	354.339	40.6909
rna10359	1808	1773	281.6	35.0372
rna10358	3488	3453	460.4	29.4133
rna10360	939	904	236	57.5903
rna10361	2345	2310	62.9878	6.0152
rna10362	2367	2332	19.2693	1.82282
rna10363	2523	2488	23.4601	2.0801
rna10364	2224	2189	22.1016	2.22733
rna10365	2849	2814	0	0
rna10366	2806	2771	4.23516e-008	3.37162e-009
rna10368	2693	2658	67.4115	5.5948
rna10367	2807	2772	165.505	13.1711
rna10369	2335	2300	308.265	29.5666
rna10370	1315	1280	177.208	30.5407
rna10371	1858	1823	157.792	19.0943
rna10372	1115	1080	122	24.9196
rna10373	1092	1057	928	193.677
rna10374	2181	2146	906	93.1331
rna10375	1874	1839	690.274	82.8029
rna10376	1447	1412	1105.3	172.683
rna10377	1420	1385	2074.35	330.398
rna10378	1474	1439	36.6578	5.61967
rna10379	1447	1412	64.4226	10.0649
rna10380	2262	2227	338.229	33.504
rna10381	1672	1637	135.771	18.2963
rna10382	1793	1758	70.919	8.89917
rna10383	1555	1520	36.081	5.23649
rna10384	1933	1898	75	8.71707
rna10385	4337	4302	0	0
rna10386	4439	4404	825	41.3249
rna10389	2696	2661	724.552	60.0662
rna10388	2714	2679	0.00117279	9.65727e-005
rna10387	2685	2650	87.4471	7.27956
rna10390	3138	3103	66.4477	4.72393
rna10391	3174	3139	145.552	10.229
rna10392	1216	1181	345.949	64.6202
rna10393	1117	1082	422.823	86.2059
rna10396	2335	2300	984.993	94.4737
rna10395	2431	2396	0	0
rna10394	2570	2535	140.234	12.2034
rna10397	2435	2400	273	25.0933
rna10398	4634	4599	1425.83	68.3926
rna10399	1272	1237	326.172	58.1679
rna10400	840	805	59	16.1682
rna10401	13810	13775	2560.42	41.0039
rna10402	13376	13341	1958.58	32.3861
rna10403	2379	2344	1391.3	130.939
rna10404	2418	2383	298.688	27.6503
rna10405	1841	1806	1010.86	123.475
rna10406	594	559	21.1386	8.342
rna10407	1084	1049	112	23.5531
rna10408	5126	5091	230.062	9.96892
rna10409	5187	5152	4.5669e-007	1.95547e-008
rna10410	5175	5140	2.63537e-006	1.13106e-007
rna10411	5169	5134	0.0895261	0.0038468
rna10412	5043	5008	61.6087	2.71383
rna10413	5184	5149	2.96679e-008	1.27107e-009
rna10414	5166	5131	0.0059743	0.000256857
rna10415	5175	5140	0.000883096	3.7901e-005
rna10416	5154	5119	11.4838	0.494889
rna10417	5142	5107	68.0604	2.93991
rna10418	5054	5019	12.702	0.558292
rna10419	5156	5121	212.986	9.17493
rna10420	463	428	1119	576.756
rna10421	990	955	140.949	32.5586
rna10422	2960	2925	3315.5	250.051
rna10423	1360	1325	88.2609	14.6946
rna10424	1021	986	231.624	51.8217
rna10425	1028	993	63.6687	14.1443
rna10426	1215	1180	159	29.7249
rna10427	2742	2707	909	74.0766
rna10428	2300	2265	838	81.6172
rna10432	3416	3381	2087.69	136.215
rna10429	3910	3875	662.469	37.7137
rna10430	4063	4028	731.554	40.0647
rna10431	4093	4058	0.000507886	2.76096e-005
rna10433	3078	3043	87.2903	6.32804
rna10434	2706	2671	640	52.8581
rna10435	1080	1045	26	5.48861
rna10436	881	846	32	8.34421
rna10437	1567	1532	837	120.524
rna10438	2275	2240	905.3	89.1559
rna10442	2779	2744	28.8854	2.3222
rna10441	2704	2669	0.0121296	0.00100254
rna10440	2684	2649	87.4417	7.28186
rna10439	3899	3864	6.36051	0.363129
rna10443	1973	1938	0	0
rna10444	23523	23488	16.0509	0.15075
rna10445	2611	2576	384	32.8845
rna10446	1587	1552	148	21.0366
rna10448	7038	7003	1491.95	46.9975
rna10447	7023	6988	0.0542969	0.00171407
rna10449	839	804	65.3227	17.9231
rna10450	701	666	68.6773	22.7481
rna10451	841	806	29	7.93722
rna10452	1266	1231	90	16.1284
rna10453	1106	1071	28.932	5.95929
rna10454	1105	1070	87.197	17.9773
rna10455	1196	1161	12.794	2.43097
rna10456	1150	1115	0	0
rna10457	1126	1091	244.077	49.3523
rna10458	1684	1649	453	60.6015
rna10459	4024	3989	104.061	5.75478
rna10460	3794	3759	347.225	20.3772
rna10461	10366	10331	34.8744	0.744681
rna10462	11218	11183	13.1256	0.25892
rna10463	11116	11081	0	0
rna10464	11615	11580	0	0
rna10465	5609	5574	0	0
rna10466	5547	5512	0	0
rna10467	5436	5401	2.25208e-007	9.19847e-009
rna10468	5597	5562	0	0
rna10471	5392	5357	0	0
rna10469	5495	5460	0	0
rna10470	5505	5470	0	0
rna10472	5508	5473	36.7506	1.48131
rna10473	3560	3525	0	0
rna10474	3195	3160	64.9399	4.53347
rna10475	6524	6489	1064.91	36.2027
rna10476	3621	3586	23.0755	1.41953
rna10477	4689	4654	1	0.0474001
rna10478	1441	1406	448	70.2908
rna10479	1507	1472	0	0
rna10480	1298	1263	0	0
rna10481	1434	1399	124	19.5528
rna10482	1954	1919	168	19.3126
rna10483	2122	2087	0	0
rna10484	1099	1064	1	0.207331
rna10485	1109	1074	36	7.39442
rna10486	228	193	2	2.28601
rna10487	1049	1014	21	4.56864
rna10494	5090	5055	81.1924	3.54324
rna10493	5395	5360	0	0
rna10490	4929	4894	214.844	9.68424
rna10491	4974	4939	7.81246e-005	3.48943e-006
rna10492	5001	4966	218.666	9.71359
rna10489	4903	4868	52.4114	2.37509
rna10488	5190	5155	781.119	33.4268
rna10495	3582	3547	294.852	18.3378
rna10496	2140	2105	176.116	18.4566
rna10497	1889	1854	148.884	17.7152
rna10498	807	772	45	12.8588
rna10499	2657	2622	315	26.5023
rna10500	1257	1222	105.322	19.0132
rna10501	1496	1461	36.6778	5.53808
rna10502	3022	2987	1709.68	126.266
rna10503	3337	3302	136.647	9.12911
rna10504	3362	3327	17	1.1272
rna10505	3188	3153	432.109	30.2326
rna10506	2973	2938	0	0
rna10507	2647	2612	3	0.253369
rna10508	2869	2834	0	0
rna10509	1922	1887	33.8044	3.95191
rna10510	1969	1934	3.19558	0.364501
rna10511	1411	1376	79.4765	12.7417
rna10512	1106	1071	189.524	39.0373
rna10513	1670	1635	2036	274.704
rna10515	2180	2145	400.434	41.1822
rna10516	2282	2247	0	0
rna10514	2277	2242	446.909	43.9733
rna10517	918	883	68.6573	17.1527
rna10518	1763	1728	132	16.8514
rna10519	1907	1872	169	19.9153
rna10520	607	572	712	274.593
rna10521	1649	1614	3.1462	0.43002
rna10522	1136	1101	2.8538	0.571797
rna10523	1954	1919	237	27.2445
rna10527	5222	5187	78.2883	3.32955
rna10526	5214	5179	0	0
rna10524	5029	4994	301.57	13.3213
rna10525	5122	5087	575.142	24.9413
rna10529	3283	3248	180.321	12.2472
rna10528	3284	3249	133.514	9.06534
rna10531	2692	2657	32.1941	2.67294
rna10530	2695	2660	8.97045	0.74394
rna10532	2297	2262	529.893	51.6775
rna10535	5315	5280	1383.78	57.8146
rna10534	5292	5257	1481.32	62.161
rna10533	5351	5316	0.00712603	0.000295712
rna10536	3759	3724	0	0
rna10537	3782	3747	1210.75	71.2814
rna10538	4067	4032	54.2509	2.96819
rna10539	1188	1153	226.085	43.2562
rna10540	1399	1364	38.703	6.25945
rna10541	1245	1210	52.212	9.51899
rna10542	1288	1253	0	0
rna10543	1284	1249	0	0
rna10544	3379	3344	336	22.1656
rna10545	1146	1111	2	0.39712
rna10546	3287	3252	19	1.28887
rna10547	4828	4793	439.65	20.2351
rna10548	4904	4869	2350.38	106.489
rna10549	1517	1482	398.965	59.3871
rna10550	2299	2264	321.035	31.2811
rna10551	2293	2258	0	0
rna10552	2341	2306	360	34.4389
rna10553	2652	2617	1555	131.079
rna10557	3547	3512	620.17	38.9549
rna10555	3671	3636	0	0
rna10556	3764	3729	159.83	9.45524
rna10554	3822	3787	0	0
rna10558	443	408	1	0.540686
rna10559	2010	1975	3	0.335089
rna10560	3813	3778	41	2.39402
rna10561	1865	1830	1	0.120546
rna10563	3237	3202	3.69185	0.254348
rna10562	3350	3315	1221.15	81.2623
rna10565	3768	3733	47.163	2.78708
rna10564	3658	3623	0	0
rna10566	4192	4157	0	0
rna10567	8974	8939	334.338	8.25091
rna10568	8946	8911	13691.9	338.956
rna10569	8919	8884	157.055	3.89985
rna10570	4127	4092	160.231	8.63808
rna10571	4407	4372	661.287	33.3669
rna10572	530	495	0	0
rna10573	2329	2294	0	0
rna10574	2299	2264	0	0
rna10575	2221	2186	117.171	11.8243
rna10576	2319	2284	66.7407	6.44615
rna10577	2289	2254	14.8932	1.45761
rna10578	2190	2155	42.014	4.30083
rna10579	2281	2246	181.605	17.8371
rna10580	2250	2215	67.8626	6.75869
rna10581	2108	2073	909.713	96.8079
rna10583	6128	6093	384.771	13.9308
rna10582	6336	6301	1840.32	64.43
rna10584	5809	5774	6	0.229235
rna10585	8728	8693	62.4001	1.58351
rna10586	8739	8704	0	0
rna10587	8670	8635	87.487	2.23505
rna10588	8655	8620	29.554	0.756337
rna10589	8652	8617	319.623	8.18252
rna10590	8697	8662	368.772	9.39173
rna10591	8625	8590	0	0
rna10592	8700	8665	716.988	18.2536
rna10593	8685	8650	0	0
rna10594	7028	6993	3736.76	117.879
rna10595	7376	7341	25.2728	0.759458
rna10596	7322	7287	558.143	16.8967
rna10597	2513	2478	176.548	15.7169
rna10598	2589	2554	0	0
rna10599	2061	2026	206.452	22.4794
rna10600	1213	1178	200	37.4533
rna10607	3070	3035	168.694	12.2616
rna10606	3401	3366	49.8041	3.26405
rna10604	3511	3476	150.261	9.5361
rna10605	3665	3630	0	0
rna10601	3976	3941	1.36466e-005	7.6388e-007
rna10602	4009	3974	191.73	10.6431
rna10603	4163	4128	0	0
rna10608	6188	6153	0	0
rna10609	6183	6148	0	0
rna10610	6054	6019	22.4367	0.82232
rna10611	5793	5758	0	0
rna10612	4672	4637	37.4105	1.77976
rna10613	4815	4780	89.6178	4.13592
rna10614	1559	1524	18.5349	2.68294
rna10615	1206	1171	13	2.44902
rna10616	1235	1200	87	15.9935
rna10617	1000	965	2	0.457202
rna10618	2169	2134	1879.88	194.331
rna10619	3654	3619	21.1187	1.28731
rna10622	3126	3091	639.838	45.6643
rna10621	3317	3282	309.298	20.7895
rna10620	3227	3192	55.8636	3.86075
rna10623	1467	1432	0	0
rna10624	1441	1406	0	0
rna10625	1388	1353	61.4999	10.0273
rna10626	1344	1309	25.5007	4.29753
rna10627	2371	2336	355.999	33.6188
rna10628	1506	1471	0	0
rna10629	1496	1461	312.515	47.1875
rna10630	2136	2101	39.4942	4.1468
rna10631	2077	2042	258.506	27.9267
rna10632	3981	3946	0	0
rna10633	3457	3422	40.4856	2.60992
rna10634	1682	1647	24.5144	3.28347
rna10639	4800	4765	115.983	5.36953
rna10638	4375	4340	36.6635	1.86359
rna10635	5257	5222	1.67884e-008	7.09216e-010
rna10636	5191	5156	14.3411	0.613587
rna10637	5283	5248	0.0125935	0.000529369
rna10642	1626	1591	50.9231	7.06073
rna10640	1703	1668	39.0702	5.16719
rna10641	1668	1633	0	0
rna10643	1330	1295	0.00678628	0.00115603
rna10644	1433	1398	0	0
rna10646	2231	2196	7	0.703188
rna10645	2643	2608	0	0
rna10647	2815	2780	163.879	13.0042
rna10648	2808	2773	344.713	27.4229
rna10649	2876	2841	274.409	21.3075
rna10654	1745	1710	143.354	18.4936
rna10655	1730	1695	1338.43	174.193
rna10656	1706	1671	15.1306	1.99749
rna10650	1944	1909	22.8373	2.63903
rna10651	1929	1894	179.733	20.934
rna10652	1905	1870	2.81045	0.331543
rna10653	1890	1855	405.904	48.2709
rna10658	2186	2151	25.8038	2.64636
rna10657	2264	2229	0	0
rna10659	577	542	0	0
rna10660	2116	2081	3.85404	0.408555
rna10661	2010	1975	19.6405	2.19377
rna10662	2030	1995	75.0043	8.29371
rna10663	1925	1890	242.501	28.3046
rna10664	1850	1815	0	0
rna10666	2548	2513	0.00461855	0.000405433
rna10665	2531	2496	13.9954	1.23693
rna10667	1885	1850	4.38245	0.522577
rna10668	1647	1612	151.225	20.6949
rna10669	2048	2013	625.472	68.5441
rna10670	2564	2529	360.891	31.4798
rna10671	1464	1429	863	133.225
rna10673	1019	984	69.9235	15.676
rna10672	1028	993	86.0765	19.1223
rna10674	3181	3146	5	0.350604
rna10675	2218	2183	277.282	28.0204
rna10676	2636	2601	442.718	37.5485
rna10677	3195	3160	25.0855	1.75122
rna10678	3213	3178	58.8171	4.08278
rna10681	3269	3234	6.4609e-008	4.40716e-009
rna10679	2508	2473	52.4194	4.67599
rna10680	2352	2317	141.678	13.4891
rna10682	386	351	0	0
rna10683	1440	1405	1.54536e-008	2.42638e-009
rna10684	1444	1409	95	14.8737
rna10685	1183	1148	247	47.4636
rna10686	2756	2721	8	0.648585
rna10687	644	609	431	156.123
rna10688	1922	1887	175	20.4584
rna10689	1923	1888	267	31.1971
rna10690	1354	1319	12	2.00698
rna10691	2933	2898	178	13.5496
rna10692	908	873	7.09014	1.79162
rna10693	959	924	0	0
rna10694	677	642	4.90986	1.68709
rna10695	1344	1309	272	45.839
rna10706	3553	3518	421.812	26.4502
rna10705	3661	3626	279.73	17.0183
rna10704	3472	3437	704.916	45.2443
rna10702	3644	3609	45.1125	2.7575
rna10703	3654	3619	0	0
rna10700	3564	3529	157.387	9.83835
rna10701	3680	3645	0	0
rna10698	3902	3867	16.7894	0.957779
rna10699	3932	3897	0.00182525	0.000103323
rna10697	3760	3725	445.147	26.3623
rna10696	3618	3583	282.567	17.3973
rna10707	3619	3584	158	9.72511
rna10708	737	702	128	40.2234
rna10709	2082	2047	286	30.8215
rna10710	2109	2074	7.18251e-007	7.63964e-008
rna10711	476	441	90	45.0204
rna10712	2086	2051	32.2827	3.47224
rna10713	2288	2253	487.717	47.7543
rna10714	1315	1280	60.7159	10.464
rna10715	1283	1248	145.284	25.6808
rna10716	2293	2258	115.096	11.2445
rna10717	2203	2168	267.904	27.26
rna10718	1212	1177	52.1324	9.77095
rna10719	1214	1179	496.647	92.9266
rna10720	1528	1493	440.22	65.0453
rna10721	1731	1696	550.672	71.6263
rna10722	1743	1708	298.328	38.5311
rna10723	2130	2095	160	16.8477
rna10724	6157	6122	515.997	18.5934
rna10725	6024	5989	282.003	10.3874
rna10726	612	577	761	290.947
rna10728	3573	3538	1037.81	64.7092
rna10729	3474	3439	227.169	14.5721
rna10730	3576	3541	312.518	19.4695
rna10727	3484	3449	58.5029	3.74188
rna10735	2195	2160	390.535	39.8852
rna10734	2363	2328	78.7066	7.4582
rna10733	2242	2207	535.888	53.5646
rna10732	2605	2570	0	0
rna10731	2634	2599	22.8699	1.94117
rna10736	1593	1558	378	53.5217
rna10737	5013	4978	2710.3	120.107
rna10738	5164	5129	272.347	11.7137
rna10739	5030	4995	48.3535	2.13549
rna10740	4813	4778	2046	94.4637
rna10743	16073	16038	3899.34	53.6347
rna10741	16380	16345	2862.45	38.633
rna10742	16383	16348	37.0653	0.50016
rna10744	738	703	151	47.3835
rna10745	1735	1700	237	30.7542
rna10746	2252	2217	386.617	38.4699
rna10747	2342	2307	51.7077	4.9444
rna10748	2065	2030	168.838	18.3476
rna10749	2428	2393	147.552	13.6022
rna10750	2306	2271	0	0
rna10751	2214	2179	0	0
rna10752	2373	2338	236.18	22.2846
rna10753	2289	2254	3.20854	0.314021
rna10754	2787	2752	67.8972	5.44263
rna10755	2679	2644	1.35812e-005	1.13314e-006
rna10757	1504	1469	1183	177.651
rna10756	1548	1513	0	0
rna10758	3863	3828	327	18.8444
rna10759	1193	1158	32.1667	6.12778
rna10760	1225	1190	17	3.15143
rna10761	1085	1050	178.833	37.572
rna10762	4353	4318	2885.57	147.419
rna10763	4917	4882	39.0553	1.76477
rna10764	4864	4829	291.377	13.3108
rna10765	3297	3262	3044.2	205.871
rna10777	6438	6403	928.835	32.0008
rna10778	6438	6403	4028.69	138.799
rna10776	6489	6454	788.061	26.9362
rna10773	6411	6376	2965.58	102.605
rna10774	6411	6376	1302.74	45.0728
rna10775	6411	6376	5669.41	196.153
rna10772	6461	6426	24.4772	0.840283
rna10770	7455	7420	2073.43	61.6442
rna10771	7455	7420	7308.62	217.289
rna10769	7456	7421	3581	106.45
rna10766	6360	6325	3671.03	128.036
rna10767	6360	6325	1602.73	55.8993
rna10768	6360	6325	7050.52	245.904
rna10779	3203	3168	2029.34	141.311
rna10780	3211	3176	168.664	11.7151
rna10781	4247	4212	3061	160.317
rna10782	2700	2665	89.8315	7.43596
rna10783	2433	2398	169.169	15.5624
rna10784	3749	3714	1250	74.2461
rna10785	2559	2524	325.067	28.4112
rna10786	2568	2533	105.933	9.22574
rna10787	1742	1707	29	3.74775
rna10788	4995	4960	0	0
rna10789	4721	4686	237	11.1571
rna10790	1658	1623	90	12.2329
rna10791	1112	1077	184	37.6884
rna10792	3320	3285	14.498	0.973598
rna10793	3250	3215	0	0
rna10794	3247	3212	0	0
rna10795	3127	3092	0	0
rna10796	2726	2691	478.763	39.2476
rna10797	6072	6037	4640.74	169.579
rna10798	3141	3106	845	60.0151
rna10799	883	848	59	15.3484
rna10800	3411	3376	0.000381682	2.49405e-005
rna10801	3422	3387	355	23.1216
rna10802	2428	2393	909	83.7967
rna10803	2974	2939	178.183	13.3743
rna10804	2435	2400	451.817	41.5295
rna10805	1045	1010	551	120.347
rna10806	744	709	104	32.3588
rna10807	2094	2059	82.7491	8.86569
rna10808	2241	2206	43.879	4.38791
rna10809	2190	2155	135.372	13.8576
rna10810	1222	1187	364	67.6482
rna10811	2789	2754	1252	100.287
rna10812	1169	1134	132	25.6783
rna10813	2778	2743	662	53.24
rna10814	1998	1963	124.033	13.9388
rna10815	1807	1772	57.9666	7.21638
rna10816	100	65	0	0
rna10817	22	23	0	0
rna10818	91	56	1	3.93929
rna10819	21	22	0	0
rna10820	3491	3456	5.18547e-007	3.30994e-008
rna10821	3434	3399	2744.6	178.129
rna10822	3574	3539	0	0
rna10823	3521	3486	0	0
rna10824	3536	3501	0.428118	0.0269759
rna10825	3500	3465	819.371	52.1655
rna10826	3542	3507	0	0
rna10827	3506	3471	8.59955e-007	5.46546e-008
rna10828	3521	3486	999.683	63.2617
rna10829	1759	1724	0	0
rna10830	2403	2368	160.063	14.9112
rna10832	3742	3707	434.542	25.8592
rna10833	3849	3814	701.543	40.5769
rna10834	3957	3922	3.85172	0.216647
rna10831	3552	3517	0	0
rna10835	12565	12530	70	1.2324
rna10838	4843	4808	0	0
rna10837	3940	3905	808.864	45.6941
rna10836	5151	5116	1225.14	52.8274
rna10839	2193	2158	25.3686	2.59329
rna10840	2325	2290	52.0454	5.01363
rna10841	2077	2042	38.586	4.1685
rna10842	1940	1905	14013	1622.71
rna10843	897	862	615	157.389
rna10844	4713	4678	0.000389085	1.83481e-005
rna10845	4705	4670	9.76979e-006	4.61503e-007
rna10846	4687	4652	490.684	23.2685
rna10847	4679	4644	12.9291	0.614159
rna10848	3451	3416	0	0
rna10849	3777	3742	255.454	15.0597
rna10850	3769	3734	233.019	13.7665
rna10851	3912	3877	0.00348112	0.000198075
rna10852	3706	3671	303.24	18.2225
rna10853	3849	3814	0.00011854	6.85632e-006
rna10854	3772	3737	38.1013	2.24917
rna10855	3090	3055	1109.18	80.0935
rna10856	2372	2337	3	0.283184
rna10857	686	651	0	0
rna10858	661	626	4	1.40959
rna10859	823	788	4	1.1198
rna10860	1576	1541	6	0.858923
rna10862	1461	1426	45.5	7.03878
rna10861	1461	1426	45.5	7.03878
rna10863	3354	3319	28.2016	1.87444
rna10868	732	697	90	28.4849
rna10869	1463	1428	775	119.723
rna10864	3365	3330	0	0
rna10865	3362	3327	55.6617	3.6907
rna10866	3346	3311	0	0
rna10867	3235	3200	462.148	31.8593
rna10870	2220	2185	329	33.2162
rna10871	2286	2251	0	0
rna10874	1868	1833	0	0
rna10873	1778	1743	400.938	50.7441
rna10872	1791	1756	0.0619218	0.00777901
rna10875	2480	2445	0	0
rna10876	2462	2427	176	15.9974
rna10877	2041	2006	881	96.8837
rna10878	2079	2044	70.6702	7.62713
rna10879	1703	1668	933.33	123.437
rna10880	804	769	39	11.1878
rna10881	1255	1220	256	46.2898
rna10883	6457	6422	2297.96	78.9366
rna10882	6584	6549	121.038	4.07709
rna10884	4333	4298	3886	199.454
rna10885	876	841	227.993	59.8042
rna10886	676	641	180.003	61.948
rna10887	887	852	58.0038	15.0183
rna10888	1580	1545	0	0
rna10889	1577	1542	83.6024	11.9602
rna10890	1411	1376	227.398	36.4563
rna10891	1758	1723	1488.2	190.538
rna10892	1669	1634	0	0
rna10893	1433	1398	684.804	108.06
rna10894	1774	1739	166	21.0579
rna10895	3591	3556	112	6.94803
rna10896	6825	6790	16	0.519823
rna10897	1769	1734	34.3256	4.36692
rna10898	1517	1482	1074	159.868
rna10899	534	499	2	0.884169
rna10900	2883	2848	229	17.7379
rna10902	456	421	198	103.75
rna10901	547	512	0	0
rna10903	941	906	280	68.1766
rna10904	539	504	95	41.5814
rna10905	942	907	134	32.5914
rna10907	2690	2655	234.054	19.4472
rna10906	2671	2636	99.9462	8.36424
rna10908	4174	4139	422	22.4917
rna10910	2362	2327	24	2.2752
rna10909	2233	2198	0	0
rna10911	5391	5356	6.06281	0.249712
rna10912	5644	5609	279.836	11.0058
rna10913	5682	5647	219.949	8.59231
rna10914	5615	5580	0	0
rna10921	74	39	0	0
rna10915	5477	5442	0	0
rna10916	1699	1664	0	0
rna10917	5037	5002	148.777	6.56144
rna10918	5948	5913	84.087	3.13709
rna10919	5176	5141	36.9788	1.58676
rna10920	5565	5530	73.3111	2.92449
rna10922	1533	1498	409	60.2306
rna10924	2840	2805	429.277	33.7606
rna10923	3165	3130	789.723	55.6591
rna10925	3654	3619	506	30.8438
rna10926	1123	1088	559.061	113.354
rna10927	2493	2458	160.939	14.4439
rna10928	2514	2479	381	33.9042
rna10929	1301	1266	614.666	107.105
rna10930	1674	1639	545.334	73.3988
rna10931	3346	3311	213.496	14.2245
rna10932	3124	3089	136.027	9.71432
rna10933	3030	2995	0	0
rna10941	73	38	0	0
rna10942	4900	4865	17	0.770853
rna10943	6573	6538	28	0.944754
rna10934	3365	3330	0.814563	0.0539618
rna10935	3263	3228	35.2893	2.41165
rna10936	3355	3320	152.189	10.1123
rna10937	3296	3261	1.35151e-005	9.1427e-007
rna10938	2823	2788	154.983	12.263
rna10939	3020	2985	12.6317	0.933517
rna10944	1548	1513	7	1.02062
rna10945	6018	5983	576.556	21.2583
rna10946	3704	3669	1636.73	98.4089
rna10940	2584	2549	112.57	9.74223
rna10950	2494	2459	53.6565	4.8136
rna10947	2091	2056	5.92017e-006	6.3521e-007
rna10948	2096	2061	46.2227	4.94747
rna10949	2381	2346	43.1208	4.05475
rna10952	4043	4008	6497.69	357.632
rna10951	4002	3967	1102.31	61.2983
rna10953	5810	5775	102.466	3.91413
rna10954	4401	4366	125.873	6.35997
rna10955	4377	4342	5.57898e-006	2.83446e-007
rna10956	4389	4354	415.345	21.0439
rna10957	545	510	30.3151	13.1128
rna10958	959	924	1651.2	394.216
rna10959	1027	992	504.796	112.256
rna10960	624	589	304	113.858
rna10961	1617	1582	169	23.566
rna10962	8486	8451	1534.76	40.0626
rna10963	8474	8439	70.2354	1.83599
rna10964	844	809	12	3.27219
rna10965	3886	3851	393.83	22.5601
rna10966	1922	1887	325.303	38.0296
rna10967	2081	2046	913.623	98.5069
rna10968	1213	1178	42	7.8652
rna10969	1570	1535	126.09	18.1208
rna10970	1789	1754	176.91	22.2499
rna10971	6164	6129	1777	63.9593
rna10975	5580	5545	230.34	9.16376
rna10974	5673	5638	399.973	15.6499
rna10973	5821	5786	3844.96	146.595
rna10972	5689	5654	624.299	24.358
rna10976	1099	1064	12.4292	2.57695
rna10977	2324	2289	1	0.096374
rna10978	563	528	1	0.417803
rna10979	2043	2008	176.305	19.369
rna10980	2062	2027	930.695	101.288
rna10981	1303	1268	507	88.2052
rna10982	1365	1330	6.33333	1.05048
rna10983	1155	1120	251.667	49.5694
rna10984	1444	1409	33.1079	5.18354
rna10985	1799	1764	607.892	76.021
rna10986	1367	1332	246	40.7415
rna10987	10002	9967	748.086	16.5574
rna10988	10041	10006	1166.5	25.7176
rna10989	10044	10009	415.411	9.15573
rna10990	1381	1346	227	37.2037
rna10991	1481	1446	652	99.4684
rna10992	2182	2147	360	36.9893
rna10993	973	938	374	87.9578
rna10994	2045	2010	180	19.7552
rna10995	1147	1112	66.1239	13.1177
rna10996	2471	2436	58.8761	5.33172
rna10997	3566	3531	0	0
rna10998	3708	3673	38	2.28228
rna10999	633	598	5	1.84448
rna11000	1951	1916	141	16.2341
rna11001	636	601	436	160.036
rna11005	2579	2544	161.524	14.0064
rna11004	2586	2551	95.9023	8.29324
rna11003	2453	2418	11180.5	1020.03
rna11002	2567	2532	111.053	9.67544
rna11006	1386	1351	0	0
rna11007	9219	9184	3617	86.8805
rna11008	1849	1814	50	6.08049
rna11009	2693	2658	51	4.23273
rna11013	3557	3522	57.1875	3.58193
rna11014	3590	3555	0.000110121	6.83339e-006
rna11015	3638	3603	9.34914e-008	5.72418e-009
rna11012	3646	3611	39.3272	2.40254
rna11011	3882	3847	16.4053	0.940733
rna11010	3672	3637	129.08	7.82927
rna11023	4024	3989	74.1889	4.1028
rna11022	3230	3195	286.909	19.8097
rna11020	3981	3946	0	0
rna11021	4013	3978	0	0
rna11017	4098	4063	0	0
rna11018	4053	4018	9.71752	0.53352
rna11019	4107	4072	0	0
rna11016	3923	3888	14.1188	0.801084
rna11024	3471	3436	439.066	28.1892
rna11027	1865	1830	396.911	47.8462
rna11028	1973	1938	0	0
rna11029	2198	2163	198.871	20.2824
rna11026	2084	2049	107.2	11.5414
rna11025	1870	1835	206.019	24.7672
rna11030	5034	4999	1322	58.3383
rna11031	128	93	0	0
rna11032	5841	5806	5755.85	218.695
rna11033	2296	2261	6.20518	0.605424
rna11034	3478	3443	6	0.384432
rna11035	2441	2406	57	5.22619
rna11036	1458	1423	156	24.1838
rna11037	1347	1312	243	40.8581
rna11038	1197	1162	434	82.3928
rna11039	3268	3233	151	10.3033
rna11040	3220	3185	0	0
rna11044	1403	1368	4.9927	0.80511
rna11043	1129	1094	24.9791	5.03692
rna11042	1129	1094	24.9791	5.03692
rna11041	1129	1094	24.9791	5.03692
rna11045	1868	1833	0	0
rna11054	1804	1769	0	0
rna11053	2088	2053	8.21658	0.882893
rna11052	1932	1897	12.7834	1.48657
rna11051	2031	1996	0	0
rna11050	1965	1930	0	0
rna11055	1964	1929	0	0
rna11046	1298	1263	9.52115	1.663
rna11047	1482	1447	0	0
rna11048	1400	1365	13.3893	2.16386
rna11049	1303	1268	0.0895793	0.0155845
rna11056	2178	2143	13	1.33822
rna11057	435	400	61	33.6415
rna11058	1901	1866	48	5.6746
rna11059	840	805	148	40.5575
rna11060	2654	2619	0	0
rna11061	2567	2532	277	24.1336
rna11062	1057	1022	210	45.3288
rna11063	6704	6669	1013.76	33.5335
rna11065	3944	3909	434.184	24.5027
rna11066	3890	3855	254.816	14.5817
rna11064	2988	2953	401.243	29.9744
rna11067	1982	1947	1181.96	133.919
rna11068	1470	1435	625.446	96.1487
rna11069	1915	1880	243.595	28.5835
rna11070	3096	3061	264.229	19.0424
rna11071	3008	2973	275.771	20.4626
rna11072	418	383	162	93.3086
rna11073	1018	983	760	170.555
rna11074	3336	3301	0	0
rna11075	3409	3374	0	0
rna11076	3699	3664	110.078	6.6275
rna11077	3162	3127	254.359	17.9442
rna11079	1589	1554	2.5176	0.357389
rna11078	1664	1629	21.1786	2.86802
rna11080	537	502	8.0207	3.52463
rna11081	918	883	1.61696	0.403966
rna11083	1269	1234	4.36234	0.779849
rna11082	2006	1971	0	0
rna11084	1046	1011	1	0.2182
rna11086	1821	1786	0.10806	0.0133472
rna11085	1816	1781	2.96194	0.366874
rna11087	3745	3710	57.83	3.43863
rna11103	5522	5487	36.0935	1.45111
rna11101	5501	5466	0	0
rna11102	5154	5119	0	0
rna11097	5573	5538	17.0746	0.680146
rna11098	5139	5104	24.9397	1.07792
rna11099	5282	5247	0	0
rna11100	5583	5548	0	0
rna11093	5562	5527	0	0
rna11094	5173	5138	0.00980744	0.000421083
rna11095	5416	5381	0	0
rna11096	5617	5582	0	0
rna11092	4905	4870	220.694	9.99694
rna11091	4962	4927	0.000237404	1.06294e-005
rna11090	5004	4969	1.0515e-008	4.66815e-010
rna11089	5170	5135	1.26255e-008	5.42394e-010
rna11088	4606	4571	54.1884	2.61517
rna11104	3970	3935	0.00211286	0.000118449
rna11105	3941	3906	13.1471	0.742514
rna11107	1900	1865	31.8414	3.76634
rna11106	1633	1598	14.3804	1.98518
rna11109	2279	2244	20.3261	1.99819
rna11108	1727	1692	33.1576	4.32303
rna11110	601	566	3.78146	1.47383
rna11113	1048	1013	8.20358	1.78649
rna11111	1433	1398	2.94834e-006	4.6524e-007
rna11112	3561	3526	42.7964	2.67751
rna11114	1855	1820	123.667	14.9896
rna11116	1659	1624	42.4976	5.77276
rna11115	1770	1735	60.8349	7.73498
rna11117	3077	3042	343	24.8737
rna11118	1430	1395	145.03	22.9346
rna11119	1436	1401	200.97	31.6445
rna11120	1402	1367	0	0
rna11121	5201	5166	701.608	29.9603
rna11122	4985	4950	0.0054375	0.000242326
rna11123	4955	4920	932.095	41.7927
rna11124	4669	4634	1967.17	93.6467
rna11125	4663	4628	5809.14	276.901
rna11126	3875	3840	414.257	23.7982
rna11127	3491	3456	22.7426	1.45168
rna11128	4788	4753	230.708	10.7078
rna11129	4785	4750	0.0177726	0.000825398
rna11130	4685	4650	263.258	12.4892
rna11131	4682	4647	0.0164524	0.000781021
rna11132	1234	1199	72.3802	13.317
rna11136	1335	1300	622.401	105.617
rna11134	1431	1396	25.2394	3.9884
rna11135	1536	1501	0	0
rna11133	1533	1498	6.97934	1.0278
rna11137	2994	2959	1688.82	125.905
rna11139	1097	1062	10	2.07721
rna11138	2499	2464	1896.18	169.763
rna11140	1634	1599	18	2.4833
rna11141	3935	3900	570.879	32.2913
rna11143	2833	2798	61.1242	4.81916
rna11142	2980	2945	449.997	33.7077
rna11144	4200	4165	229.365	12.1484
rna11146	1706	1671	0	0
rna11145	1635	1600	686.635	94.6699
rna11147	4704	4669	2.32922	0.110051
rna11148	4781	4746	341.069	15.8533
rna11149	4602	4567	51.3095	2.4784
rna11150	4513	4478	355.292	17.5028
rna11151	4075	4040	2.94382e-008	1.60744e-009
rna11153	1310	1275	2.91775e-005	5.04829e-006
rna11152	1295	1260	475	83.1627
rna11154	2713	2678	197.326	16.2547
rna11155	2618	2583	268.674	22.946
rna11156	5605	5570	170.941	6.77012
rna11157	5545	5510	378.912	15.1703
rna11158	5202	5167	68.8399	2.93905
rna11159	4965	4930	448.307	20.0601
rna11160	2403	2368	209	19.4702
rna11162	2566	2531	134.334	11.7084
rna11161	3004	2969	9.99151	0.742381
rna11164	1468	1433	33	5.08011
rna11163	2428	2393	75.655	6.9743
rna11165	2550	2515	91.4797	8.02403
rna11166	2533	2498	194.54	17.1799
rna11167	1236	1201	44.3578	8.14765
rna11168	2528	2493	128.948	11.4103
rna11169	2354	2319	37.6939	3.58572
rna11170	1977	1942	150.683	17.1167
rna11171	1480	1445	216.317	33.0239
rna11172	2250	2215	256	25.496
rna11173	1396	1361	216	35.0107
rna11174	1187	1152	303	58.0224
rna11175	2980	2945	206	15.4308
rna11176	5249	5214	504	21.3238
rna11177	684	649	137	46.5673
rna11178	2370	2335	255	24.0912
rna11179	6867	6832	64510	2082.98
rna11180	669	634	310	107.864
rna11185	2409	2374	1.40128e-005	1.30212e-006
rna11184	2374	2339	0	0
rna11181	2280	2245	163.278	16.0441
rna11182	2316	2281	50.7105	4.90432
rna11183	2375	2340	351.012	33.0911
rna11192	3695	3660	119.712	7.21545
rna11191	1848	1813	35.261	4.29044
rna11190	2218	2183	109.764	11.0921
rna11189	4716	4681	824.423	38.8523
rna11188	1794	1759	182.712	22.9144
rna11186	1866	1831	108.485	13.0704
rna11187	1668	1633	12.9616	1.75097
rna11193	601	566	617	240.477
rna11194	698	663	99.7144	33.178
rna11195	1074	1039	9.46585	2.00979
rna11196	881	846	0	0
rna11197	826	791	550.82	153.617
rna11198	2377	2342	66.7922	6.29136
rna11199	2685	2650	17.2078	1.43247
rna11200	2433	2398	0	0
rna11201	2293	2258	49.6013	4.8459
rna11202	3238	3203	26.3243	1.81303
rna11203	4608	4573	5.14569	0.248226
rna11204	3610	3575	67.6769	4.17609
rna11205	2022	1987	30.4686	3.38267
rna11206	2239	2204	598	59.8543
rna11207	2254	2219	0	0
rna11208	1214	1179	323	60.4358
rna11209	1969	1934	584	66.6135
rna11210	9911	9876	646.792	14.4474
rna11211	8790	8755	0	0
rna11212	8738	8703	25.0045	0.633805
rna11213	8872	8837	0	0
rna11214	8859	8824	157.444	3.93609
rna11215	7898	7863	0	0
rna11216	7784	7749	28.561	0.813081
rna11219	4484	4449	222.582	11.0366
rna11217	4516	4481	107.863	5.3101
rna11218	4526	4491	7.75413	0.380886
rna11220	3704	3669	642	38.6005
rna11224	2165	2130	2.92302	0.302732
rna11223	2280	2245	47.089	4.6271
rna11221	2101	2066	343.544	36.6824
rna11222	2215	2180	270.637	27.3865
rna11225	1013	978	678	152.931
rna11226	813	778	240	68.0514
rna11227	1850	1815	310	37.6782
rna11228	6377	6342	1578.94	54.9219
rna11229	6755	6720	0	0
rna11230	6526	6491	134.874	4.58375
rna11233	443	408	4.61425	2.49486
rna11231	6347	6312	161.045	5.6284
rna11232	6400	6365	55.5245	1.92439
rna11240	2373	2338	64.7947	6.11365
rna11241	2378	2343	79.1933	7.45627
rna11234	2539	2504	72.2156	6.36212
rna11235	2532	2497	0	0
rna11236	2764	2729	0	0
rna11237	2550	2515	79.126	6.94043
rna11238	2757	2722	0	0
rna11239	3059	3024	34.9968	2.55301
rna11242	1554	1519	10.6221	1.54262
rna11243	1990	1955	7.05164	0.7957
rna11244	2197	2162	0	0
rna11245	338	303	8	5.82442
rna11249	1925	1890	1.31958	0.154021
rna11248	2148	2113	0	0
rna11247	2233	2198	35.6804	3.58103
rna11246	2023	1988	0	0
rna11250	651	616	137	49.062
rna11251	1720	1685	449	58.783
rna11252	920	885	68	16.9501
rna11253	2147	2112	42.5643	4.44587
rna11254	1105	1070	194.436	40.0865
rna11255	1329	1294	0	0
rna11256	1109	1074	41	8.42142
rna11257	1082	1047	0	0
rna11258	1033	998	28.7382	6.35236
rna11260	1086	1051	144.909	30.4156
rna11259	1150	1115	126.202	24.9688
rna11261	4271	4236	949.151	49.4294
rna11268	10914	10879	12076.9	244.89
rna11262	11113	11078	1177.71	23.4521
rna11263	11360	11325	5857.35	114.095
rna11264	11917	11882	6248.91	116.017
rna11265	12226	12191	4334.95	78.4423
rna11266	12307	12272	717.122	12.8909
rna11267	12807	12772	2648.81	45.7508
rna11269	1106	1071	0	0
rna11270	857	822	2216	594.708
rna11271	604	569	1156	448.179
rna11272	7316	7281	567	17.179
rna11273	4533	4498	0	0
rna11274	4416	4381	67.0177	3.3746
rna11275	5733	5698	327.635	12.6845
rna11276	5640	5605	1852.99	72.9296
rna11277	4051	4016	103.265	5.67236
rna11278	2568	2533	516	44.9387
rna11279	1385	1350	6.60533	1.07936
rna11282	6487	6452	1023.48	34.9938
rna11283	249	214	7	7.21589
rna11280	1189	1154	805.651	154.009
rna11281	1183	1148	73.1541	14.0573
rna11284	1771	1736	7.58963	0.964443
rna11285	3537	3502	1114	70.1737
rna11286	1658	1623	500.611	68.0437
rna11289	2750	2715	3.5109e-005	2.85269e-006
rna11288	2676	2641	334.911	27.9748
rna11287	2698	2663	341.478	28.2876
rna11291	1681	1646	435.787	58.4049
rna11290	1859	1824	133.213	16.1112
rna11292	1577	1542	1.51511e-007	2.16754e-008
rna11293	1792	1757	554.047	69.5634
rna11294	1414	1379	287.953	46.0641
rna11295	1673	1638	102.479	13.8015
rna11296	959	924	274.521	65.5404
rna11300	1502	1467	462.046	69.4802
rna11299	1701	1666	38.7441	5.13023
rna11298	1572	1537	0	0
rna11297	1615	1580	16.2094	2.26316
rna11303	1148	1113	0	0
rna11302	1165	1130	6	1.17133
rna11301	1722	1687	0	0
rna11304	355	320	0	0
rna11312	1342	1307	0	0
rna11311	1225	1190	0	0
rna11310	1252	1217	38.3006	6.94258
rna11309	1313	1278	0	0
rna11308	1331	1296	11.6994	1.99143
rna11307	1149	1114	4	0.792101
rna11305	1250	1215	0	0
rna11306	978	943	0	0
rna11313	500	465	0	0
rna11314	683	648	482.694	164.325
rna11315	389	354	487.306	303.672
rna11316	1685	1650	144	19.2524
rna11317	706	671	41.7822	13.7364
rna11318	713	678	235.218	76.5325
rna11320	1024	989	0	0
rna11319	1780	1745	244.856	30.9543
rna11321	1453	1418	33.4403	5.20234
rna11322	1413	1378	1134.13	181.559
rna11323	5124	5089	892	38.6668
rna11324	1153	1118	491	96.8825
rna11325	1263	1228	149.745	26.9004
rna11326	1133	1098	310.027	62.2878
rna11327	4125	4090	1192.06	64.2957
rna11329	4150	4115	160.342	8.59575
rna11330	4159	4124	184.675	9.87861
rna11328	4088	4053	0	0
rna11331	759	724	664	202.318
rna11332	577	542	0	0
rna11333	665	630	0	0
rna11334	659	624	0	0
rna11335	531	496	32	14.2323
rna11340	5715	5680	135.623	5.26735
rna11341	5766	5731	7.15792	0.275526
rna11339	5324	5289	134.511	5.61037
rna11338	5392	5357	78.8607	3.24747
rna11337	5923	5888	0	0
rna11336	5895	5860	71.8464	2.70466
rna11342	882	847	0	0
rna11343	862	827	57	15.2046
rna11344	2512	2477	885	78.8175
rna11345	2527	2492	0	0
rna11346	1065	1030	1589	340.324
rna11347	1422	1387	166	26.402
rna11348	2605	2570	112.038	9.61695
rna11349	2526	2491	460.884	40.8153
rna11350	2548	2513	811.078	71.1993
rna11351	1707	1672	350.032	46.1825
rna11352	1769	1734	27.9677	3.55807
rna11353	2406	2371	166	15.4448
rna11354	1481	1446	1398	213.277
rna11355	3411	3376	62.359	4.07476
rna11356	4084	4049	0	0
rna11359	2798	2763	11.5607	0.923013
rna11358	2320	2285	4.94793	0.477686
rna11357	3226	3191	21.1325	1.46093
rna11360	3180	3145	0	0
rna11362	3081	3046	0	0
rna11361	2723	2688	0	0
rna11363	1423	1388	0	0
rna11364	3526	3491	80.2486	5.071
rna11374	5972	5937	3.21405	0.119424
rna11375	5939	5904	12.668	0.473335
rna11365	11012	10977	0.00469102	9.42733e-005
rna11366	10748	10713	1059.06	21.808
rna11367	10715	10680	1102.75	22.7779
rna11368	10685	10650	217.439	4.50394
rna11369	10760	10725	245.602	5.05172
rna11370	10745	10710	1250.07	25.7484
rna11371	10727	10692	253.736	5.23514
rna11372	10745	10710	9.48712	0.195412
rna11373	10697	10662	49.7179	1.02868
rna11376	6076	6041	0	0
rna11377	2212	2177	97.1222	9.8416
rna11379	999	964	1	0.228838
rna11378	1271	1236	0	0
rna11381	1427	1392	0.506519	0.0802717
rna11380	1568	1533	32.4935	4.67584
rna11385	4077	4042	0.0528622	0.00288506
rna11386	4146	4111	2.9818	0.160006
rna11382	3912	3877	0.0370054	0.00210559
rna11383	4091	4056	8.63702	0.469755
rna11384	4160	4125	432.628	23.1364
rna11387	3820	3785	442.663	25.7996
rna11388	1943	1908	1317	152.27
rna11389	1287	1252	7.32164	1.29006
rna11390	1219	1184	0	0
rna11391	1116	1081	50.6784	10.342
rna11392	4338	4303	19	0.974065
rna11393	1867	1832	0	0
rna11394	3131	3096	850.322	60.5882
rna11395	2502	2467	8.6777	0.775963
rna11396	1624	1589	178	24.7116
rna11397	3494	3459	0	0
rna11398	2554	2519	12	1.05089
rna11403	5503	5468	775.202	31.2746
rna11402	5528	5493	39.8451	1.60019
rna11399	4803	4768	530.008	24.5218
rna11400	4829	4794	0.861027	0.0396209
rna11401	4917	4882	342.811	15.4904
rna11404	281	246	20.273	18.1798
rna11405	1532	1497	456	67.1968
rna11406	922	887	0	0
rna11407	813	778	29	8.22288
rna11408	1378	1343	49	8.0487
rna11409	565	530	843	350.879
rna11410	1416	1381	2	0.319479
rna11411	835	800	378	104.234
rna11412	2363	2328	3326.35	315.203
rna11413	2297	2262	22.6498	2.20891
rna11414	390	355	0	0
rna11415	414	379	0	0
rna11416	405	370	0	0
rna11417	369	334	0	0
rna11418	301	266	375.315	311.258
rna11419	228	193	416.685	476.273
rna11425	6903	6868	33.7755	1.08487
rna11420	7850	7815	2.43803e-006	6.88202e-008
rna11421	7837	7802	0	0
rna11422	7820	7785	228.968	6.48816
rna11423	7814	7779	43.3992	1.23073
rna11424	7738	7703	278.858	7.98598
rna11426	840	805	157	43.0239
rna11427	1303	1268	310	53.9322
rna11428	2588	2553	1015.85	87.7775
rna11429	2579	2544	248.355	21.5358
rna11430	2321	2286	68.8932	6.64823
rna11431	2545	2510	984.904	86.5617
rna11432	1646	1611	2	0.273867
rna11433	4742	4707	370	17.3406
rna11434	1927	1892	6	0.699577
rna11438	6831	6796	35.1331	1.14043
rna11437	7393	7358	11.2853	0.338344
rna11436	6741	6706	596.706	19.6292
rna11435	7004	6969	26.4981	0.838784
rna11439	810	775	0	0
rna11440	1056	1021	2291	495
rna11441	1088	1053	106	22.2067
rna11442	1187	1152	2	0.382986
rna11443	2322	2287	0	0
rna11445	1468	1433	0	0
rna11444	2293	2258	0	0
rna11446	2362	2327	0	0
rna11447	2338	2303	58.6203	5.61513
rna11449	1345	1310	0	0
rna11448	2170	2135	0	0
rna11450	1250	1215	162.4	29.486
rna11451	2019	1984	374.98	41.6938
rna11452	7986	7951	502.165	13.9326
rna11455	709	674	0	0
rna11456	1610	1575	20	2.80127
rna11457	681	646	0	0
rna11453	6136	6101	0	0
rna11454	9826	9791	527.272	11.8799
rna11458	631	596	7	2.59094
rna11459	2945	2910	9.61357	0.728782
rna11460	10635	10600	8.38643	0.174533
rna11461	1152	1117	20	3.94987
rna11462	3993	3958	1806.63	100.693
rna11463	4047	4012	109.826	6.03879
rna11464	4050	4015	158.36	8.70091
rna11468	2984	2949	25.3096	1.89329
rna11467	3161	3126	87.4994	6.17478
rna11466	2796	2761	99.2924	7.93333
rna11465	3119	3084	20.0843	1.43664
rna11469	4893	4858	57.3235	2.60304
rna11470	4838	4803	807.306	37.0793
rna11471	1115	1080	126.37	25.8123
rna11472	4245	4210	118	6.18309
rna11473	2276	2241	492	48.4316
rna11474	664	629	524	183.775
rna11475	502	467	110	51.9615
rna11477	1882	1847	0	0
rna11478	1792	1757	0	0
rna11479	1885	1850	229	27.3067
rna11476	1732	1697	0	0
rna11480	1746	1711	0	0
rna11481	5258	5223	1.72585	0.0728934
rna11482	4951	4916	23.9037	1.07265
rna11483	4773	4738	101.238	4.7136
rna11484	5113	5078	9.79142	0.425362
rna11485	4806	4771	152.535	7.05289
rna11486	4628	4593	693.815	33.3237
rna11487	7435	7400	168.93	5.03594
rna11488	2217	2182	118	11.9298
rna11489	2087	2052	5.05715	0.543669
rna11490	1545	1510	203.95	29.7956
rna11491	1548	1513	240.05	35.0001
rna11492	1931	1896	561	65.2725
rna11493	1632	1597	191	26.3836
rna11495	24	25	0	0
rna11494	62	27	0	0
rna11496	1347	1312	455	76.5038
rna11497	2479	2444	1215.67	109.729
rna11500	1225	1190	148	27.436
rna11499	1319	1284	0	0
rna11498	1269	1234	0	0
rna11501	4592	4557	104.678	5.06738
rna11502	3939	3904	633.322	35.7866
rna11503	988	953	147	34.0275
rna11507	2606	2571	10.4015	0.892481
rna11506	2693	2658	0	0
rna11505	2840	2805	41.6466	3.27531
rna11504	3080	3045	446.952	32.3802
rna11508	1984	1949	112	12.6769
rna11509	2579	2544	57	4.94269
rna11510	406	371	8.96802	5.33247
rna11511	3107	3072	378.53	27.1822
rna11512	4848	4813	167	7.65431
rna11513	1881	1846	5	0.597508
rna11514	1809	1774	26	3.23315
rna11515	1081	1046	3	0.632696
rna11516	1293	1258	13	2.27965
rna11517	2596	2561	186	16.0217
rna11518	14913	14878	74	1.09722
rna11519	594	559	97	38.2794
rna11520	1399	1364	14	2.26422
rna11521	2981	2946	3	0.224644
rna11522	1199	1164	0	0
rna11523	2406	2371	1	0.0930409
rna11524	2110	2075	0	0
rna11527	1106	1071	2	0.411952
rna11526	1439	1404	0	0
rna11525	1418	1383	0	0
rna11528	1684	1649	1	0.133778
rna11529	1321	1286	0	0
rna11530	2858	2823	0	0
rna11531	1842	1807	1	0.122081
rna11533	1811	1776	0	0
rna11532	1423	1388	2	0.317868
rna11536	2004	1969	0	0
rna11535	1911	1876	36	4.23326
rna11534	2112	2077	0	0
rna11537	1712	1677	0	0
rna11538	2245	2210	1875	187.161
rna11539	2321	2286	2.08301	0.201012
rna11540	1595	1560	152	21.4944
rna11541	763	728	204.27	61.8983
rna11542	1692	1657	44.0243	5.86105
rna11543	1442	1407	3.70568	0.581004
rna11544	1844	1809	4	0.487783
rna11545	3725	3690	16.0261	0.958091
rna11546	3973	3938	1.89586e-006	1.06203e-007
rna11547	3908	3873	652.122	37.1439
rna11548	3751	3716	651.198	38.6583
rna11549	3878	3843	90.2467	5.18044
rna11550	14372	14337	53	0.815499
rna11551	14555	14520	0	0
rna11552	1410	1375	88	14.1184
rna11553	759	724	163	49.6655
rna11554	2101	2066	766.737	81.8694
rna11559	6592	6557	337.749	11.363
rna11558	7569	7534	44.6867	1.30845
rna11557	6825	6790	0.0551752	0.00179259
rna11556	7372	7337	190.043	5.71399
rna11555	7326	7291	228.466	6.91258
rna11560	9755	9720	7	0.158868
rna11561	1551	1516	1	0.145515
rna11568	5194	5159	4618.01	197.467
rna11564	5625	5590	41.6786	1.64478
rna11565	5679	5644	0	0
rna11566	5724	5689	45.9266	1.78088
rna11567	5800	5765	1494.01	57.1688
rna11563	5251	5216	3152.85	133.343
rna11562	5216	5181	964.64	41.0731
rna11569	2728	2693	474.161	38.8414
rna11570	6682	6647	30	0.995637
rna11571	2330	2295	24.5847	2.36313
rna11572	2317	2282	880.415	85.1094
rna11573	1160	1125	299	58.6306
rna11576	4025	3990	213.756	11.8182
rna11575	4131	4096	803.416	43.2699
rna11574	4302	4267	358.828	18.5511
rna11577	872	837	0	0
rna11578	5560	5525	80	3.19421
rna11579	3174	3139	416.455	29.2673
rna11580	1486	1451	14	2.12846
rna11581	4021	3986	864.027	47.8185
rna11582	4543	4508	117.941	5.77145
rna11583	72	37	2.03199	12.115
rna11584	1828	1793	8191	1007.77
rna11585	1767	1732	1183	150.675
rna11586	1881	1846	5	0.597508
rna11587	1425	1390	44	6.98302
rna11588	3482	3447	1121	71.7414
rna11589	1537	1502	51	7.49041
rna11591	1266	1231	316.036	56.6348
rna11590	1294	1259	44.9643	7.87857
rna11592	707	672	137	44.9735
rna11593	443	408	0	0
rna11594	480	445	7	3.47011
rna11595	491	456	0	0
rna11604	5793	5758	212.047	8.12393
rna11605	5796	5761	7.29556e-007	2.79361e-008
rna11600	5725	5690	53.0187	2.05552
rna11601	5614	5579	267.627	10.5823
rna11602	5793	5758	24.0679	0.922089
rna11603	5875	5840	100.732	3.80505
rna11599	5664	5629	857.27	33.5963
rna11598	5673	5638	129.931	5.08386
rna11597	5684	5649	1.30611	0.0510051
rna11596	5811	5776	0	0
rna11606	770	735	2018	605.675
rna11607	3327	3292	317	21.2425
rna11608	1331	1296	377	64.1715
rna11609	1026	991	414	92.1578
rna11610	4097	4062	239.785	13.0223
rna11611	4241	4206	627.215	32.8967
rna11612	1976	1941	162.661	18.4869
rna11613	1690	1655	134.339	17.9064
rna11614	4259	4224	448.497	23.4229
rna11615	4255	4220	104.503	5.46289
rna11616	1175	1140	883	170.868
rna11617	847	812	72.8369	19.788
rna11618	1419	1384	896.163	142.842
rna11619	1566	1531	517.545	74.5725
rna11620	675	640	0	0
rna11621	3525	3490	0	0
rna11622	3246	3211	0	0
rna11623	5023	4988	26.6706	1.17954
rna11624	3645	3610	0	0
rna11625	3641	3606	243.806	14.915
rna11626	5032	4997	858.77	37.9117
rna11627	5153	5118	1841.75	79.3847
rna11628	12934	12899	1744.75	29.839
rna11629	9252	9217	0	0
rna11631	4274	4239	4	0.208162
rna11630	10862	10827	8.24637	0.16802
rna11634	1482	1447	0	0
rna11632	5545	5510	8.12995e-007	3.25493e-008
rna11633	5471	5436	7	0.284069
rna11635	2145	2110	0	0
rna11636	2055	2020	0	0
rna11637	3047	3012	32	2.34369
rna11638	4559	4524	11.9713	0.583748
rna11639	6919	6884	5.02867	0.161145
rna11640	5859	5824	0	0
rna11641	5854	5819	0	0
rna11642	3645	3610	0	0
rna11643	2528	2493	0	0
rna11644	3609	3574	5	0.308618
rna11645	3460	3425	5	0.322044
rna11646	2367	2332	8443.2	798.701
rna11647	2595	2560	6164.21	531.182
rna11648	4468	4433	491.584	24.4628
rna11649	4579	4544	2498.42	121.292
rna11651	1329	1294	39.743	6.77535
rna11650	1489	1454	335.859	50.9563
rna11652	713	678	12.3617	4.02211
rna11653	514	479	8.03649	3.70115
rna11654	1950	1915	270.847	31.2005
rna11655	2019	1984	7.93286	0.882051
rna11656	2007	1972	0	0
rna11657	1847	1812	8.29268e-007	1.00958e-007
rna11658	1728	1693	7.4124e-006	9.65845e-007
rna11659	1627	1592	0.0143395	0.00198699
rna11660	1704	1669	50.8407	6.71987
rna11661	1597	1562	365.87	51.6716
rna11662	1686	1651	143.59	19.186
rna11663	1700	1665	6.45599e-008	8.55371e-009
rna11664	1668	1633	0.00397085	0.000536417
rna11666	2748	2713	281.19	22.8642
rna11667	2763	2728	30.4992	2.46632
rna11665	2537	2502	6.31072	0.556413
rna11668	1686	1651	226	30.1972
rna11669	1758	1723	799.049	102.304
rna11670	683	648	90.9509	30.9626
rna11671	2555	2520	830	72.658
rna11672	2299	2264	0	0
rna11673	2206	2171	1478.7	150.254
rna11674	2222	2187	122.303	12.3365
rna11675	2808	2773	44	3.50033
rna11676	631	596	1.57666	0.583577
rna11677	2919	2884	0	0
rna11679	2633	2598	36.6138	3.10893
rna11678	2838	2803	68.8095	5.41541
rna11681	6617	6582	0.000157207	5.26891e-006
rna11680	6632	6597	57.7252	1.9303
rna11682	1627	1592	5.27465	0.730897
rna11684	1999	1964	255.937	28.7473
rna11683	2096	2061	206.063	22.0561
rna11685	865	830	6.77799	1.80148
rna11686	676	641	8.22201	2.8296
rna11687	462	427	2	1.03326
rna11690	1500	1465	8	1.20464
rna11689	1918	1883	0	0
rna11688	1927	1892	0	0
rna11692	1262	1227	0	0
rna11691	1198	1163	4	0.758728
rna11693	1123	1088	21	4.25791
rna11694	4878	4843	924	42.0885
rna11695	520	485	0	0
rna11696	665	630	4	1.40064
rna11703	2662	2627	0	0
rna11701	2679	2644	140.763	11.7445
rna11702	2739	2704	0	0
rna11700	2734	2699	127.6	10.4293
rna11699	2702	2667	12.9138	1.06816
rna11698	2919	2884	0	0
rna11697	3055	3020	220.681	16.1199
rna11704	2105	2070	0	0
rna11705	2131	2096	26.3746	2.77588
rna11706	2128	2093	0	0
rna11707	2231	2196	84.7274	8.51133
rna11708	1200	1165	9.43143	1.7859
rna11711	3354	3319	71.1547	4.72935
rna11710	3462	3427	0	0
rna11709	3361	3326	0	0
rna11712	2789	2754	24.1042	1.93079
rna11713	2820	2785	0	0
rna11714	73	38	0.366222	2.12602
rna11715	3600	3565	91	5.63103
rna11716	5850	5815	170	6.44919
rna11717	2358	2323	342	32.4775
rna11718	1458	1423	261.597	40.5539
rna11719	1296	1261	44.4051	7.76825
rna11720	1815	1780	529	65.5604
rna11722	6555	6520	88.7696	3.00346
rna11721	5557	5522	0	0
rna11730	5623	5588	116.48	4.59835
rna11728	5845	5810	0	0
rna11729	5929	5894	21.168	0.792274
rna11727	5941	5906	86.2546	3.22177
rna11723	5382	5347	138.083	5.69688
rna11724	5541	5506	0	0
rna11725	5544	5509	24.0583	0.963381
rna11726	5559	5524	0	0
rna11731	4439	4404	84.1856	4.21693
rna11732	4605	4570	415.116	20.0382
rna11733	4599	4564	2.88361	0.139379
rna11734	6200	6165	786	28.1252
rna11735	4322	4287	1010	51.9725
rna11736	1401	1366	5	0.807467
rna11737	1155	1120	0	0
rna11738	1426	1391	0	0
rna11739	1462	1427	0	0
rna11740	1015	980	1	0.225102
rna11741	5832	5797	1777.89	67.6561
rna11742	637	602	0	0
rna11743	398	363	0	0
rna11745	2005	1970	5.80622	0.650179
rna11744	2358	2323	0	0
rna11746	2183	2148	0	0
rna11747	1677	1642	2	0.268697
rna11748	778	743	0	0
rna11749	1699	1664	7	0.928005
rna11752	4561	4526	591.152	28.8131
rna11751	4529	4494	123.859	6.07995
rna11750	4270	4235	89.989	4.68751
rna11753	73	38	0	0
rna11754	21	22	0	0
rna11755	1290	1255	1	0.175777
rna11757	6778	6743	0	0
rna11756	8147	8112	11.0299	0.29995
rna11758	3757	3722	0	0
rna11759	1152	1117	0	0
gene5067	3492	3457	27	1.72294
rna11760	1709	1674	64	8.43393
rna11761	2319	2284	148.455	14.3385
rna11765	4213	4178	159.149	8.40313
rna11763	4085	4050	0.00859653	0.000468246
rna11764	4148	4113	4.46056e-007	2.39241e-008
rna11762	4108	4073	568.842	30.8094
rna11766	2536	2501	4.8557e-007	4.28296e-008
rna11767	2539	2504	447	39.3803
rna11768	1839	1804	538	65.7887
rna11770	3706	3671	296.129	17.7952
rna11769	3970	3935	225.871	12.6625
rna11771	5304	5269	369.102	15.4534
rna11774	3449	3414	187.929	12.1433
rna11773	3538	3503	17.6532	1.1117
rna11772	3771	3736	16.0343	0.946781
rna11777	3622	3587	51.4948	3.16692
rna11778	3923	3888	90.4186	5.13023
rna11775	3836	3801	156.367	9.07512
rna11776	3840	3805	60.6176	3.51439
rna11779	4278	4243	143.249	7.44771
rna11780	4258	4223	48.6551	2.54163
rna11781	4379	4344	45.5604	2.31368
rna11782	3973	3938	0	0
rna11783	4120	4085	462.23	24.9616
rna11784	4074	4039	425.306	23.2292
rna11785	3463	3428	1281.3	82.4547
rna11786	2286	2251	413.701	40.5431
rna11787	881	846	1432.16	373.444
rna11788	5508	5473	374.844	15.1088
rna11789	2110	2075	347	36.8907
rna11790	2062	2027	0	0
rna11791	1999	1964	0	0
rna11792	2026	1991	0	0
rna11793	1930	1895	3	0.349235
rna11794	7596	7561	0	0
rna11795	7382	7347	5.2077	0.156366
rna11796	6323	6288	1447.79	50.7925
rna11797	509	474	2	0.930802
rna11798	1285	1250	332	58.5914
rna11799	1448	1413	88	13.7387
rna11800	1654	1619	279	38.0157
rna11801	1657	1622	239	32.5052
rna11803	3274	3239	322.136	21.9399
rna11802	5523	5488	21.864	0.878863
rna11804	7049	7014	186.367	5.8615
rna11806	4551	4516	41.5361	2.02898
rna11805	6997	6962	1671.11	52.9513
rna11807	7077	7042	0.00013676	4.2842e-006
rna11808	569	534	11	4.5442
rna11809	1521	1486	4	0.593809
rna11810	2995	2960	34	2.53392
rna11811	3954	3919	4	0.22516
rna11812	2919	2884	15.4966	1.18535
rna11813	1727	1692	3.50345	0.456773
rna11814	1320	1285	348	59.7423
rna11816	1133	1098	13.8826	2.78916
rna11815	1954	1919	14.187	1.63088
rna11818	3720	3685	0	0
rna11819	3593	3558	0	0
rna11820	3399	3364	8	0.524614
rna11821	441	406	0	0
rna11817	4218	4183	14.9304	0.787389
rna11822	677	642	0	0
rna11824	3573	3538	0	0
rna11823	2401	2366	8	0.7459
rna11826	3456	3421	0	0
rna11825	3642	3607	0	0
rna11827	3212	3177	59	4.09676
rna11828	2306	2271	0	0
rna11829	2477	2442	6.44668	0.582366
rna11830	2218	2183	291.553	29.4625
rna11832	888	853	120.626	31.1958
rna11831	971	936	49.0993	11.5719
rna11833	727	692	70.2752	22.4028
rna11834	1841	1806	597.679	73.0055
rna11835	1961	1926	152.805	17.5019
rna11836	2040	2005	1205.52	132.637
rna11837	3366	3331	408	27.0204
rna11838	217	182	20	24.2418
rna11839	1233	1198	158.466	29.1799
rna11840	1203	1168	0	0
rna11841	1044	1009	9.53443	2.08454
rna11842	1795	1760	288.878	36.2083
rna11843	1761	1726	784.122	100.219
rna11844	997	962	271.747	62.3155
rna11848	976	941	24.4184	5.72445
rna11847	1365	1330	6.83415	1.13355
rna11845	1357	1322	0	0
rna11846	1425	1390	0	0
rna11850	3324	3289	2719.75	182.419
rna11851	3392	3357	286.875	18.8516
rna11849	2898	2863	21.6905	1.6713
rna11852	2767	2732	182.685	14.7513
rna11854	2770	2735	561.235	45.2682
rna11853	3387	3352	624.765	41.1167
rna11855	2658	2623	431	36.248
rna11856	2971	2936	685.47	51.5037
rna11857	2883	2848	0	0
rna11858	3055	3020	27.5298	2.01096
rna11859	10831	10796	1441	29.4447
rna11860	1575	1540	400	57.2987
rna11861	2676	2641	547.591	45.7397
rna11862	4299	4264	15.4089	0.797187
rna11863	1764	1729	736	93.9049
rna11866	1899	1864	45.8332	5.42425
rna11867	1986	1951	285.343	32.2639
rna11865	2103	2068	467.26	49.844
rna11864	4204	4169	2857.56	151.206
rna11869	3930	3895	30.1104	1.70535
rna11868	3556	3521	861.411	53.9697
rna11870	1971	1936	45.4788	5.18214
rna11871	163	128	14	24.1281
rna11872	22	23	0	0
rna11873	22	23	0	0
rna11874	937	902	0	0
rna11875	3905	3870	0	0
rna11876	3686	3651	0	0
rna11877	3545	3510	24.3402	1.52976
rna11878	3893	3858	0	0
rna11879	3533	3498	152.334	9.60687
rna11880	3893	3858	3.83095	0.219053
rna11881	3881	3846	20.4098	1.17067
rna11882	3798	3763	0	0
rna11883	3786	3751	83.3806	4.9037
rna11884	3722	3687	0	0
rna11885	3710	3675	0	0
rna11886	3227	3192	3.43602	0.237464
rna11887	3277	3242	55.04	3.74517
rna11888	3265	3230	395.437	27.0073
rna11889	8685	8650	1151	29.3538
rna11890	1200	1165	285	53.9665
rna11892	4478	4443	523.07	25.971
rna11891	4500	4465	0.000110106	5.43996e-006
rna11893	1331	1296	2.08611	0.35509
rna11894	2082	2047	2	0.215535
rna11895	2285	2250	34	3.33351
rna11896	455	420	306	160.723
rna11897	16804	16769	6083.7	80.0325
rna11901	16436	16401	536.292	7.21334
rna11902	16592	16557	0	0
rna11903	16436	16401	1208.36	16.2529
rna11904	16598	16563	35.2689	0.469741
rna11905	16601	16566	0	0
rna11906	16445	16410	311.25	4.18414
rna11898	17490	17455	245.957	3.10846
rna11899	17497	17462	221.42	2.79724
rna11900	17600	17565	0.213178	0.00267732
rna11907	2326	2291	4	0.385159
rna11908	2128	2093	0.277776	0.0292773
rna11909	2243	2208	55.7222	5.56718
rna11910	2718	2683	358	29.4353
rna11911	891	856	12	3.09252
rna11912	8205	8170	0	0
rna11913	8484	8449	0	0
rna11914	8177	8142	377.907	10.2391
rna11915	8456	8421	147.169	3.85529
rna11916	8156	8121	0	0
rna11917	8129	8094	9.02218	0.245897
rna11918	4703	4668	3.63835	0.171941
rna11919	3420	3385	6.37	0.415132
rna11920	2964	2929	0	0
rna11921	2975	2940	9	0.675306
rna11922	2657	2622	757.622	63.742
rna11923	1906	1871	587.457	69.2641
rna11925	466	431	7.11426	3.64132
rna11926	510	475	50.308	23.3641
rna11924	817	782	239.499	67.5619
rna11927	912	877	935	235.189
rna11928	1225	1190	167	30.9582
rna11929	2032	1997	8.16841	0.90233
rna11930	459	424	1	0.520283
rna11931	2488	2453	19.1181	1.71931
rna11932	820	785	0.881894	0.247829
rna11933	85	50	5	22.06
rna11934	21	22	0	0
rna11935	961	926	32.605	7.76745
rna11936	994	959	89.2644	20.5336
rna11937	1015	980	31.0592	6.99149
rna11938	1048	1013	81.0714	17.6548
rna11941	5328	5293	607.331	25.3122
rna11939	6111	6076	632.704	22.9715
rna11940	6129	6094	19.2304	0.696132
rna11942	5430	5395	29.8003	1.21852
rna11943	4517	4482	2	0.0984382
rna11944	4583	4548	44.9873	2.1821
rna11945	2460	2425	20.0127	1.82054
rna11946	3386	3351	0	0
rna11947	2807	2772	0	0
rna11949	3186	3151	364.593	25.525
rna11948	3706	3671	218.848	13.1512
rna11957	4894	4859	2960.52	134.409
rna11953	5047	5012	5.12321	0.225495
rna11954	5050	5015	0.00111157	4.8896e-005
rna11955	4897	4862	1.00795e-007	4.5733e-009
rna11956	5056	5021	2.89013e-005	1.26979e-006
rna11951	5042	5007	152.28	6.70919
rna11952	5051	5016	49.0736	2.15822
rna11950	5024	4989	0	0
rna11958	2485	2450	0	0
rna11959	2526	2491	0	0
rna11960	2555	2520	0	0
rna11961	3654	3619	286.048	17.4364
rna11962	1808	1773	19.1655	2.38461
rna11963	554	519	3.75468	1.59592
rna11966	798	763	10.9176	3.1565
rna11965	1023	988	16.9117	3.77603
rna11964	877	842	3.20215	0.838949
rna11968	915	880	7	1.75477
rna11967	915	880	7	1.75477
rna11969	2512	2477	0.0849851	0.00756872
rna11970	2501	2466	16.2981	1.45798
rna11973	1778	1743	48.4068	6.12653
rna11971	1760	1725	310.294	39.6816
rna11972	1864	1829	178.916	21.5795
rna11974	1412	1377	99	15.8601
rna11978	3926	3891	40.5661	2.29989
rna11979	3944	3909	57.8117	3.26254
rna11977	1729	1694	5.97506	0.778098
rna11975	1759	1724	27.1241	3.47075
rna11976	1777	1742	60.3048	7.63676
rna11980	1380	1345	0	0
rna11981	2716	2681	8	0.658262
rna11982	2325	2290	0.281375	0.0271054
rna11983	2320	2285	3.71863	0.359006
rna11984	438	403	0	0
rna11987	5130	5095	0	0
rna11985	5428	5393	29.4458	1.20448
rna11986	5316	5281	0	0
rna11988	4552	4517	51.9917	2.53916
rna11989	4808	4773	13.0015	0.600909
rna11991	1622	1587	141.735	19.7018
rna11990	1278	1243	400.265	71.0366
rna11992	4158	4123	1000.44	53.5282
rna11993	3654	3619	734.562	44.776
rna11994	4358	4323	0	0
rna11995	4933	4898	99.8274	4.49611
rna11996	5705	5670	0	0
rna11997	5721	5686	7.64537e-006	2.96618e-007
rna12001	4169	4134	1.39646e-007	7.45186e-009
rna12000	4253	4218	2.18808e-007	1.14436e-008
rna11998	5672	5637	832.532	32.5805
rna11999	5651	5616	619.334	24.3278
rna12002	5696	5661	350.307	13.6509
rna12003	1883	1848	277.895	33.1729
rna12004	1617	1582	502.105	70.0155
rna12005	680	645	1471	503.105
rna12007	6558	6523	1206.32	40.7964
rna12006	6862	6827	38.1319	1.23215
rna12008	1502	1467	14	2.10525
rna12009	848	813	16.544	4.48907
rna12010	666	631	7.44724	2.60358
rna12011	3158	3123	16.6024	1.17275
rna12012	3070	3035	0	0
rna12013	1871	1836	7	0.841068
rna12015	2055	2020	44.8761	4.90083
rna12014	2714	2679	468.124	38.5473
rna12017	4644	4609	155.902	7.4619
rna12018	4648	4613	0.103926	0.00496989
rna12019	4731	4696	395.565	18.5821
rna12016	4720	4685	141.993	6.68594
rna12021	954	919	0.759237	0.18225
rna12020	1500	1465	0	0
rna12022	2766	2731	4.14784	0.335048
rna12023	2753	2718	14.983	1.21606
rna12024	1169	1134	9.00987e-006	1.75271e-006
rna12025	1495	1460	85.5025	12.9191
rna12026	7575	7540	83.6074	2.44613
rna12027	979	944	72	16.8254
rna12028	863	828	27	7.19348
rna12029	617	582	0	0
rna12030	705	670	8	2.63403
rna12031	2744	2709	210.139	17.1121
rna12032	1386	1351	0	0
rna12033	1784	1749	20.861	2.63118
rna12034	2112	2077	270	28.6769
rna12035	2043	2008	1622	178.194
rna12036	1905	1870	11	1.29765
rna12037	2269	2234	14	1.38245
rna12038	2175	2140	0	0
rna12039	1775	1740	61	7.73368
rna12040	1648	1613	0	0
rna12041	1622	1587	0	0
rna12042	1355	1320	11	1.83833
rna12043	1976	1941	30	3.40958
rna12044	1745	1710	0	0
rna12047	1465	1430	24	3.70238
rna12046	1567	1532	0	0
rna12045	1577	1542	0	0
rna12048	3035	3000	1124	82.6515
rna12054	3810	3775	127.861	7.47185
rna12051	3688	3653	0	0
rna12052	3781	3746	0	0
rna12053	3903	3868	63.1386	3.60092
rna12050	3625	3590	0	0
rna12049	3904	3869	0	0
rna12055	3900	3865	62	3.53873
rna12056	2059	2024	0	0
rna12057	1078	1043	430	90.9473
rna12058	1338	1303	296	50.1133
rna12059	3094	3059	984	70.9613
rna12062	1633	1598	0.342108	0.0472272
rna12061	1707	1672	522.658	68.9583
rna12060	1647	1612	0.000131224	1.79578e-005
rna12063	1641	1606	45	6.1812
rna12064	905	870	0	0
rna12065	893	858	12.8757	3.31048
rna12066	764	729	884.124	267.542
rna12067	1930	1895	236	27.4731
rna12068	1686	1651	0	0
rna12069	2258	2223	0	0
rna12070	2147	2112	165.008	17.2353
rna12071	2138	2103	94.9915	9.9644
rna12075	3777	3742	773.52	45.6009
rna12073	3970	3935	0	0
rna12074	4156	4121	130.478	6.9846
rna12072	4067	4032	0.00166698	9.12043e-005
rna12076	2698	2663	108.658	9.00114
rna12077	2689	2654	14.6957	1.2215
rna12078	2764	2729	0	0
rna12080	2358	2323	22.6417	2.15013
rna12079	2587	2552	472.842	40.8734
rna12081	2544	2509	943.162	82.9261
rna12083	1494	1459	218	32.9615
rna12082	1667	1632	0	0
rna12084	4187	4152	911	48.4024
rna12085	1354	1319	234	39.136
rna12086	3510	3475	381.404	24.2123
rna12087	2940	2905	221.596	16.8276
rna12088	3946	3911	0.0328108	0.00185069
rna12089	3915	3880	395.967	22.513
rna12090	999	964	275.608	63.0696
rna12091	1286	1251	230.619	40.6671
rna12092	1442	1407	374.773	58.7597
rna12093	5233	5198	1248.07	52.9672
rna12094	5230	5195	793.934	33.7136
rna12095	2603	2568	317	27.2314
rna12096	10441	10406	787.352	16.6913
rna12097	1575	1540	0	0
rna12098	2913	2878	6	0.459903
rna12099	2004	1969	21.631	2.42347
rna12100	9267	9232	0	0
rna12101	9365	9330	34.2729	0.810353
rna12103	6616	6581	6.43807	0.215809
rna12102	1505	1470	4.56193	0.684599
rna12109	3421	3386	0	0
rna12108	3527	3492	0	0
rna12106	4671	4636	9.72832	0.462914
rna12107	4901	4866	0	0
rna12105	5004	4969	0	0
rna12104	3679	3644	0	0
rna12110	2947	2912	0	0
rna12111	6027	5992	435.78	16.0436
rna12112	3463	3428	0	0
rna12113	2799	2764	319	25.46
rna12114	3003	2968	387	28.7642
rna12118	4173	4138	532.096	28.3665
rna12117	5132	5097	47.45	2.05365
rna12116	4267	4232	0.496158	0.0258631
rna12115	4439	4404	208.958	10.4669
rna12119	2496	2461	6	0.53783
rna12120	3450	3415	424	27.3893
rna12121	3938	3903	123.253	6.96632
rna12124	255	220	0	0
rna12125	4198	4163	5	0.264953
rna12126	4275	4240	0	0
rna12127	4285	4250	0	0
rna12122	3904	3869	0	0
rna12123	3748	3713	193.134	11.4746
rna12128	1596	1561	174.818	24.7052
rna12129	1797	1762	583.795	73.0904
rna12130	16666	16631	1341.52	17.7944
rna12131	13230	13195	0	0
rna12132	20642	20607	3.60503e-005	3.85922e-007
rna12133	20657	20622	2.99218e-008	3.20083e-010
rna12134	20636	20601	0	0
rna12135	20606	20571	1.30369e-006	1.39805e-008
rna12136	20594	20559	0.103762	0.00111338
rna12137	20584	20549	0.484242	0.00519849
rna12138	20554	20519	2192.79	23.5747
rna12147	10026	9991	0	0
rna12139	16509	16474	0.000465434	6.23253e-006
rna12140	16467	16432	3544.05	47.579
rna12141	16500	16465	17.8852	0.239628
rna12142	16395	16360	218.882	2.95143
rna12143	16506	16471	0.0152155	0.000203785
rna12144	16497	16462	568.131	7.61327
rna12145	16137	16102	11270.4	154.407
rna12146	16368	16333	116.347	1.57143
rna12148	95	60	0	0
rna12149	22	23	0	0
rna12150	2255	2220	247	24.5442
rna12151	2635	2600	136.113	11.5487
rna12152	6237	6202	4751.62	169.011
rna12153	1107	1072	11	2.26362
rna12154	3198	3163	150.442	10.4924
rna12155	1991	1956	1132.82	127.761
rna12156	1998	1963	368.178	41.3755
rna12157	2436	2401	8	0.735027
rna12158	2242	2207	1373	137.238
rna12159	11170	11135	205.8	4.07718
rna12160	11507	11472	0.000359038	6.9041e-006
rna12161	11441	11406	42.0879	0.814009
rna12162	11058	11023	97.1121	1.94348
rna12163	2541	2506	450.209	39.6314
rna12164	2460	2425	64.7907	5.89395
rna12165	3872	3837	5.18861	0.298308
rna12166	4249	4214	6.81139	0.356572
rna12168	1600	1565	441.252	62.1983
rna12167	1772	1737	55.7478	7.08
rna12169	4259	4224	9	0.470029
rna12170	1385	1350	1	0.163407
rna12171	6752	6717	130.672	4.29155
rna12173	4934	4899	0	0
rna12172	6095	6060	0.204403	0.0074408
rna12174	5817	5782	46.7858	1.78501
rna12175	1674	1639	0	0
rna12176	2211	2176	0.163921	0.0166181
rna12177	2208	2173	0.836079	0.0848777
rna12178	14193	14158	6.3675	0.0992139
rna12179	17846	17811	0.74808	0.00926543
rna12180	17764	17729	382.731	4.76228
rna12181	16450	16415	0	0
rna12182	17743	17708	245.899	3.06332
rna12183	17623	17588	1.80492	0.0226385
rna12184	17602	17567	1.09415	0.0137399
rna12185	17476	17441	0.0015906	2.01185e-005
rna12186	17740	17705	58.8586	0.733364
rna12187	17653	17618	719.378	9.00754
rna12188	17629	17594	109.819	1.37696
rna12189	107	72	0	0
rna12190	21	22	0	0
rna12191	4836	4801	16	0.73518
rna12192	1543	1508	32	4.68117
rna12193	1813	1778	16	1.98515
rna12197	1695	1660	6.74	0.89569
rna12196	1674	1639	18.167	2.44518
rna12194	1781	1746	20.3903	2.57623
rna12195	1841	1806	0	0
rna12198	2248	2213	503	50.1409
rna12199	2897	2862	123	9.48072
rna12201	1448	1413	75.6478	11.8103
rna12200	1653	1618	13.3522	1.82045
rna12202	8611	8576	1446.28	37.2027
rna12203	8613	8578	1098.13	28.2406
rna12207	1240	1205	2.94128	0.538462
rna12206	1244	1209	0.0587189	0.0107141
rna12208	946	911	4	0.968606
rna12210	1972	1937	1	0.113887
rna12209	2070	2035	0	0
rna12211	2296	2261	0.457156	0.0446036
rna12212	2290	2255	10.5428	1.03138
rna12213	3288	3253	25	1.69536
rna12214	1449	1414	2	0.312023
rna12204	11104	11069	437.986	8.72886
rna12205	11101	11066	225.634	4.49799
rna12215	2587	2552	59	5.10008
rna12216	1874	1839	39	4.6783
rna12217	1324	1289	375.035	64.1837
rna12218	7558	7523	0.0042476	0.000124554
rna12219	7525	7490	2067.45	60.8917
rna12220	7417	7382	2240.51	66.9544
rna12221	1795	1760	380	47.6296
rna12222	591	556	105	41.6601
rna12223	1622	1587	170	23.6308
rna12224	2131	2096	259.643	27.327
rna12227	2221	2186	7.92977	0.800232
rna12226	2072	2037	0	0
rna12225	2142	2107	21.4268	2.24335
rna12228	2442	2407	48	4.39917
rna12229	2355	2320	0	0
rna12230	1482	1447	0	0
rna12231	1421	1386	0.363323	0.0578276
rna12232	1417	1382	336.887	53.7752
rna12233	1309	1274	39.7497	6.88288
rna12234	1433	1398	6	0.946781
rna12235	4502	4467	3.32052	0.163982
rna12236	4497	4462	12.4632	0.616175
rna12237	3367	3332	33.2163	2.19914
rna12238	1192	1157	194.324	37.0508
rna12239	1162	1127	525.676	102.896
rna12240	1755	1720	719	92.216
rna12241	2711	2676	383	31.5732
rna12242	1433	1398	41.6053	6.56518
rna12243	1973	1938	1078.37	122.75
rna12244	1335	1300	291.07	49.3923
rna12245	2116	2081	105.574	11.1916
rna12246	2108	2073	0	0
rna12247	1603	1568	79.695	11.2122
rna12248	1328	1293	123.684	21.1018
rna12249	5479	5444	1247	50.5305
rna12250	2379	2344	501	47.1504
rna12251	12853	12818	761.527	13.106
rna12252	12859	12824	134.684	2.31685
rna12253	12861	12826	1.42647e-005	2.45344e-007
rna12254	12834	12799	141.118	2.43228
rna12255	12833	12798	1640.51	28.2777
rna12258	1056	1021	3	0.648188
rna12259	4167	4132	3	0.160165
rna12256	12095	12060	4735.43	86.6199
rna12257	12924	12889	4804.73	82.2347
rna12260	6320	6285	37.0185	1.29933
rna12261	6505	6470	0	0
rna12262	2355	2320	145.816	13.8651
rna12263	1005	970	419	95.2901
rna12264	532	497	0	0
rna12265	609	574	2	0.768641
rna12266	3618	3583	215.843	13.2892
rna12267	3582	3547	0	0
rna12268	3369	3334	170.655	11.2917
rna12269	979	944	372.057	86.9447
rna12270	1004	969	28.4443	6.47556
rna12271	4378	4343	38.0965	1.93509
rna12272	4264	4229	100.639	5.24967
rna12273	4498	4463	59.265	2.92939
rna12276	1373	1338	306.222	50.4878
rna12275	1535	1500	27.7778	4.08519
rna12274	1504	1469	0	0
rna12277	3915	3880	0	0
rna12278	3788	3753	0	0
rna12279	3943	3908	32.4498	1.83174
rna12280	3816	3781	54.5254	3.18125
rna12281	3815	3780	303.257	17.698
rna12282	3682	3647	3676.77	222.401
rna12283	582	547	1797	724.714
rna12284	3092	3057	381	27.4938
rna12286	1397	1362	1.03423e-007	1.67512e-008
rna12285	1377	1342	4	0.657526
rna12287	1557	1522	74.8489	10.8487
rna12288	1956	1921	56.7316	6.51483
rna12289	2366	2331	196.419	18.5887
rna12290	2410	2375	134	12.4465
rna12291	1597	1562	4181	590.479
rna12292	1868	1833	400	48.1397
rna12293	1543	1508	217	31.7442
rna12294	1705	1670	213.715	28.2309
rna12295	1741	1706	112.953	14.6058
rna12296	2079	2044	144.332	15.5771
rna12297	2332	2297	588	56.4705
rna12298	2857	2822	491	38.3822
rna12299	1200	1165	103	19.5037
rna12300	6833	6798	18.6759	0.606045
rna12301	6469	6434	204.403	7.00827
rna12302	6578	6543	90.6086	3.05491
rna12303	6551	6516	36.3106	1.2293
rna12304	6580	6545	0.00234551	7.90558e-005
rna12305	1087	1052	131	27.4702
rna12306	3392	3357	15.8684	1.04277
rna12307	3206	3171	0	0
rna12308	3012	2977	138.132	10.2358
rna12309	2576	2541	399	34.6397
rna12310	2399	2364	242.273	22.6081
rna12311	2077	2042	84.7267	9.15314
rna12312	1755	1720	115	14.7494
rna12313	3160	3125	349	24.6366
rna12314	345	310	2	1.42323
rna12315	923	888	155	38.5056
rna12316	1428	1393	278.638	44.126
rna12317	1391	1356	104.362	16.9781
rna12318	903	868	0	0
rna12319	759	724	372	113.347
rna12320	798	763	0	0
rna12321	3001	2966	0	0
rna12322	2821	2786	35	2.77136
rna12323	958	923	3	0.71701
rna12324	873	838	0	0
rna12325	2636	2601	1.68834	0.143194
rna12326	3411	3376	1.45796	0.0952683
rna12327	963	928	5.8537	1.39152
rna12328	754	719	112	34.3633
rna12329	4485	4450	0	0
rna12330	4401	4366	0	0
rna12331	4428	4393	0	0
rna12332	4468	4433	19.3814	0.96448
rna12333	4557	4522	145.437	7.09497
rna12335	3892	3857	91.7534	5.24781
rna12334	5645	5610	91.4281	3.59519
rna12336	85	50	0	0
rna12337	23	24	0	0
rna12338	2136	2101	137.995	14.4892
rna12340	1749	1714	0	0
rna12339	2026	1991	221.005	24.487
rna12341	1190	1155	235	44.884
rna12342	1137	1102	121	24.222
rna12343	6243	6208	1042	37.0273
rna12344	2782	2747	307	24.6539
rna12345	1597	1562	4	0.564917
rna12346	2049	2014	26	2.84787
rna12347	3486	3451	0	0
rna12348	3596	3561	4	0.247796
rna12349	3511	3476	0	0
rna12350	2394	2359	2.91557	0.272647
rna12362	2998	2963	427	31.7908
rna12351	2481	2446	392.246	35.3759
rna12361	2805	2770	192.633	15.3411
rna12358	2425	2390	227.018	20.954
rna12359	2437	2402	0.0017578	0.000161437
rna12360	2539	2504	2.39651e-006	2.1113e-007
rna12357	2552	2517	3.05961e-005	2.68157e-006
rna12353	2472	2437	0	0
rna12354	2484	2449	0	0
rna12355	2586	2551	0	0
rna12356	2598	2563	0	0
rna12352	2519	2484	32.1859	2.85838
rna12363	2037	2002	737.233	81.2355
rna12364	1814	1779	40.3725	5.00628
rna12365	1860	1825	408.756	49.4091
rna12366	2159	2124	69.6393	7.23279
rna12367	1396	1361	195	31.6069
rna12372	2277	2242	0	0
rna12373	2481	2446	96.7989	8.73011
rna12368	2383	2348	8.33364	0.782965
rna12369	2380	2345	1.42813e-008	1.34348e-009
rna12370	2485	2450	13.1379	1.18295
rna12371	2584	2549	85.739	7.42018
rna12374	2187	2152	16.9905	1.74168
rna12375	2974	2939	398	29.8737
rna12376	3054	3019	0	0
rna12377	2807	2772	15.358	1.22221
rna12378	2885	2850	238.068	18.4273
rna12379	2596	2561	53.5743	4.6148
rna12380	4075	4040	88.616	4.83879
rna12381	4022	3987	1044.27	57.7791
rna12384	1192	1157	31.3973	5.98639
rna12383	1155	1120	30.4552	5.99858
rna12382	1599	1564	46.7289	6.59105
rna12385	3505	3470	746.537	47.46
rna12386	2015	1980	913	101.721
rna12387	2094	2059	0	0
rna12388	4137	4102	37.9815	2.04259
rna12390	1488	1453	0	0
rna12391	1564	1529	40	5.77109
rna12389	3921	3886	202.019	11.4682
rna12392	963	928	121	28.7636
rna12393	971	936	138	32.5244
rna12394	1900	1865	15	1.77426
rna12395	879	844	202.173	52.8428
rna12396	958	923	338.823	80.9798
rna12397	1679	1644	24.7706	3.32385
rna12398	1694	1659	11.2294	1.49319
rna12399	317	282	7.06135	5.52388
rna12400	1688	1653	8.84351	1.1802
rna12401	1613	1578	14.0998	1.97111
rna12402	1756	1721	0	0
rna12403	2271	2236	570	56.2353
rna12404	1950	1915	11.0694	1.27514
rna12405	1777	1742	8.93064	1.13094
rna12406	1907	1872	1	0.117842
rna12407	1931	1896	0	0
rna12408	2014	1979	0	0
rna12409	2011	1976	0	0
rna12410	1930	1895	0	0
rna12411	3185	3150	0	0
rna12413	705	670	0	0
rna12412	705	670	0	0
rna12414	2237	2202	0	0
rna12415	2167	2132	0	0
rna12416	1212	1177	2	0.374851
rna12417	2260	2225	0	0
rna12418	1376	1341	0	0
rna12419	72	37	0	0
rna12420	5263	5228	0	0
rna12421	7901	7866	53.8767	1.51096
rna12423	73	38	0	0
rna12424	1078	1043	1	0.211505
rna12422	6879	6844	199.233	6.42179
rna12425	108	73	0	0
rna12426	22	23	0	0
rna12427	2844	2809	0	0
rna12428	4105	4070	2	0.108403
rna12429	2401	2366	0	0
rna12430	2921	2886	37	2.82821
rna12431	3492	3457	360	22.9725
rna12432	1709	1674	20	2.6356
rna12433	1444	1409	0	0
rna12434	2721	2686	0	0
rna12435	2704	2669	177.933	14.7067
rna12436	1954	1919	69.0667	7.93961
rna12437	2797	2762	120.211	9.60122
rna12438	2726	2691	0	0
rna12439	1761	1726	275.319	35.1885
rna12441	1392	1357	2.06565e-007	3.35801e-008
rna12440	1764	1729	576.198	73.5161
rna12442	1786	1751	213.643	26.9159
rna12446	2124	2089	182.2	19.2405
rna12445	2205	2170	0	0
rna12444	1977	1942	22.991	2.61164
rna12443	1502	1467	15.4378	2.32145
rna12447	1224	1189	218	40.4464
rna12448	4257	4222	20.3885	1.0653
rna12462	3798	3763	18.804	1.10236
rna12461	3327	3292	0.0055582	0.00037246
rna12460	3745	3710	0	0
rna12459	3783	3748	0	0
rna12456	4291	4256	0	0
rna12457	4196	4161	0	0
rna12458	4294	4259	0	0
rna12455	4335	4300	0	0
rna12454	3214	3179	69.0861	4.79408
rna12453	3325	3290	0	0
rna12452	3370	3335	0	0
rna12451	3914	3879	0	0
rna12450	3959	3924	0	0
rna12449	4033	3998	0	0
rna12463	2591	2556	2.7159	0.234401
rna12464	2207	2172	0	0
rna12465	3457	3422	93.6388	6.03645
rna12466	4549	4514	876.042	42.8123
rna12467	602	567	139	54.0801
rna12468	2475	2440	1528.46	138.188
rna12469	2356	2321	2194.2	208.548
rna12470	5080	5045	2.74991	0.120244
rna12471	5226	5191	136.958	5.82027
rna12472	1749	1714	255	32.8197
rna12473	15603	15568	53.016	0.751241
rna12474	15458	15423	0.0032531	4.65301e-005
rna12475	15357	15322	104.479	1.50425
rna12476	15967	15932	9.89348	0.136989
rna12477	15924	15889	240.728	3.34223
rna12478	15848	15813	0	0
rna12479	15779	15744	35.904	0.503076
rna12480	15656	15621	176.381	2.49086
rna12481	15826	15791	60.4406	0.844355
rna12482	14108	14073	30.8806	0.484067
rna12483	15359	15324	617.675	8.89187
rna12490	2078	2043	72.2511	7.80156
rna12491	2026	1991	97.7489	10.8304
rna12492	1975	1940	3.41665e-008	3.88512e-009
rna12484	15490	15455	256.674	3.66369
rna12494	2041	2006	0	0
rna12493	2014	1979	24	2.67529
rna12485	16256	16221	7.38189	0.100391
rna12486	16223	16188	81.7858	1.11453
rna12487	16119	16084	0.899064	0.0123311
rna12488	16086	16051	386.959	5.31825
rna12495	1405	1370	15.6794	2.52472
rna12489	15494	15459	105.899	1.51118
rna12496	4112	4077	41	2.21845
rna12497	4235	4200	10.8978	0.572393
rna12503	2032	1997	0	0
rna12502	2308	2273	14.2117	1.37928
rna12500	2232	2197	11.0931	1.11385
rna12501	2427	2392	0	0
rna12499	2540	2505	10.7975	0.950867
rna12498	2450	2415	0	0
rna12504	2560	2525	380	33.1992
rna12505	1858	1823	114	13.7951
rna12506	1513	1478	20	2.98512
rna12507	2048	2013	167	18.3011
rna12508	540	505	1758	767.95
rna12513	4078	4043	0	0
rna12512	3957	3922	87.2387	4.9069
rna12511	4853	4818	36.2408	1.65935
rna12510	4881	4846	0.0386435	0.00175913
rna12509	4945	4910	0	0
rna12514	416	381	2	1.15801
rna12515	2465	2430	5.77557e-008	5.24318e-009
rna12518	371	336	1	0.656548
rna12516	2485	2450	0	0
rna12517	3213	3178	12.2289	0.848866
rna12519	1137	1102	3.25294	0.651178
rna12520	3484	3449	87	5.56457
rna12521	3878	3843	63	3.61639
rna12522	828	793	2	0.556368
rna12523	2902	2867	8	0.615557
rna12524	1197	1162	2	0.37969
rna12525	5222	5187	54	2.29659
rna12526	5715	5680	1256	48.7806
rna12527	1282	1247	7	1.23833
rna12528	4369	4334	6.19201	0.315173
rna12529	4592	4557	2.80799	0.135932
rna12530	981	946	0	0
rna12531	2302	2267	0	0
rna12532	1907	1872	0	0
rna12533	1552	1517	30.8067	4.47986
rna12534	1365	1330	0	0
rna12535	3131	3096	3.19334	0.227536
rna12536	2949	2914	0	0
rna12537	3442	3407	23	1.48923
rna12538	1655	1620	90.6409	12.3428
rna12540	85	50	0	0
rna12541	21	22	0	0
rna12539	3017	2982	1894.36	140.139
rna12542	3086	3051	0.799983	0.0578422
rna12543	3077	3042	26.2	1.89998
rna12545	3181	3146	26.9989	1.89318
rna12544	3208	3173	0.00111747	7.76913e-005
rna12546	2429	2394	13.3656	1.2316
rna12549	996	961	0	0
rna12547	2259	2224	0.000112957	1.12043e-005
rna12548	2062	2027	19.6343	2.13681
rna12550	349	314	40415	28393.5
rna12551	1833	1798	51.8654	6.36346
rna12560	848	813	42.3238	11.4842
rna12559	1643	1608	100.032	13.7232
rna12558	1579	1544	0	0
rna12556	1759	1724	0	0
rna12557	1825	1790	13.6446	1.68157
rna12552	1818	1783	0	0
rna12553	1842	1807	63.9646	7.80885
rna12554	1729	1694	1072.17	139.623
rna12555	1798	1763	0	0
rna12561	1670	1635	254	34.2706
rna12562	1999	1964	495	55.5993
rna12563	2429	2394	441	40.6369
rna12565	6327	6292	699.117	24.5113
rna12564	6522	6487	486.543	16.5456
rna12567	6183	6148	1680.76	60.3084
rna12566	6490	6455	21.5779	0.737426
rna12568	948	913	0	0
rna12569	874	839	3.9763	1.0455
rna12570	663	628	16.0237	5.62871
rna12571	1775	1740	72.0859	9.13917
rna12572	1401	1366	111.914	18.0734
rna12573	798	763	64.4829	18.6434
rna12574	845	810	0	0
rna12575	849	814	103.517	28.0539
rna12576	608	573	6	2.30995
rna12580	1021	986	146.82	32.8484
rna12579	1081	1046	0	0
rna12578	1812	1777	0	0
rna12577	1784	1749	4.17985	0.527201
rna12581	6187	6152	0.138312	0.00495963
rna12582	5980	5945	20.2809	0.752561
rna12583	5964	5929	329.15	12.2467
rna12584	6114	6079	21.2724	0.771953
rna12585	6097	6062	391.833	14.2591
rna12586	5966	5931	0	0
rna12587	5690	5655	1177.42	45.9309
rna12588	5938	5903	83.4344	3.11801
rna12589	5372	5337	2264.95	93.6196
rna12590	2791	2756	877.232	70.2167
rna12591	84	49	0	0
rna12592	717	682	0	0
rna12593	5370	5335	0	0
rna12594	5527	5492	14.5563	0.58469
rna12595	1584	1549	5.87225	0.836294
rna12596	3040	3005	4.12775	0.303022
rna12597	3159	3124	0	0
rna12598	2302	2267	1461	142.169
rna12599	1594	1559	599	84.7591
rna12600	3620	3585	41.3286	2.54312
rna12601	3907	3872	293.177	16.7032
rna12602	4820	4785	293.494	13.5308
rna12603	1769	1734	192	24.4263
rna12609	2808	2773	1225.68	97.5063
rna12607	2822	2787	2.11326e-005	1.67271e-006
rna12608	2813	2778	132.025	10.4841
rna12605	2751	2716	353.971	28.7504
rna12606	2827	2792	2.54148e-007	2.00806e-008
rna12604	2784	2749	264.325	21.2114
rna12610	3651	3616	371.463	22.6617
rna12611	3730	3695	0	0
rna12612	3742	3707	7.59104e-008	4.51736e-009
rna12613	2473	2438	107.537	9.73038
rna12614	3246	3211	242	16.6257
rna12615	1843	1808	702.983	85.7733
rna12616	1616	1581	857.017	119.581
rna12617	4073	4038	13.5648	0.741058
rna12618	4218	4183	977.435	51.5473
rna12620	2763	2728	362.822	29.3396
rna12619	2764	2729	0.178208	0.0144055
rna12621	2234	2199	883.445	88.6258
rna12622	1604	1569	228	32.0566
rna12627	2103	2068	6.76334	0.721467
rna12624	2305	2270	16.2234	1.5766
rna12625	2552	2517	112.514	9.86122
rna12626	2243	2208	92.9058	9.28217
rna12623	2567	2532	490.593	42.7428
rna12628	2175	2140	626.003	64.5309
rna12629	2183	2148	958	98.3868
rna12630	10563	10528	535.364	11.2178
rna12631	10650	10615	3397.59	70.6085
rna12632	10644	10609	14.1592	0.294421
rna12633	10731	10696	92.8835	1.91568
rna12636	9953	9918	18.0575	0.401641
rna12634	12464	12429	0	0
rna12635	12500	12465	0.0855537	0.00151409
rna12638	11576	11541	0	0
rna12637	12450	12415	9.85698	0.175147
rna12639	2496	2461	1524	136.609
rna12642	989	954	0	0
rna12641	934	899	0	0
rna12640	883	848	4	1.04057
rna12643	3337	3302	5829.99	389.49
rna12644	3325	3290	502.009	33.6606
rna12645	3441	3406	0.00281653	0.000182421
rna12646	3438	3403	0.00797402	0.000516917
rna12647	3415	3380	23.9892	1.56569
rna12648	3613	3578	0	0
rna12649	3528	3493	0	0
rna12650	5319	5284	8	0.33399
rna12651	2191	2156	149	15.2456
rna12652	7204	7169	142	4.36954
rna12653	530	495	4	1.78263
rna12654	1637	1602	191	26.3013
rna12655	591	556	54	21.4252
rna12656	6336	6301	0	0
rna12657	6258	6223	65.4151	2.31891
rna12658	6204	6169	0	0
rna12659	6120	6085	629.469	22.8202
rna12660	7652	7617	170.745	4.94503
rna12663	2491	2456	16	1.43713
rna12664	930	895	3.21481	0.792389
rna12665	997	962	2.78519	0.638682
rna12661	6180	6145	13.5106	0.485018
rna12662	6500	6465	879.861	30.0228
rna12666	2546	2511	363.287	31.9161
rna12669	3865	3830	700.834	40.3666
rna12667	3890	3855	57.8219	3.30882
rna12668	3953	3918	0.0568075	0.0031985
rna12670	1658	1623	43.5922	5.9251
rna12671	1836	1801	89.2892	10.9368
rna12672	1738	1703	44.0827	5.7103
rna12673	1565	1530	27.3827	3.94813
rna12674	1989	1954	4.60864	0.5203
rna12675	1528	1493	0.0568678	0.00840257
rna12676	2767	2732	280	22.6091
rna12678	3196	3161	232.944	16.2567
rna12677	3356	3321	80.9294	5.3758
rna12680	2723	2688	98.8579	8.11312
rna12679	2919	2884	34.8968	2.66929
rna12681	2888	2853	67.3716	5.20931
rna12682	1581	1546	28.6038	4.0815
rna12683	1541	1506	214.396	31.4049
rna12685	1107	1072	314.06	64.6283
rna12684	1056	1021	85.498	18.4729
rna12686	887	852	18.1355	4.69564
rna12687	1702	1667	25.3069	3.34896
rna12688	637	602	488	178.825
rna12689	2571	2536	0	0
rna12690	2498	2463	86.6171	7.75792
rna12698	1873	1838	1	0.120022
rna12699	2524	2489	0	0
rna12700	553	518	2	0.851738
rna12691	3249	3214	0	0
rna12692	3156	3121	510.098	36.055
rna12701	1900	1865	1.09736e-008	1.29801e-009
rna12702	1866	1831	30	3.61442
rna12693	2497	2462	0	0
rna12694	2567	2532	0	0
rna12703	2286	2251	0	0
rna12704	2386	2351	1.89207e-006	1.77538e-007
rna12705	2460	2425	45.8652	4.17231
rna12706	2442	2407	0	0
rna12707	2516	2481	0	0
rna12708	2253	2218	0.134815	0.0134086
rna12695	2462	2427	431.642	39.2337
rna12696	2787	2752	0	0
rna12697	2715	2680	129.643	10.6713
rna12709	741	706	4	1.24986
rna12718	4808	4773	1219.84	56.379
rna12717	4923	4888	235.271	10.618
rna12715	5132	5097	50.4493	2.18346
rna12716	5273	5238	247.533	10.4249
rna12711	5346	5311	79.3916	3.29765
rna12712	5121	5086	0	0
rna12713	5352	5317	0	0
rna12714	5364	5329	0	0
rna12710	5350	5315	0	0
rna12720	5042	5007	0	0
rna12719	5115	5080	0	0
rna12721	1030	995	7.73717	1.7154
rna12722	387	352	6.73251	4.2193
rna12725	2235	2200	1.52454	0.152869
rna12724	2354	2319	19.4755	1.85265
rna12723	2339	2304	0	0
rna12726	504	469	0	0
rna12727	799	764	0	0
rna12728	1253	1218	4.04402	0.732439
rna12729	585	550	0	0
rna12730	1101	1066	6.08875	1.26002
rna12731	1838	1803	4.3028	0.526455
rna12732	1500	1465	4.01777	0.604997
rna12733	1224	1189	2.66516	0.494478
rna12735	842	807	1.92551	0.526354
rna12734	640	605	0	0
rna12736	1093	1058	94.5902	19.7227
rna12737	1215	1180	135.41	25.3148
rna12738	874	839	0	0
rna12739	835	800	21	5.79075
rna12740	1256	1221	2	0.361343
rna12741	2129	2094	108	11.3777
rna12743	4432	4397	832.105	41.7472
rna12742	6509	6474	659.126	22.4596
rna12744	638	603	2	0.731675
rna12745	1671	1636	0.00429658	0.000579356
rna12746	1910	1875	0	0
rna12747	1661	1626	5.9957	0.813439
rna12748	1508	1473	0	0
rna12749	620	585	3	1.13128
rna12750	609	574	0	0
rna12762	1960	1925	506.577	58.0524
rna12761	1966	1931	0	0
rna12760	1987	1952	0	0
rna12759	2033	1998	0	0
rna12758	1983	1948	0	0
rna12757	2185	2150	0	0
rna12756	2200	2165	0	0
rna12755	1928	1893	173.574	20.2274
rna12754	2084	2049	128.234	13.8059
rna12753	2828	2793	1013.62	80.0586
rna12752	2887	2852	5.07906e-008	3.92862e-009
rna12751	3036	3001	2.0753e-006	1.52553e-007
rna12763	2765	2730	107.567	8.69208
rna12764	1461	1426	182.433	28.2221
rna12765	1930	1895	22.017	2.56303
rna12767	3203	3168	537.345	37.4174
rna12766	3228	3193	125.655	8.68133
rna12768	1022	987	1899	424.437
rna12769	2836	2801	652	51.35
rna12770	1637	1602	1250	172.129
rna12771	2508	2473	44	3.92495
rna12772	1217	1182	188	35.087
rna12773	966	931	0	0
rna12774	1999	1964	134.886	15.1507
rna12775	2045	2010	265.52	29.1412
rna12777	6876	6841	242.961	7.8347
rna12776	6820	6785	1917.1	62.3305
rna12778	2074	2039	21	2.272
rna12779	1553	1518	7	1.01726
rna12780	540	505	2	0.873664
rna12781	4114	4079	3	0.162246
rna12782	2077	2042	107.216	11.5827
rna12783	2054	2019	133.784	14.6176
rna12784	73	38	0	0
rna12785	2139	2104	324	33.9707
rna12786	1194	1159	177.069	33.7028
rna12787	1122	1087	100.931	20.4832
rna12789	1238	1203	258.143	47.337
rna12788	1587	1552	137.857	19.5948
rna12790	2466	2431	370	33.5755
rna12791	1635	1600	117	16.1314
rna12792	1237	1202	199	36.522
rna12793	2237	2202	179.658	17.9984
rna12794	2199	2164	269.342	27.457
rna12795	2030	1995	3	0.331729
rna12796	897	862	295	75.4954
rna12797	9034	8999	280.968	6.88761
rna12798	6581	6546	0.000193257	6.51275e-006
rna12799	8451	8416	488.579	12.8066
rna12800	8385	8350	9.11109e-007	2.40707e-008
rna12801	8513	8478	157.218	4.09087
rna12802	8576	8541	448.619	11.5871
rna12803	8394	8359	0.000480667	1.26852e-005
rna12804	8315	8280	1365.5	36.3804
rna12805	8309	8274	3634.34	96.8982
rna12806	8191	8156	780.007	21.0973
rna12807	576	541	14.7043	5.99589
rna12808	462	427	42.4799	21.9463
rna12809	2551	2516	625.816	54.8708
rna12810	438	403	11	6.02134
rna12811	1079	1044	30	6.33908
rna12812	3788	3753	349	20.5141
rna12814	1175	1140	177.532	34.354
rna12813	1171	1136	128.468	24.9472
rna12815	3810	3775	360	21.0374
rna12816	2870	2835	17	1.32282
rna12817	2385	2350	9	0.844851
rna12819	1416	1381	112.339	17.945
rna12818	1419	1384	8.66053	1.38043
rna12820	2341	2306	163	15.5932
rna12821	1823	1788	61	7.52606
rna12823	1275	1240	0	0
rna12822	1478	1443	1	0.152876
rna12824	2208	2173	0	0
rna12825	1839	1804	0	0
rna12826	1840	1805	0	0
rna12827	1337	1302	5	0.847158
rna12828	2689	2654	0	0
rna12829	1103	1068	0	0
rna12830	1872	1837	7	0.84061
rna12831	4157	4122	27	1.44498
rna12832	4166	4131	0	0
rna12833	1867	1832	0	0
rna12834	799	764	0	0
rna12836	2694	2659	448.553	37.2136
rna12835	2735	2700	83.4469	6.81792
rna12837	1565	1530	1846	266.162
rna12838	1300	1265	192	33.4824
rna12839	4520	4485	196	9.64049
rna12840	506	471	1258	589.204
rna12841	1619	1584	511	71.1658
rna12844	2252	2217	446.924	44.4707
rna12843	2183	2148	64.0043	6.57326
rna12842	2295	2260	121.071	11.8178
rna12845	856	821	302	81.1464
rna12846	1439	1404	31	4.8708
rna12847	755	720	313	95.8998
rna12853	1006	971	12.2138	2.77484
rna12854	1044	1009	0	0
rna12852	974	939	7.3937	1.73701
rna12850	997	962	19.24	4.412
rna12851	1088	1053	0	0
rna12849	847	812	45.9386	12.4804
rna12848	1006	971	12.2138	2.77484
rna12855	769	734	0	0
rna12856	3673	3638	1814.36	110.019
rna12859	2289	2254	5.99786	0.587014
rna12857	2401	2366	0	0
rna12858	2389	2354	289.067	27.0893
rna12860	2058	2023	1073.94	117.108
rna12861	2876	2841	121.12	9.4048
rna12862	3671	3636	92.7473	5.62708
rna12863	2890	2855	57.5031	4.44315
rna12864	3776	3741	47.4264	2.79665
rna12865	3263	3228	257.516	17.5986
rna12866	3354	3319	222.457	14.7858
rna12867	4149	4114	159.059	8.52902
rna12868	3158	3123	129.301	9.13344
rna12869	2170	2135	40.6994	4.20528
rna12870	1756	1721	0	0
rna12871	1503	1468	0	0
rna12872	1866	1831	180	21.6865
rna12873	1388	1353	61	9.94575
rna12874	3012	2977	0.0748473	0.0055463
rna12875	2991	2956	319.925	23.8753
rna12876	3056	3021	123.894	9.04704
rna12877	3059	3024	397.106	28.9688
rna12878	4218	4183	39.4184	2.07882
rna12882	272	237	2	1.8616
rna12883	672	637	2	0.692622
rna12879	3864	3829	0	0
rna12880	3819	3784	31.8374	1.85606
rna12881	3880	3845	25.7442	1.47703
rna12884	2183	2148	220	22.594
rna12885	2805	2770	582	46.3499
rna12886	2091	2056	98	10.515
rna12887	2106	2071	196.033	20.8811
rna12888	1486	1451	298	45.3059
rna12889	2673	2638	2206	184.475
rna12890	1312	1277	99	17.1021
rna12891	1081	1046	266	56.0991
rna12892	649	614	68.8169	24.7248
rna12893	1102	1067	2174.18	449.508
rna12894	1183	1148	719	138.163
rna12895	4789	4754	435.75	20.2201
rna12896	4700	4665	328.25	15.5224
rna12898	1833	1798	34.3885	4.21919
rna12897	2054	2019	49.6115	5.42065
rna12899	3397	3362	586	38.4508
rna12902	2011	1976	2152.6	240.316
rna12900	2108	2073	0	0
rna12901	2128	2093	243.396	25.6537
rna12904	4422	4387	0	0
rna12903	4739	4704	518	24.2923
rna12905	972	937	1.88419	0.443598
rna12912	5146	5111	88.7209	3.82935
rna12911	5104	5069	1614.79	70.275
rna12910	5067	5032	909.533	39.8734
rna12909	5111	5076	115.911	5.03741
rna12907	4981	4946	91.0985	4.06315
rna12908	5141	5106	0	0
rna12906	6736	6701	2328.56	76.6572
rna12913	1501	1466	43.115	6.48785
rna12914	1294	1259	0	0
rna12915	1263	1228	1.1233	0.201791
rna12920	4087	4052	0	0
rna12919	4005	3970	130.73	7.26422
rna12918	4006	3971	97.0947	5.39388
rna12917	4193	4158	22.1675	1.17608
rna12916	4450	4415	29.7926	1.48862
rna12922	2837	2802	0	0
rna12921	3539	3504	36.4033	2.29183
rna12923	445	410	0	0
rna12924	1255	1220	13	2.35066
rna12925	2590	2555	86.611	7.47804
rna12926	3861	3826	1189.43	68.5804
rna12927	948	913	3.27154	0.790473
rna12928	943	908	0	0
rna12929	937	902	6.59774	1.61359
rna12930	940	905	0.130721	0.0318641
rna12931	2219	2184	0	0
rna12932	2285	2250	0	0
rna12933	2241	2206	34.5552	3.45552
rna12934	1890	1855	0	0
rna12935	1722	1687	60.728	7.94108
rna12936	1735	1700	0	0
rna12937	1173	1138	74.7168	14.4838
rna12938	1729	1694	4	0.520897
rna12939	3307	3272	969	65.3305
rna12940	298	263	1.16889	0.980445
rna12941	73	38	0.366222	2.12602
rna12942	1333	1298	26.4394	4.49348
rna12943	1344	1309	0	0
rna12944	1060	1025	95.0821	20.4635
rna12950	3220	3185	6.69603	0.463781
rna12949	3038	3003	0	0
rna12948	3108	3073	69.2985	4.9747
rna12947	3201	3166	0	0
rna12946	3135	3100	5.39997e-005	3.84269e-006
rna12945	3095	3060	247.484	17.8415
rna12951	7140	7105	19.5383	0.606635
rna12952	6890	6855	336.44	10.8269
rna12953	6905	6870	5.58681e-008	1.79396e-009
rna12954	6887	6852	749.022	24.1148
rna12955	604	569	1954	757.562
rna12956	1192	1157	26	4.9573
rna12957	3365	3330	118.348	7.84014
rna12958	1113	1078	648.4	132.687
rna12959	1183	1148	65.6	12.6057
rna12961	1128	1093	236.41	47.7147
rna12960	3670	3635	18.5897	1.12817
rna12962	1036	1001	720	158.673
rna12963	494	459	12	5.76732
rna12964	1346	1311	7918.58	1332.45
rna12965	1453	1418	19494.7	3032.82
rna12966	1628	1593	97.7072	13.5306
rna12967	1064	1029	326	69.8888
rna12968	3834	3799	0.188619	0.0109527
rna12969	3810	3775	335.811	19.6238
rna12972	5389	5354	161.046	6.63557
rna12971	5529	5494	120.756	4.8487
rna12970	5388	5353	243.355	10.0288
rna12973	1713	1678	754	99.1254
rna12974	2631	2596	32	2.71926
rna12975	81	46	2	9.59131
rna12976	23	24	0	0
rna12977	982	947	0	0
rna12978	974	939	149	35.0047
rna12979	1809	1774	144	17.9067
rna12981	4211	4176	54.2218	2.86431
rna12980	4785	4750	2191.78	101.791
rna12997	4762	4727	308.05	14.3761
rna12996	4554	4519	592.829	28.9396
rna12995	4770	4735	335.019	15.6083
rna12994	4523	4488	484.865	23.8327
rna12993	4431	4396	742.539	37.2621
rna12992	4505	4470	2.03544e-006	1.00452e-007
rna12991	4430	4395	971.421	48.7589
rna12989	5640	5605	771.708	30.3727
rna12990	6030	5995	0.0961464	0.00353793
rna12988	6022	5987	478.062	17.6149
rna12987	5100	5065	171.974	7.49013
rna12986	5098	5063	0.0321975	0.00140288
rna12985	5332	5297	1957.94	81.5408
rna12983	4560	4525	1.14785e-008	5.59592e-010
rna12984	4666	4631	0	0
rna12982	4661	4626	88.6402	4.22699
rna12998	1634	1599	25	3.44903
rna12999	2306	2271	335	32.5412
rna13000	1319	1284	0	0
rna13001	694	659	0	0
rna13002	2193	2158	4	0.408897
rna13003	4084	4049	51	2.77861
rna13004	923	888	358.565	89.076
rna13005	930	895	383.435	94.5092
rna13006	2867	2832	0	0
rna13007	2767	2732	814	65.7278
rna13008	1394	1359	105	17.0442
rna13009	1542	1507	13	1.90299
rna13010	1181	1146	0	0
rna13011	2135	2100	30.0274	3.15431
rna13012	978	943	7.97258	1.86506
rna13013	1508	1473	0	0
rna13014	666	631	1	0.349604
rna13015	2874	2839	12	0.932441
rna13016	1500	1465	40.5217	6.10177
rna13017	314	279	3	2.37204
rna13018	1191	1156	26.4783	5.05287
rna13019	3566	3531	492	30.7378
rna13020	2015	1980	108.445	12.0823
rna13022	1159	1124	156.345	30.6848
rna13021	1451	1416	4.56094e-008	7.10553e-009
rna13023	1404	1369	15.2099	2.45092
rna13024	3213	3178	4682.94	325.065
rna13025	3119	3084	10844.6	775.723
rna13036	5408	5373	0	0
rna13034	5930	5895	0	0
rna13035	5977	5942	32.9088	1.22176
rna13033	6044	6009	5.83937e-005	2.14373e-006
rna13032	5531	5496	0	0
rna13026	5466	5431	369.102	14.9925
rna13027	5505	5470	221.606	8.93718
rna13028	5520	5485	7.59437e-007	3.05436e-008
rna13029	5505	5470	217.435	8.76897
rna13030	5517	5482	1.89	0.0760551
rna13031	5532	5497	0	0
rna13037	84	49	0	0
rna13038	4182	4147	1	0.0531951
rna13039	665	630	4	1.40064
rna13040	1746	1711	4	0.515722
rna13041	622	587	1	0.375809
rna13042	74	39	1.75	9.89872
rna13043	74	39	0.618904	3.50078
rna13044	2189	2154	219	22.4287
rna13046	1663	1628	200.339	27.1466
rna13045	2041	2006	201.661	22.1767
rna13047	2770	2735	0	0
rna13048	2790	2755	0	0
rna13049	2803	2768	17.2865	1.37767
rna13050	2839	2804	0	0
rna13051	2351	2316	489.714	46.6454
rna13052	767	732	1000	301.366
rna13053	1094	1059	36.8256	7.67114
rna13054	977	942	11.1744	2.61684
rna13055	995	960	1	0.229792
rna13056	1022	987	0	0
rna13057	2057	2022	0	0
rna13058	1461	1426	471	72.863
rna13059	3278	3243	378	25.7129
rna13060	821	786	0	0
rna13061	1273	1238	113	20.1355
rna13062	1319	1284	0	0
rna13066	2017	1982	0	0
rna13065	2033	1998	0	0
rna13064	1618	1583	1917.05	267.151
rna13063	1634	1599	0	0
rna13067	5046	5011	5087.14	223.952
rna13070	1395	1360	0	0
rna13069	1410	1375	0	0
rna13068	995	960	230.148	52.8861
rna13072	4705	4670	177.773	8.39759
rna13073	4711	4676	0.0174198	0.000821814
rna13071	4887	4852	115.919	5.27036
rna13076	4696	4661	93.3652	4.41887
rna13077	4695	4660	41.6367	1.97104
rna13075	4633	4598	191.114	9.16914
rna13074	4365	4330	0.000299519	1.52596e-005
rna13078	4351	4316	1654.17	84.5484
rna13079	1758	1723	83	10.6267
rna13080	4216	4181	2.38643	0.125914
rna13081	4204	4169	71.1145	3.76298
rna13082	3944	3909	0	0
rna13083	3928	3893	0	0
rna13084	3663	3628	0	0
rna13085	4150	4115	1.13892e-006	6.10563e-008
rna13086	3642	3607	175.707	10.746
rna13087	2314	2279	75.7924	7.33647
rna13088	1315	1280	319	54.9777
rna13089	1002	967	185	42.2037
rna13090	3051	3016	5.98406e-008	4.37693e-009
rna13091	3092	3057	0	0
rna13092	3313	3278	52.1975	3.51274
rna13093	2999	2964	49.8025	3.70663
rna13094	2952	2917	290	21.9314
rna13095	2928	2893	4.81048e-008	3.66814e-009
rna13096	2882	2847	8	0.619881
rna13097	2073	2038	299	32.3648
rna13103	1978	1943	611.118	69.3838
rna13102	2421	2386	32.316	2.98781
rna13101	2320	2285	384.832	37.1527
rna13100	2318	2283	120.575	11.6508
rna13099	2337	2302	0	0
rna13098	2335	2300	0	0
rna13105	2003	1968	112.159	12.5723
rna13104	2020	1985	0	0
rna13106	1673	1638	252	33.9385
rna13107	4232	4197	745.33	39.1756
rna13110	1817	1782	307.137	38.0216
rna13111	1859	1824	0	0
rna13109	3421	3386	61.1046	3.98101
rna13108	2311	2276	9.42763	0.913768
rna13112	6077	6042	169.402	6.18505
rna13113	5970	5935	1066.16	39.6285
rna13114	3948	3913	215	12.1209
rna13115	2796	2761	0	0
rna13116	3650	3615	7	0.427165
rna13117	9046	9011	45	1.10165
rna13119	2417	2382	0	0
rna13118	3183	3148	4	0.280305
rna13121	3869	3834	0	0
rna13120	4182	4147	25	1.32988
rna13122	1200	1165	176	33.3267
rna13125	3055	3020	98.5179	7.19638
rna13124	2845	2810	79.752	6.26096
rna13123	2812	2777	1242.73	98.7203
rna13126	2724	2689	28.455	2.33439
rna13127	2535	2500	45.5728	4.02135
rna13128	2681	2646	0	0
rna13129	2633	2598	183.972	15.6213
rna13130	2375	2340	31.8716	3.00465
rna13142	2319	2284	26.6409	2.57311
rna13139	4365	4330	66.5486	3.39044
rna13138	4359	4324	342.255	17.461
rna13135	4793	4758	0	0
rna13136	4850	4815	0	0
rna13137	4875	4840	0	0
rna13134	4950	4915	34.527	1.54968
rna13133	4300	4265	44.4398	2.29857
rna13131	5109	5074	0	0
rna13132	5151	5116	64.6979	2.78975
rna13140	1998	1963	0	0
rna13141	2152	2117	0	0
rna13143	2235	2200	377.581	37.8611
rna13147	1334	1299	0	0
rna13146	1442	1407	10.3456	1.62206
rna13145	1332	1297	149.654	25.4539
rna13144	1321	1286	0	0
rna13148	4160	4125	0	0
rna13149	4342	4307	261	13.3681
rna13150	2403	2368	336.617	31.3588
rna13151	2009	1974	32.383	3.61889
rna13152	2194	2159	268	27.3834
rna13153	1238	1203	57	10.4524
rna13154	2316	2281	655	63.3464
rna13155	2062	2027	259	28.1872
rna13156	1768	1733	13582.5	1728.96
rna13157	1626	1591	3065.49	425.046
rna13158	1376	1341	124.934	20.5521
rna13159	1631	1596	66.0661	9.1317
rna13160	2117	2082	20	2.11912
rna13161	438	403	0	0
rna13168	5695	5660	34.3903	1.34037
rna13167	5684	5649	971.733	37.9473
rna13166	5221	5186	70.083	2.98116
rna13165	5073	5038	5308.9	232.462
rna13164	5436	5401	996.889	40.7172
rna13162	5156	5121	9.1009e-006	3.92044e-007
rna13163	5168	5133	9.38431e-007	4.03308e-008
rna13169	2342	2307	0	0
rna13170	2151	2116	0	0
rna13171	2370	2335	0	0
rna13172	2091	2056	7	0.75107
rna13173	742	707	51	15.9132
rna13174	2921	2886	73	5.57997
rna13175	3023	2988	0	0
rna13176	783	748	1.24687	0.367726
rna13179	7241	7206	495.045	15.155
rna13178	7246	7211	0.0773883	0.00236748
rna13177	7239	7204	173.024	5.29832
rna13183	5011	4976	0	0
rna13181	5076	5041	0	0
rna13182	5079	5044	0	0
rna13180	5020	4985	0	0
rna13186	3744	3709	408.37	24.2886
rna13184	3713	3678	0.800133	0.0479906
rna13185	3806	3771	59.83	3.5
rna13187	1524	1489	2347.68	347.816
rna13192	1049	1014	0	0
rna13191	913	878	0	0
rna13190	913	878	28.2973	7.10979
rna13189	1033	998	145.192	32.0936
rna13188	1399	1364	464.023	75.0466
rna13193	306	271	1.81096	1.47416
rna13194	1233	1198	8443	1554.7
rna13195	1292	1257	117	20.5332
rna13197	1871	1836	423.237	50.853
rna13196	1844	1809	2817.76	343.615
rna13198	2526	2491	220.798	19.5536
rna13199	2500	2465	176.812	15.8234
rna13200	2476	2441	547.39	49.4692
rna13201	2836	2801	329.294	25.9344
rna13202	2489	2454	34.0371	3.05973
rna13203	2193	2158	4.66854	0.477238
rna13206	3578	3543	13.5814	0.845628
rna13204	4089	4054	674.956	36.728
rna13205	3720	3685	14.4628	0.865803
rna13207	501	466	120.613	57.0969
rna13208	1133	1098	22.3875	4.49788
rna13209	2002	1967	1617.69	181.425
rna13210	4745	4710	454.556	21.2898
rna13211	4781	4746	483.444	22.4711
rna13212	1411	1376	54.3158	8.7079
rna13213	1461	1426	0	0
rna13214	1569	1534	0	0
rna13215	1259	1224	196.684	35.4482
rna13216	7564	7529	360	10.548
rna13217	3057	3022	2363.03	172.497
rna13218	3060	3025	303.968	22.1671
rna13219	2603	2568	89	7.64541
rna13220	4494	4459	461	22.807
rna13221	1212	1177	500	93.7129
rna13222	2396	2361	326.404	30.4976
rna13223	2928	2893	450.248	34.3328
rna13224	2625	2590	751.619	64.0183
rna13225	854	819	49	13.1983
rna13226	958	923	0	0
rna13227	1781	1746	336	42.4522
rna13228	1726	1691	185	24.1342
rna13229	4400	4365	24.0185	1.21386
rna13230	6961	6926	438.032	13.9518
rna13231	6963	6928	409.103	13.0266
rna13232	6889	6854	735.8	23.6822
rna13233	14654	14619	1362.84	20.5652
rna13234	15023	14988	0	0
rna13235	15017	14982	0.000961557	1.41583e-005
rna13236	14989	14954	145.669	2.14889
rna13237	14841	14806	2.27887e-008	3.39537e-010
rna13238	14835	14800	0.0109154	0.000162699
rna13239	14807	14772	0.000741677	1.1076e-005
rna13240	14801	14766	327.58	4.89396
rna13241	14579	14544	918.9	13.9377
rna13242	2124	2089	1402	148.052
rna13243	1079	1044	216	45.6414
rna13244	2042	2007	867	95.2966
rna13249	3940	3905	263.767	14.9006
rna13248	7676	7641	196.343	5.66852
rna13246	4271	4236	43.396	2.25995
rna13247	4412	4377	3.70514e-005	1.86739e-006
rna13245	4338	4303	130.494	6.69001
rna13250	763	728	3	0.909066
rna13251	928	893	5	1.23516
rna13252	2419	2384	351	32.4793
rna13253	1031	996	79	17.4974
rna13255	2014	1979	525.189	58.5431
rna13256	2011	1976	0.215782	0.0240899
rna13257	1900	1865	869.868	102.892
rna13258	1897	1862	257.475	30.5043
rna13254	4242	4207	2885.09	151.284
rna13259	3603	3568	54.1659	3.34893
rna13260	5265	5230	0	0
rna13267	5581	5546	19.0696	0.758521
rna13264	5678	5643	0	0
rna13265	5811	5776	56.9304	2.17432
rna13266	5920	5885	0	0
rna13268	2668	2633	13	1.08918
rna13278	1023	988	5.59721	1.24974
rna13276	871	836	10.8156	2.85398
rna13277	1104	1069	0	0
rna13275	1258	1223	0	0
rna13274	1374	1339	0	0
rna13270	1698	1663	17.3837	2.30598
rna13271	1704	1669	0	0
rna13272	1708	1673	0	0
rna13273	1891	1856	0	0
rna13269	2432	2397	9.39086	0.864257
rna13280	1878	1843	5	0.598481
rna13279	1251	1216	6.81258	1.2359
rna13261	5233	5198	0	0
rna13262	4997	4962	199.611	8.87428
rna13263	4942	4907	0.388998	0.0174879
rna13281	3069	3034	0	0
rna13282	4375	4340	300.453	15.2719
rna13290	4126	4091	19.9097	1.0736
rna13284	4210	4175	72.141	3.81181
rna13285	4264	4229	4.68302e-008	2.44283e-009
rna13286	4249	4214	43.4869	2.27651
rna13287	4303	4268	0	0
rna13288	4348	4313	0	0
rna13289	4333	4298	0.0092983	0.000477247
rna13283	4388	4353	0	0
rna13291	2689	2654	39	3.24167
rna13293	12957	12922	651.801	11.1273
rna13292	13033	12998	1035.2	17.5692
rna13294	948	913	0	0
rna13295	904	869	127	32.2396
rna13296	3419	3384	443.205	28.8921
rna13301	4143	4108	29.1954	1.5678
rna13300	4172	4137	0	0
rna13299	4171	4136	0	0
rna13297	3921	3886	0.521099	0.0295817
rna13298	3924	3889	478.079	27.1186
rna13302	8173	8138	799.596	21.675
rna13303	7969	7934	108.404	3.01409
rna13304	6685	6650	1641.9	54.4667
rna13306	1342	1307	0	0
rna13305	1196	1161	4	0.760035
rna13307	2552	2517	2	0.175288
rna13308	6827	6792	695.255	22.5815
rna13309	6839	6804	1705.18	55.2854
rna13310	971	936	194	45.7227
rna13311	2177	2142	139	14.3153
rna13312	2265	2230	81	8.01283
rna13313	1496	1461	47	7.09665
rna13315	2061	2026	0	0
rna13314	1914	1879	26	3.05248
rna13316	975	940	4	0.938724
rna13317	3771	3736	4.7963	0.283208
rna13319	4870	4835	335.298	15.2982
rna13320	4763	4728	0	0
rna13318	4297	4262	31.9058	1.65144
rna13322	3092	3057	164.255	11.853
rna13321	3106	3071	0.744679	0.0534928
rna13323	1666	1631	248	33.5431
rna13324	1672	1637	0.0001302	1.75455e-005
rna13325	1856	1821	0	0
rna13326	1078	1043	500	105.753
rna13327	7172	7137	1129.98	34.9269
rna13328	2024	1989	55.5459	6.1606
rna13329	463	428	0	0
rna13332	686	651	0	0
rna13331	688	653	14.3972	4.86374
rna13330	684	649	16.2284	5.51616
rna13333	1635	1600	4	0.5515
rna13334	569	534	33	13.6326
rna13336	2237	2202	30.5833	3.06389
rna13335	2165	2130	189.417	19.6175
rna13337	596	561	916	360.195
rna13338	1452	1417	85	13.2329
rna13339	1342	1307	9.65984	1.63042
rna13340	1268	1233	60.3402	10.7957
rna13341	7120	7085	165.516	5.15354
rna13342	7218	7183	78.0914	2.3983
rna13343	5446	5411	450.393	18.362
rna13347	2849	2814	210.78	16.5239
rna13346	1607	1572	451.896	63.4149
rna13345	2227	2192	195.159	19.6406
rna13344	2271	2236	52.6172	5.19113
rna13348	3842	3807	41	2.37578
rna13349	635	600	0	0
rna13350	646	611	0	0
rna13351	2126	2091	54	5.69699
rna13353	2005	1970	31.9961	3.58291
rna13352	1776	1741	403.004	51.0642
rna13354	4670	4635	2197.23	104.576
rna13355	4794	4759	1.54454e-007	7.15961e-009
rna13356	4791	4756	0.00053977	2.50364e-005
rna13357	4728	4693	0.317897	0.0149431
rna13358	4725	4690	1136.45	53.4544
rna13359	4772	4737	1.50356e-008	7.002e-010
rna13360	3458	3423	20780.5	1339.23
rna13361	6041	6006	7309.97	268.495
rna13362	1615	1580	2081	290.55
rna13363	1141	1106	163	32.5116
rna13364	605	570	0	0
rna13365	2376	2341	435	40.9915
rna13366	2186	2151	626.951	64.2982
rna13367	2368	2333	51.2651	4.84744
rna13368	2316	2281	197.399	19.0909
rna13369	2478	2443	9.9541	0.898843
rna13370	2345	2310	119.131	11.3768
rna13371	2440	2405	269.779	24.7456
rna13372	3758	3723	22.9785	1.36155
rna13373	3842	3807	72.1014	4.17798
rna13374	3754	3719	70.6047	4.18806
rna13375	3775	3740	20.2891	1.19673
rna13376	3687	3652	0	0
rna13379	3925	3890	15.5244	0.880381
rna13383	4645	4610	0.00182068	8.7124e-005
rna13380	4606	4571	41.4738	2.00156
rna13381	4587	4552	8.52054e-006	4.12924e-007
rna13382	4676	4641	6.64911e-007	3.16051e-008
rna13377	2802	2767	27.1283	2.16282
rna13378	2700	2665	165.898	13.7325
rna13384	2308	2273	0	0
rna13385	893	858	0	0
rna13386	1426	1391	224.512	35.6056
rna13387	2809	2774	0	0
rna13388	2893	2858	0	0
rna13389	2789	2754	0	0
rna13390	2876	2841	189.904	14.7458
rna13391	2521	2486	254.636	22.5956
rna13394	1228	1193	138.991	25.701
rna13393	1410	1375	0	0
rna13392	1364	1329	10.47	1.73791
rna13401	3710	3675	2157.02	129.48
rna13400	5343	5308	0	0
rna13399	5710	5675	218.626	8.4985
rna13397	5183	5148	0	0
rna13398	5549	5514	55.4548	2.21859
rna13396	5102	5067	11.9841	0.521747
rna13395	4746	4711	32.9106	1.54109
rna13402	10058	10023	583.545	12.8435
rna13403	10072	10037	472.482	10.3845
rna13404	10074	10039	485.05	10.6586
rna13405	10056	10021	3687.74	81.181
rna13406	77	42	0	0
rna13407	23	24	0	0
rna13408	3573	3538	1	0.0623516
rna13409	3149	3114	6.00027	0.425067
rna13410	81	46	0	0
rna13411	5889	5854	2937.4	110.692
rna13412	5510	5475	1577.68	63.5684
rna13413	5497	5462	2.74843	0.111004
rna13415	992	957	18	4.14922
rna13416	887	852	4	1.03568
rna13414	4724	4689	32.9903	1.55207
rna13417	4068	4033	3382.45	185.016
rna13418	3785	3750	138.884	8.17009
rna13424	1647	1612	8.17156	1.11827
rna13423	1796	1761	8.92111	1.11755
rna13422	1668	1633	0	0
rna13421	1500	1465	31.9073	4.80461
rna13419	2843	2808	1190.82	93.5527
rna13420	3823	3788	1525.79	88.857
rna13425	2136	2101	227.501	23.887
rna13426	1928	1893	499.109	58.1635
rna13427	1846	1811	5.42547	0.660882
rna13428	9057	9022	2768.15	67.6849
rna13429	8027	7992	6.42677	0.177396
rna13430	3110	3075	25.8403	1.85378
rna13431	3511	3476	80.2154	5.09077
rna13432	2991	2956	374.944	27.9813
rna13433	1685	1650	373	49.869
rna13434	3003	2968	393.936	29.2797
rna13435	1972	1937	0	0
rna13436	1611	1576	11.0645	1.54875
rna13437	1311	1276	0	0
rna13438	516	481	1	0.458628
rna13439	2063	2028	0	0
rna13440	896	861	9	2.30592
rna13441	1979	1944	65	7.37603
rna13442	1261	1226	71	12.7754
rna13443	930	895	0	0
rna13444	860	825	417	111.503
rna13445	3387	3352	30	1.97434
rna13446	5856	5821	719.102	27.252
rna13447	1787	1752	42	5.28836
rna13448	91	56	1	3.93929
rna13449	21	22	0	0
rna13450	1285	1250	3	0.52944
rna13451	3632	3597	494	30.2965
rna13452	696	661	275	91.7776
rna13454	942	907	9	2.18898
rna13453	877	842	0	0
rna13455	1763	1728	33	4.21285
rna13456	1596	1561	37.2038	5.25763
rna13457	1818	1783	0	0
rna13458	1658	1623	0.000249172	3.38677e-005
rna13459	1634	1599	577.058	79.6117
rna13460	1716	1681	201.74	26.4747
rna13461	1685	1650	193.262	25.8386
rna13462	2871	2836	359.735	27.9822
rna13463	7015	6980	2132.58	67.3994
rna13464	6939	6904	0.00282046	9.01209e-005
rna13465	6821	6786	0	0
rna13466	519	484	0	0
rna13467	1798	1763	20	2.50255
rna13468	1934	1899	24.1259	2.80262
rna13470	1358	1323	8.87408	1.47968
rna13469	1320	1285	1.58221e-005	2.71623e-006
rna13471	682	647	0	0
rna13472	1170	1135	0	0
rna13473	731	696	0	0
rna13474	2114	2079	10	1.06109
rna13475	120	85	0	0
rna13476	23	24	0	0
rna13477	22	23	0	0
rna13478	1340	1305	0	0
rna13479	409	374	1.41624	0.835355
rna13480	1976	1941	952	108.197
rna13481	2751	2716	304	24.6916
rna13482	2005	1970	390.691	43.7495
rna13483	1952	1917	346.309	39.8518
rna13484	662	627	256	90.0696
rna13486	6979	6944	763.163	24.2445
rna13485	6797	6762	1891.87	61.7195
rna13487	1739	1704	5	0.647301
rna13488	2635	2600	20.0582	1.70186
rna13489	1139	1104	700	139.873
rna13493	1464	1429	65.4504	10.1038
rna13492	1333	1298	28.5496	4.85212
rna13491	1431	1396	0	0
rna13490	1595	1560	0	0
rna13495	1492	1457	0	0
rna13494	1331	1296	26.7006	4.54486
rna13496	1269	1234	32.2994	5.77412
rna13497	11686	11651	245.508	4.64846
rna13498	11565	11530	27.963	0.535007
rna13499	11339	11304	5.82229	0.113623
rna13500	11513	11478	800.386	15.3829
rna13501	11288	11253	416.321	8.16141
rna13502	1983	1948	0	0
rna13503	1808	1773	0	0
rna13504	1561	1526	2	0.289122
rna13505	2011	1976	0	0
rna13506	5034	4999	919	40.5544
rna13507	1150	1115	487	96.3518
rna13508	1195	1160	531.667	101.108
rna13509	1099	1064	3941.33	817.16
rna13510	887	852	256	66.2836
rna13511	1328	1293	33	5.63016
rna13512	1291	1256	0	0
rna13513	77	42	206	1081.99
rna13514	21	22	0	0
rna13515	21553	21518	49347.2	505.902
rna13516	970	935	132.689	31.3061
rna13517	944	909	94.311	22.8878
rna13518	1583	1548	340	48.4522
rna13519	693	658	201	67.3869
rna13520	1017	982	552	124.003
rna13522	2523	2488	0	0
rna13521	2527	2492	4	0.354093
rna13523	698	663	0	0
rna13524	556	521	169	71.5574
rna13525	3028	2993	248	18.2789
rna13526	826	791	12	3.34665
rna13527	9216	9181	0	0
rna13528	8826	8791	6.34527	0.159227
rna13539	8524	8489	26.0675	0.677406
rna13538	9144	9109	44.0572	1.06697
rna13537	9430	9395	1.30505e-006	3.06434e-008
rna13530	9943	9908	110.52	2.46071
rna13531	10003	9968	65.8309	1.45689
rna13532	10012	9977	1.35518e-007	2.99642e-009
rna13533	9778	9743	3.7837e-008	8.56701e-010
rna13534	9991	9956	15.4815	0.343031
rna13535	10015	9980	44.6656	0.987298
rna13536	10050	10015	0.715099	0.0157515
rna13529	10013	9978	1.34907	0.0298261
rna13540	73	38	0	0
rna13541	73	38	0	0
rna13542	812	777	278.207	78.9864
rna13543	870	835	28.7931	7.6069
rna13546	6953	6918	803.528	25.6228
rna13545	6870	6835	1062.18	34.282
rna13544	7066	7031	63.2884	1.9857
rna13547	6994	6959	5.66729e-005	1.79653e-006
rna13548	1303	1268	154	26.7921
rna13549	1823	1788	50.4793	6.22804
rna13550	1741	1706	0	0
rna13551	2132	2097	5.52073	0.58077
rna13552	880	845	25	6.52663
rna13553	4353	4318	7.56824e-006	3.8665e-007
rna13555	3463	3428	58.8278	3.78571
rna13554	4289	4254	2021.17	104.812
rna13556	1385	1350	890	145.433
rna13562	4223	4188	28.5429	1.50348
rna13563	4226	4191	12.2524	0.644926
rna13561	3988	3953	0	0
rna13558	4484	4449	233.581	11.5819
rna13559	4686	4651	0.263047	0.0124765
rna13560	4689	4654	181.36	8.59649
rna13557	4726	4691	1.06607e-005	5.01331e-007
rna13568	2521	2486	32.3336	2.86918
rna13566	2197	2162	46.7974	4.77499
rna13567	2203	2168	54.869	5.58307
rna13565	2209	2174	0	0
rna13564	1775	1740	0	0
rna13569	867	832	210.856	55.9073
rna13570	865	830	5.14392	1.36717
rna13572	2029	1994	751.652	83.1567
rna13571	2042	2007	81.3484	8.94144
rna13573	1613	1578	0	0
rna13574	1753	1718	24.2827	3.11802
rna13575	1470	1435	111.717	17.1741
rna13576	505	470	98	45.9975
rna13577	2238	2203	331.644	33.2096
rna13578	2280	2245	415.438	40.8221
rna13579	2358	2323	139.918	13.2871
rna13580	1805	1770	1058	131.862
rna13581	1781	1746	962.984	121.669
rna13582	1796	1761	85.0164	10.65
rna13583	1068	1033	357.992	76.4503
rna13584	1056	1021	0.00757326	0.0016363
rna13585	2252	2217	27.0037	2.68697
rna13586	2218	2183	0	0
rna13587	1431	1396	13.9963	2.21174
rna13588	2042	2007	0	0
rna13589	1887	1852	0	0
rna13591	1757	1722	0	0
rna13590	1749	1714	0	0
rna13592	1424	1389	0	0
rna13593	2083	2048	706	76.0467
rna13594	1353	1318	14	2.34325
rna13595	1078	1043	537	113.578
rna13596	3811	3776	68.178	3.98307
rna13597	3814	3779	266.491	15.5565
rna13598	3854	3819	63.7305	3.68132
rna13599	3530	3495	123.134	7.77208
rna13600	3570	3535	0	0
rna13601	3442	3407	0	0
rna13602	3482	3447	0	0
rna13603	4128	4093	75.7232	4.08125
rna13604	4131	4096	264.426	14.2413
rna13605	3840	3805	8.5948e-006	4.98295e-007
rna13606	4149	4114	325.563	17.4573
rna13607	4243	4208	397.551	20.8412
rna13609	3530	3495	0	0
rna13610	3570	3535	0	0
rna13608	3799	3764	16.203	0.949621
rna13611	955	920	0	0
rna13612	79	44	0	0
rna13613	22	23	0	0
rna13614	1913	1878	110	12.9212
rna13615	950	915	255	61.4787
rna13616	771	736	329	98.6106
rna13617	2020	1985	60.8618	6.76379
rna13618	1432	1397	0	0
rna13619	2881	2846	23.1382	1.7935
rna13620	943	908	0	0
rna13621	1871	1836	1	0.120153
rna13622	1337	1302	12	2.03318
rna13623	573	538	0	0
rna13624	1390	1355	458.114	74.583
rna13625	1274	1239	74.8858	13.3332
rna13629	1674	1639	8.64887	1.16409
rna13626	2028	1993	0	0
rna13627	2857	2822	62.4211	4.87955
rna13628	3075	3040	49.2837	3.57631
rna13630	1377	1342	30.6463	5.03769
rna13631	1258	1223	16	2.88602
rna13634	5378	5343	289	11.9321
rna13632	5389	5354	0	0
rna13633	5392	5357	2.78648e-005	1.14747e-006
rna13635	4358	4323	0	0
rna13636	2200	2165	1007	102.607
rna13637	5232	5197	0.0147931	0.000627932
rna13638	5211	5176	961.467	40.9775
rna13639	5229	5194	0.686171	0.0291431
rna13640	5196	5161	19.9039	0.850765
rna13641	5193	5158	929.283	39.7441
rna13642	5187	5152	0.00289284	0.000123867
rna13643	5166	5131	209.643	9.01329
rna13644	73	38	0	0
rna13645	589	554	5	1.99098
rna13646	547	512	0	0
rna13647	2648	2613	132.162	11.1577
rna13651	2777	2742	20.8715	1.67916
rna13650	2550	2515	70.3488	6.17055
rna13648	2541	2506	0.000119363	1.05074e-005
rna13649	2576	2541	94.6171	8.2143
rna13652	791	756	523.471	152.748
rna13653	962	927	13.0563	3.10704
rna13654	787	752	0	0
rna13655	749	714	2.83931	0.877245
rna13661	764	729	0	0
rna13662	761	726	2	0.607714
rna13663	3322	3287	237.733	15.9549
rna13665	720	685	37	11.9156
rna13664	1158	1123	0	0
rna13656	1026	991	0	0
rna13657	890	855	0	0
rna13659	958	923	0	0
rna13658	1003	968	0	0
rna13660	1209	1174	5.10435	0.959131
rna13666	4345	4310	413	21.1387
rna13667	4318	4283	2.58465e-005	1.33125e-006
rna13668	811	776	180	51.1701
rna13669	2524	2489	8.71698e-008	7.72586e-009
rna13671	2505	2470	0.00074245	6.63095e-005
rna13670	2506	2471	3.97861	0.355193
rna13672	2480	2445	122.583	11.0601
rna13673	2296	2261	4.70589	0.459142
rna13674	3092	3057	4.99527	0.36047
rna13675	1763	1728	33.511	4.27808
rna13676	2202	2167	0.00432282	0.000440063
rna13677	1894	1859	1.69857	0.201563
rna13678	2100	2065	17.5223	1.87187
rna13680	4047	4012	363.318	19.9771
rna13679	4049	4014	201.682	11.084
rna13681	3377	3342	0	0
rna13682	2929	2894	59789	4557.52
rna13683	2812	2777	0	0
rna13684	2705	2670	38.6485	3.19321
rna13685	2702	2667	121.073	10.0145
rna13686	2946	2911	122.041	9.24846
rna13687	647	612	37.2375	13.4225
rna13688	1694	1659	1886.9	250.904
rna13689	1768	1733	244.104	31.073
rna13690	2017	1982	96.7425	10.7676
rna13691	1980	1945	1470.4	166.772
rna13692	1842	1807	134.854	16.4631
rna13693	1806	1771	0	0
rna13694	1085	1050	8	1.68076
rna13695	3612	3577	41.3268	2.5487
rna13696	5103	5068	615.361	26.7854
rna13702	1191	1156	0	0
rna13700	1495	1460	0	0
rna13701	1366	1331	0	0
rna13697	2858	2823	31.5975	2.46915
rna13698	2858	2823	443.102	34.6257
rna13699	2858	2823	20.7732	1.6233
rna13703	1586	1551	481.004	68.4135
rna13704	1617	1582	44.9965	6.27448
rna13705	867	832	339	89.8839
rna13706	1873	1838	4	0.480087
rna13707	1575	1540	15	2.1487
rna13714	4355	4320	79.9017	4.08017
rna13713	5316	5281	658.013	27.4868
rna13708	4459	4424	1624.41	81.0001
rna13709	4666	4631	47.1808	2.24748
rna13710	4669	4634	0	0
rna13711	4463	4428	39.4966	1.96769
rna13712	4673	4638	0	0
rna13715	72	37	0	0
rna13716	72	37	0	0
rna13717	584	549	8	3.21457
rna13718	2541	2506	1595	140.406
rna13719	949	914	26	6.27528
rna13720	684	649	60.4218	20.5378
rna13721	7428	7393	1904.58	56.8308
rna13722	604	569	0	0
rna13723	1942	1907	441	51.0145
rna13724	1654	1619	426.668	58.1366
rna13725	1667	1632	1588.33	214.697
rna13726	3198	3163	636	44.3571
rna13727	2235	2200	9.87623	0.990317
rna13728	2351	2316	117.305	11.1734
rna13729	2307	2272	15.2455	1.48027
rna13730	2423	2388	376.18	34.751
rna13731	2277	2242	10.2157	1.00517
rna13732	2393	2358	564.129	52.7764
rna13733	2349	2314	281.681	26.8535
rna13734	2465	2430	4893.37	444.229
rna13735	68	33	0	0
rna13736	2218	2183	22	2.22318
rna13737	1085	1050	45.9684	9.65775
rna13738	6351	6316	13143	459.049
rna13739	1405	1370	20	3.22044
rna13740	891	856	12	3.09252
rna13741	4009	3974	3049	169.253
rna13742	1875	1840	909	108.981
rna13743	4113	4078	903	48.8479
rna13746	3688	3653	223.605	13.5032
rna13745	3716	3681	869.595	52.1143
rna13744	3710	3675	1723.8	103.475
rna13747	1231	1196	45	8.30017
rna13748	4230	4195	868.95	45.695
rna13749	4322	4287	211.077	10.8616
rna13750	4237	4202	4.97361	0.261109
rna13756	1912	1877	125.51	14.7509
rna13755	2155	2120	0	0
rna13754	1914	1879	0	0
rna13753	1665	1630	64.7879	8.76824
rna13752	2158	2123	78.7019	8.17788
rna13751	2019	1984	7.52491e-005	8.36692e-006
rna13758	1576	1541	94.5412	13.5339
rna13757	1556	1521	242.459	35.1653
rna13759	3208	3173	2067.24	143.723
rna13760	3208	3173	153.762	10.6901
rna13761	811	776	181	51.4544
rna13762	1379	1344	4.66485	0.765674
rna13763	1382	1347	0.335153	0.0548885
rna13764	2046	2011	20	2.19393
rna13765	1864	1829	7.16012e-006	8.63599e-007
rna13766	1574	1539	9	1.29006
rna13767	1941	1906	3	0.347219
rna13768	1245	1210	1	0.182314
rna13770	1029	994	205	45.496
rna13769	1060	1025	0	0
rna13771	1492	1457	21	3.17955
rna13772	473	438	30.6303	15.427
rna13773	1057	1022	268.715	58.0025
rna13774	1707	1672	498.655	65.7914
rna13775	2176	2141	243	25.0377
rna13776	3064	3029	2	0.145659
rna13777	1792	1757	0.828215	0.103987
rna13778	1791	1756	1.62235	0.20381
rna13779	1792	1757	0.828215	0.103987
rna13780	1839	1804	36.631	4.47937
rna13782	1580	1545	0	0
rna13781	1717	1682	0	0
rna13783	1717	1682	43.0902	5.65143
rna13784	1764	1729	5.03506e-005	6.42414e-006
rna13786	3821	3786	697.312	40.6305
rna13785	4052	4017	521.688	28.6494
rna13787	1785	1750	367	46.263
rna13788	1671	1636	5	0.674206
rna13789	1742	1707	0	0
rna13790	2477	2442	0	0
rna13791	2172	2137	134.906	13.9262
rna13792	2328	2293	68.5764	6.59746
rna13793	3830	3795	85.2632	4.95628
rna13794	33983	33948	1659.25	10.7821
rna13796	1810	1775	0	0
rna13795	1566	1531	4	0.576355
rna13817	41267	41232	501.512	2.6832
rna13818	41108	41073	0	0
rna13816	41358	41323	3.67355	0.019611
rna13815	58782	58747	0	0
rna13797	76350	76315	914.158	2.64251
rna13798	64653	64618	0	0
rna13799	64575	64540	293.097	1.00182
rna13800	64584	64549	0	0
rna13801	64650	64615	0	0
rna13802	64581	64546	0	0
rna13803	54066	54031	2967.59	12.1162
rna13804	64599	64564	0	0
rna13805	57021	56986	450.937	1.74563
rna13806	64251	64216	0	0
rna13807	64530	64495	15.6667	0.0535867
rna13808	63912	63877	0	0
rna13809	63207	63172	0	0
rna13810	61677	61642	46.8996	0.167841
rna13811	60231	60196	54.0077	0.197922
rna13812	64647	64612	15.2946	0.0522192
rna13813	64455	64420	0	0
rna13814	64644	64609	0	0
rna13819	62622	62587	0	0
rna13820	62651	62616	0	0
rna13821	61293	61258	4.69847e-005	1.692e-007
rna13822	61282	61247	5.80852e-005	2.09212e-007
rna13823	55676	55641	306.667	1.21584
rna13824	55649	55614	544.02	2.15793
rna13825	55539	55504	2.53344	0.0100691
rna13826	49612	49577	176.831	0.786833
rna13827	2269	2234	11	1.08621
rna13828	684	649	2.11232	0.717994
rna13829	1458	1423	0	0
rna13830	3177	3142	411.41	28.8851
rna13831	1533	1498	94.59	13.9296
rna13832	1556	1521	1	0.145036
rna13833	1092	1057	0	0
rna13834	1568	1533	115.427	16.6101
rna13835	1501	1466	12.2616	1.84509
rna13836	2258	2223	3.22439	0.319973
rna13837	975	940	90.1321	21.1523
rna13838	988	953	8.13128e-006	1.88223e-006
rna13839	1205	1170	135	25.4539
rna13841	3266	3231	40.8081	2.78622
rna13840	3386	3351	759.192	49.9784
rna13842	1791	1756	44.5523	5.59695
rna13843	2243	2208	3.51651	0.351332
rna13844	2322	2287	0	0
rna13845	2212	2177	0	0
rna13846	2003	1968	0	0
rna13847	2239	2204	29.9312	2.99584
rna13848	2318	2283	0	0
rna13849	2208	2173	0	0
rna13850	2309	2274	18.6347	1.80775
rna13851	1716	1681	0	0
rna13852	1697	1662	0	0
rna13855	1834	1799	0	0
rna13853	8709	8674	7.40748	0.18839
rna13854	8847	8812	1.73318e-008	4.33885e-010
rna13859	1833	1798	0	0
rna13856	8846	8811	0.00107977	2.7034e-005
rna13857	8825	8790	0.350941	0.00880747
rna13858	8687	8652	2955.93	75.3673
rna13860	1691	1656	0	0
rna13861	8706	8671	816.336	20.7685
rna13862	8687	8652	5803.11	147.962
rna13863	1588	1553	0	0
rna13864	1452	1417	0	0
rna13865	1434	1399	0	0
rna13866	8444	8409	4677.27	122.702
rna13867	2820	2785	17888	1416.91
rna13868	3112	3077	1192	85.4583
rna13870	1381	1346	160.814	26.3564
rna13869	1389	1354	112.186	18.2778
rna13871	1853	1818	2513	304.933
rna13882	3542	3507	782.216	49.2036
rna13883	3512	3477	0.0115828	0.000734875
rna13884	3491	3456	354.928	22.6555
rna13881	3409	3374	83.2086	5.44038
rna13878	3736	3701	196.65	11.7214
rna13879	3638	3603	67.3538	4.12386
rna13880	3706	3671	848.564	50.9925
rna13872	4371	4336	0	0
rna13873	4273	4238	283.659	14.7653
rna13874	4341	4306	0	0
rna13875	4350	4315	0	0
rna13876	4320	4285	0	0
rna13877	3277	3242	0	0
rna13885	3405	3370	0	0
rna13886	4461	4426	20.1237	1.003
rna13887	3332	3297	0	0
rna13888	4480	4445	478.911	23.7678
rna13890	2267	2232	161.224	15.9346
rna13889	4376	4341	2267.15	115.212
rna13891	1196	1161	201	38.1917
rna13892	2290	2255	532	52.044
rna13893	2597	2562	354	30.481
rna13894	5773	5738	8772.68	337.27
rna13895	5770	5735	765.319	29.4384
rna13896	4725	4690	39.4365	1.85495
rna13897	4812	4777	701.267	32.3842
rna13898	4854	4819	2.06797	0.0946657
rna13899	4941	4906	19.7887	0.889808
rna13900	3166	3131	81.4399	5.73799
rna13901	508	473	5	2.33192
rna13902	2281	2246	767	75.334
rna13903	1095	1060	108	22.4762
rna13905	1934	1899	106.511	12.373
rna13904	2050	2015	1059.49	115.992
rna13906	1923	1888	261	30.4961
rna13907	3966	3931	85	4.77003
rna13908	1954	1919	1.53787	0.176787
rna13909	1420	1385	17.4621	2.78133
rna13910	2183	2148	9	0.924302
rna13911	2248	2213	7	0.697786
rna13912	168	133	10.2289	16.9662
rna13913	170	135	6.3202	10.3277
rna13914	3029	2994	5	0.368404
rna13915	135	100	0	0
rna13916	22	23	0	0
rna13917	3528	3493	4	0.25262
rna13918	5964	5929	9	0.334863
rna13919	84	49	0	0
rna13920	22	23	0	0
rna13921	5746	5711	397	15.335
rna13922	674	639	18	6.21409
rna13923	1016	981	35.2178	7.91951
rna13926	2230	2195	554.745	55.7525
rna13925	2349	2314	95.0375	9.06019
rna13924	2191	2156	1.43428e-005	1.46754e-006
rna13927	2045	2010	0	0
rna13928	2496	2461	239.066	21.4295
rna13929	1945	1910	70.5659	8.15018
rna13930	1951	1916	33.3681	3.84186
rna13931	1891	1856	0	0
rna13932	1340	1305	3	0.507127
rna13934	1550	1515	0	0
rna13933	1644	1609	69	9.46016
rna13937	1236	1201	0	0
rna13936	1520	1485	47.3332	7.03145
rna13935	1639	1604	10.6668	1.46702
rna13938	3495	3460	71	4.52676
rna13939	4885	4850	124.101	5.64466
rna13940	4836	4801	0.29163	0.0134
rna13941	4948	4913	2.98016e-005	1.33813e-006
rna13942	4881	4846	139.113	6.3327
rna13943	4846	4811	278.495	12.7699
rna13944	1888	1853	3.05673	0.363905
rna13945	1886	1851	10.9433	1.30421
rna13946	1510	1475	6	0.897356
rna13947	647	612	0	0
rna13948	996	961	103	23.6439
rna13949	3365	3330	725	48.0285
rna13950	1136	1101	39	7.81417
rna13951	1053	1018	0	0
rna13952	1128	1093	947	191.133
rna13953	2048	2013	1022	111.999
rna13954	1585	1550	264	37.5732
rna13955	989	954	87	20.1176
rna13956	2741	2706	79.6232	6.49109
rna13959	124	89	0	0
rna13960	355	320	0	0
rna13958	2824	2789	213.934	16.9214
rna13957	2987	2952	690.443	51.5961
rna13961	4607	4572	1616.38	77.9908
rna13964	2961	2926	65.5058	4.93868
rna13969	3064	3029	8.75687	0.637757
rna13968	2718	2683	6.53191	0.537063
rna13967	3065	3030	61.1415	4.45143
rna13965	2950	2915	0.0638783	0.00483415
rna13966	3380	3345	0	0
rna13962	4830	4795	0	0
rna13963	4742	4707	523	24.5111
rna13970	8589	8554	1	0.0257891
rna13971	8825	8790	0	0
rna13972	3289	3254	15	1.0169
rna13974	3060	3025	0	0
rna13973	3451	3416	11	0.710363
rna13976	7337	7302	450.758	13.6178
rna13975	8192	8157	200.347	5.41825
rna13977	2716	2681	333.522	27.4431
rna13980	719	684	1	0.322515
rna13978	3013	2978	11.7708	0.871937
rna13979	2507	2472	92.7077	8.27319
rna13981	859	824	134	35.8743
rna13982	1242	1207	11792	2155.19
rna13983	10254	10219	0.100424	0.00216788
rna13984	10242	10207	262.846	5.68079
rna13985	10203	10168	469.118	10.1778
rna13986	10107	10072	1700.1	37.2361
rna13987	10197	10162	186.094	4.0398
rna13988	10251	10216	397.741	8.58866
rna13989	73	38	0.285714	1.65865
rna13990	73	38	0.285714	1.65865
rna13991	73	38	0.285714	1.65865
rna13992	2708	2673	12	0.990348
rna13994	7882	7847	22.2549	0.625645
rna13995	6826	6791	0	0
rna13996	7898	7863	2.00764	0.0563253
rna13997	7989	7954	2.51688e-006	6.98043e-008
rna13993	6266	6231	4.73742	0.167722
rna13998	4046	4011	18	0.989978
rna13999	4750	4715	78	3.64938
rna14000	4492	4457	0	0
rna14001	1854	1819	136.654	16.5727
rna14003	1788	1753	130.233	16.3887
rna14002	1811	1776	0.113504	0.0140985
rna14004	1974	1939	258	29.3527
rna14005	1967	1932	209	23.8641
rna14006	7974	7939	0.301981	0.00839111
rna14007	7967	7932	542.552	15.0891
rna14008	7955	7920	777.146	21.6463
rna14009	2955	2920	427	32.259
rna14011	886	851	161.227	41.7939
rna14010	983	948	9.7732	2.27423
rna14012	6502	6467	44.2103	1.50809
rna14013	6484	6449	1188.79	40.6648
rna14015	1609	1574	0	0
rna14014	1439	1404	65.8652	10.3489
rna14016	1649	1614	157.625	21.544
rna14017	958	923	151.846	36.2918
rna14018	1004	969	15.8186	3.60122
rna14019	1078	1043	30.845	6.52388
rna14020	1015	980	0	0
rna14021	3883	3848	229.629	13.1643
rna14023	2694	2659	354.491	29.4099
rna14022	3077	3042	47.8799	3.47216
rna14024	1372	1337	133	21.9445
rna14025	1693	1658	115.129	15.3182
rna14026	2554	2519	0	0
rna14029	2177	2142	0	0
rna14028	2347	2312	0	0
rna14027	2194	2159	27.1263	2.77168
rna14030	2154	2119	0	0
rna14031	2264	2229	266.745	26.3992
rna14032	4471	4436	155.082	7.71214
rna14033	4468	4433	0.101494	0.00505068
rna14034	4408	4373	437.817	22.0861
rna14035	4514	4479	0	0
rna14040	2631	2596	80.6826	6.85616
rna14039	2834	2799	44.6577	3.51965
rna14038	2852	2817	0	0
rna14036	2851	2816	35.3428	2.76869
rna14037	2863	2828	0	0
rna14041	1971	1936	127	14.4712
rna14042	5202	5167	547.859	23.3903
rna14043	5208	5173	1235.7	52.696
rna14044	5223	5188	41.5291	1.76587
rna14045	5229	5194	93.946	3.99008
rna14046	4568	4533	203.142	9.88596
rna14047	3925	3890	0	0
rna14048	3990	3955	61.9147	3.45345
rna14049	5871	5836	2344.66	88.628
rna14050	364	329	0	0
rna14051	6152	6117	674.985	24.3423
rna14052	2745	2710	0	0
rna14053	5931	5896	0.672527	0.0251627
rna14054	5951	5916	3.32848	0.124115
rna14055	5932	5897	878.982	32.8817
rna14056	5832	5797	0.0325998	0.00124056
rna14057	1355	1320	85	14.2053
rna14058	544	509	49	21.2365
rna14059	864	829	0	0
rna14060	847	812	306	83.1325
rna14064	2759	2724	1410.35	114.216
rna14063	2808	2773	56.592	4.50205
rna14062	2797	2762	218.054	17.4159
rna14061	2815	2780	5.15244e-008	4.08859e-009
rna14065	1860	1825	351.918	42.5387
rna14066	2000	1965	209.082	23.4725
rna14071	8120	8085	0.516657	0.014097
rna14072	8080	8045	180.737	4.95596
rna14067	8670	8635	73.0144	1.86531
rna14068	8565	8530	0.651512	0.0168492
rna14069	8562	8527	194.534	5.03275
rna14070	8661	8626	1587.32	40.5939
rna14073	1666	1631	231	31.2438
rna14074	2219	2184	1296	130.906
rna14076	5916	5881	694.32	26.0444
rna14075	5899	5864	415.68	15.6376
rna14077	1285	1250	199.233	35.1606
rna14078	1290	1255	13.2977	2.33743
rna14079	1301	1266	0	0
rna14080	1208	1173	512.47	96.3775
rna14081	4128	4093	2833	152.69
rna14082	741	706	237	74.0541
rna14084	1936	1901	18.9208	2.19565
rna14085	1941	1906	3.06525e-007	3.54772e-008
rna14086	1939	1904	120.247	13.932
rna14087	1944	1909	2.07159e-006	2.39389e-007
rna14083	2071	2036	28.8322	3.12396
rna14088	3771	3736	280.757	16.5779
rna14089	3742	3707	621.216	36.968
rna14090	3530	3495	72.0269	4.54625
rna14091	3500	3465	1.97357e-006	1.25648e-007
rna14093	3065	3030	0	0
rna14092	3551	3516	818	51.3228
rna14095	2716	2681	257.889	21.2198
rna14094	3106	3071	873.88	62.7737
rna14096	779	744	0	0
rna14097	804	769	18.2307	5.22977
rna14098	4000	3965	1633.96	90.9085
rna14099	804	769	0	0
rna14100	2164	2129	250	25.9042
rna14101	4019	3984	865.967	47.9499
rna14102	3998	3963	526.383	29.3011
rna14103	4007	3972	861.191	47.8295
rna14104	3986	3951	584.328	32.6253
rna14105	2987	2952	21.544	1.60996
rna14106	3144	3109	0	0
rna14107	2836	2801	1.43384	0.112926
rna14108	2880	2845	1.0567e-007	8.19358e-009
rna14109	2995	2960	2.83112e-007	2.10995e-008
rna14110	3059	3024	0	0
rna14111	3033	2998	0	0
rna14112	3072	3037	29.1524	2.11756
rna14113	3148	3113	0	0
rna14114	3162	3127	0	0
rna14116	8943	8908	385.247	9.54035
rna14115	7453	7418	1586.61	47.1834
rna14117	4229	4194	5.33783	0.280764
rna14118	759	724	1	0.304696
rna14121	2309	2274	126.608	12.2822
rna14120	2353	2318	414.862	39.4817
rna14119	2393	2358	183.53	17.1699
rna14122	2220	2185	7	0.706728
rna14123	916	881	263.082	65.875
rna14127	347	312	88	62.2205
rna14124	914	879	0	0
rna14125	883	848	7.41611	1.92924
rna14126	902	867	6.5019	1.65435
rna14128	717	682	344	111.27
rna14129	5085	5050	141.848	6.19639
rna14130	5106	5071	273.543	11.8998
rna14131	5127	5092	52.0706	2.25585
rna14132	5148	5113	100.621	4.34127
rna14133	4607	4572	215.917	10.418
rna14134	1167	1132	620	120.823
rna14135	1781	1746	125	15.7932
rna14136	1908	1873	363.171	42.774
rna14137	1857	1822	650.25	78.7295
rna14138	1809	1774	33.5789	4.1756
rna14139	894	859	187	48.0235
rna14140	3309	3274	101.576	6.84413
rna14141	3310	3275	469.525	31.6266
rna14142	3301	3266	111.899	7.55816
rna14143	1396	1361	0	0
rna14144	1398	1363	313	50.6587
rna14146	630	595	0	0
rna14145	627	592	131	48.8152
rna14147	1567	1532	471	67.8216
rna14148	72	37	0	0
rna14149	5916	5881	685.388	25.7093
rna14150	5906	5871	479.798	18.0282
rna14151	1500	1465	176	26.5021
rna14160	3754	3719	9.76189e-006	5.79046e-007
rna14161	3769	3734	0	0
rna14159	4036	4001	40.8743	2.25365
rna14158	3610	3575	731.075	45.112
rna14152	3703	3668	117.982	7.09564
rna14153	3691	3656	0	0
rna14154	3556	3521	0	0
rna14155	3679	3644	57.0687	3.45482
rna14156	3715	3680	0	0
rna14157	3718	3683	1.56204e-008	9.35613e-010
rna14162	1237	1202	282.611	51.8669
rna14163	1345	1310	36.3889	6.12778
rna14166	2872	2837	96.286	7.48703
rna14167	2787	2752	149.622	11.9937
rna14164	3933	3898	58.9222	3.33459
rna14165	3870	3835	767.17	44.1298
rna14168	1236	1201	151	27.7357
rna14169	3848	3813	1025.01	59.3019
rna14170	1058	1023	244	52.6162
rna14171	2000	1965	6	0.673588
rna14172	1666	1631	887.568	120.048
rna14173	1648	1613	8561.43	1170.89
rna14174	3168	3133	109.84	7.73406
rna14175	1882	1847	0.00856047	0.00102244
rna14176	1841	1806	61.8535	7.55531
rna14179	4431	4396	1793.5	90.0012
rna14180	2021	1986	100	11.1078
rna14177	1020	985	436.801	97.8257
rna14178	1126	1091	0	0
rna14181	915	880	192	48.1309
rna14182	7349	7314	5553.04	167.487
rna14183	8581	8546	233.306	6.02239
rna14184	3566	3531	455	28.4262
rna14186	2546	2511	2.34221	0.205771
rna14185	2541	2506	24.6578	2.17059
rna14189	1236	1201	79.0549	14.5208
rna14188	1588	1553	0	0
rna14187	1473	1438	84.9451	13.0312
rna14190	1769	1734	76	9.66875
rna14191	5996	5961	205.19	7.59353
rna14192	5960	5925	0	0
rna14193	6005	5970	533.81	19.725
rna14194	1302	1267	309	53.8006
rna14195	520	485	31	14.1002
gene6156	404	369	48	28.6959
rna14196	468	433	368	187.485
rna14197	2241	2206	150	15
rna14198	3195	3160	508	35.4636
rna14199	3890	3855	461.543	26.4115
rna14200	4953	4918	235.05	10.5433
rna14201	4421	4386	318.88	16.0385
rna14202	4192	4157	159.527	8.46565
rna14203	2085	2050	226.784	24.4042
rna14211	16838	16803	2518.51	33.0645
rna14210	16960	16925	15.9122	0.2074
rna14209	16829	16794	1286.67	16.9012
rna14208	17275	17240	12689.7	162.375
rna14206	17462	17427	77.1938	0.977159
rna14207	17489	17454	0.00021751	2.74909e-006
rna14204	17488	17453	503.452	6.36346
rna14205	17485	17450	493.399	6.23747
rna14212	3568	3533	43.451	2.71307
rna14214	3268	3233	8.48323	0.578844
rna14215	3118	3083	0	0
rna14213	2526	2491	5.0658	0.448622
rna14216	2371	2336	0	0
rna14217	2486	2451	0	0
rna14218	852	817	1	0.270012
rna14219	3325	3290	417	27.9606
rna14220	2489	2454	68	6.1128
rna14222	3860	3825	521.615	30.0832
rna14221	3974	3939	562.139	31.4821
rna14223	1846	1811	24.382	2.97
rna14224	2025	1990	0	0
rna14225	2325	2290	205.31	19.7779
rna14226	2180	2145	171.69	17.6572
rna14229	4278	4243	45.4607	2.36357
rna14228	3718	3683	159.539	9.5559
rna14227	3803	3768	0	0
rna14235	4189	4154	995.256	52.8535
rna14233	4316	4281	0.472812	0.024364
rna14234	4406	4371	0.00332893	0.000168008
rna14232	4336	4301	951.117	48.7832
rna14230	4328	4293	601.333	30.9001
rna14231	4418	4383	3.81816	0.192171
rna14236	5985	5950	1477.42	54.7761
rna14237	1165	1130	96	18.7412
rna14242	6598	6563	9223.38	310.023
rna14240	6923	6888	2217.68	71.0251
rna14241	6965	6930	806.912	25.6861
rna14238	6936	6901	0.0508791	0.00162642
rna14239	6978	6943	0.0195936	0.000622548
rna14243	5823	5788	0	0
rna14244	808	773	280	79.9069
rna14246	4068	4033	203.599	11.1366
rna14247	4210	4175	29.4014	1.55352
rna14245	4522	4487	0	0
rna14248	4705	4670	253.71	11.9847
rna14253	3852	3817	24.0038	1.38728
rna14249	4822	4787	0.000771129	3.5536e-005
rna14250	4702	4667	0.0633525	0.00299455
rna14251	4789	4754	4.21314	0.195503
rna14252	4669	4634	430.251	20.482
rna14254	5966	5931	498.757	18.551
rna14255	1569	1534	5.82951	0.838325
rna14256	1744	1709	4.87389	0.629129
rna14257	3528	3493	13	0.821014
rna14258	1304	1269	0	0
rna14259	1398	1363	0	0
rna14260	2870	2835	3	0.233439
rna14261	3241	3206	1	0.0688085
rna14262	1446	1411	0	0
rna14263	1207	1172	1	0.188225
rna14264	3753	3718	0	0
rna14265	2041	2006	3	0.32991
rna14266	4762	4727	363.413	16.9598
rna14267	4412	4377	0	0
rna14268	4402	4367	199.208	10.063
rna14269	4095	4060	617.792	33.5677
rna14270	2083	2048	54.4239	5.86226
rna14271	1920	1885	16.1312	1.88782
rna14272	1668	1633	445.445	60.1746
rna14273	784	749	585	172.298
rna14274	1053	1018	0	0
rna14275	2049	2014	11.1831	1.22492
rna14276	2408	2373	460.292	42.7899
rna14278	1427	1392	250.864	39.7562
rna14277	1469	1434	280.661	43.1756
rna14280	1059	1024	0	0
rna14279	992	957	285	65.6959
rna14281	8470	8435	865	22.6223
rna14282	2297	2262	117	11.4103
rna14283	1515	1480	223	33.2391
rna14284	703	668	2	0.660479
rna14285	1943	1908	0	0
rna14286	1369	1334	0	0
rna14287	1382	1347	0	0
rna14288	1366	1331	0	0
rna14289	2214	2179	9	0.911152
rna14290	602	567	1	0.389065
rna14291	1472	1437	20	3.07029
rna14292	2306	2271	12.0514	1.17064
rna14295	1813	1778	313.938	38.951
rna14294	1866	1831	188.042	22.6554
rna14293	1882	1847	46.9686	5.60978
rna14296	879	844	833	217.725
rna14298	784	749	180.793	53.2483
rna14297	668	633	636.207	221.718
rna14299	2115	2080	460	48.7866
rna14300	2022	1987	247.131	27.4369
rna14301	1970	1935	16.8694	1.9232
rna14302	9527	9492	1913	44.4593
rna14303	2016	1981	407	45.3227
rna14304	3683	3648	854.854	51.6943
rna14305	3391	3356	79.1138	5.20039
rna14306	3394	3359	8.03259	0.527535
rna14307	5948	5913	65.9794	2.46153
rna14308	6141	6106	1.95538	0.0706446
rna14309	6059	6024	208.016	7.61757
rna14310	5949	5914	389.938	14.5452
rna14311	5813	5778	704.112	26.8825
rna14312	1352	1317	137	22.9478
rna14315	5500	5465	228.622	9.22854
rna14314	5441	5406	0.070163	0.00286311
rna14313	5084	5049	1025.17	44.7917
rna14316	4370	4335	41.5467	2.11424
rna14319	4330	4295	0	0
rna14318	4337	4302	46.181	2.36809
rna14317	4193	4158	1670.66	88.6358
rna14320	459	424	62.1585	32.34
rna14321	374	339	20	13.0148
rna14322	1387	1352	2	0.326331
rna14323	1445	1410	0	0
rna14324	4637	4602	0	0
rna14325	4483	4448	0	0
rna14326	4285	4250	35.4621	1.84069
rna14327	4633	4598	0	0
rna14328	3435	3400	3.36808	0.218529
rna14329	3520	3485	209.509	13.2619
rna14330	3460	3425	166.797	10.7432
rna14331	2741	2706	239.864	19.5543
rna14332	2200	2165	250	25.4734
rna14334	808	773	3026.66	863.755
rna14333	930	895	7.33607	1.8082
rna14338	5336	5301	795.829	33.1183
rna14337	5666	5631	3262.08	127.795
rna14336	5688	5653	3961.02	154.573
rna14335	5666	5631	284.11	11.1303
rna14340	3369	3334	102.884	6.80747
rna14339	3426	3391	28.9645	1.88427
rna14341	1764	1729	8.11425	1.03528
rna14342	2184	2149	0	0
rna14343	2355	2320	13.319	1.26645
rna14347	7116	7081	139	4.33038
rna14345	1945	1910	0	0
rna14344	5245	5210	475.653	20.1399
rna14346	3750	3715	3.67755	0.218376
rna14354	9046	9011	0	0
rna14353	9092	9057	82.3475	2.00573
rna14352	9168	9133	0	0
rna14351	7737	7702	781.666	22.3884
rna14348	8753	8718	4306.03	108.96
rna14349	8873	8838	1.68933e-006	4.21663e-008
rna14350	8881	8846	103.571	2.58283
rna14355	3015	2980	5.5353	0.409761
rna14356	2487	2452	146.253	13.158
rna14357	6732	6697	2732.92	90.0228
rna14358	2198	2163	392	39.9793
rna14359	5647	5612	70.3871	2.76682
rna14360	4909	4874	104.986	4.75174
rna14361	5084	5049	95.0568	4.15321
rna14362	5235	5200	451.685	19.1619
rna14363	5166	5131	164.691	7.08067
rna14364	4716	4681	177.824	8.38025
rna14365	3487	3452	364.37	23.2851
rna14366	2277	2242	201.004	19.7776
rna14367	1476	1441	601.996	92.1585
rna14368	2262	2227	94	9.31136
rna14369	1182	1147	0	0
rna14370	1077	1042	212	44.8822
rna14373	1863	1828	1613.44	194.708
rna14371	2425	2390	0	0
rna14372	2822	2787	874.558	69.2241
rna14376	1174	1139	154.813	29.984
rna14375	1249	1214	16.1867	2.94133
rna14374	1296	1261	0	0
rna14377	763	728	89	26.969
rna14378	3694	3659	4397	265.094
rna14379	1224	1189	1052	195.182
rna14380	967	932	1	0.236695
rna14381	884	849	0	0
rna14382	1312	1277	38	6.56445
rna14383	1618	1583	12.0402	1.67787
rna14384	1778	1743	11.9598	1.51367
rna14385	1932	1897	84	9.76827
rna14386	3354	3319	854	56.7618
rna14389	5991	5956	222.284	8.23301
rna14388	12251	12216	91.6223	1.65454
rna14387	12231	12196	0.0940194	0.00170061
rna14390	1723	1688	19.3511	2.52894
rna14391	1657	1622	74.7447	10.1656
rna14393	649	614	13	4.67069
rna14392	2992	2957	10.9043	0.81349
rna14394	1747	1712	174	22.4208
rna14395	1361	1326	66.7439	11.1039
rna14396	1363	1328	11.2561	1.8698
rna14397	1340	1305	5	0.845211
rna14398	5716	5681	49.8864	1.93715
rna14399	5884	5849	5.87944e-008	2.21748e-009
rna14400	5214	5179	153.694	6.54662
rna14401	10412	10377	254.435	5.40893
rna14404	1711	1676	5.32909	0.701431
rna14405	453	418	3.67091	1.93733
rna14402	9647	9612	42.3524	0.972008
rna14403	9625	9590	634.097	14.5862
rna14407	4518	4483	37.2645	1.83372
rna14411	2957	2922	21.2165	1.60176
rna14410	3528	3493	0	0
rna14409	4257	4222	84.519	4.41613
rna14408	3926	3891	0	0
rna14412	1140	1105	2	0.399276
rna14413	6751	6716	0	0
rna14414	7128	7093	0.000106171	3.30204e-006
rna14415	7052	7017	35.5873	1.11879
rna14416	4519	4484	4.41261	0.217088
rna14417	3963	3928	0	0
rna14418	1724	1689	3	0.39183
rna14419	3604	3569	429	26.5165
rna14420	2528	2493	178.974	15.837
rna14421	4644	4609	3.39384	0.162439
rna14422	4605	4570	423.047	20.4211
rna14423	4659	4624	687.585	32.803
rna14424	4539	4504	541.195	26.507
rna14426	1700	1665	49.3293	6.53577
rna14425	4170	4135	1.17692e-007	6.27878e-009
rna14427	1631	1596	15.3707	2.12455
rna14428	4324	4289	0	0
rna14429	4228	4193	0	0
rna14430	4261	4226	2.03421e-005	1.06187e-006
rna14431	4249	4214	267.065	13.9807
rna14432	4140	4105	410.789	22.0755
rna14433	4250	4215	76.3628	3.99659
rna14434	7511	7476	618.335	18.2457
rna14435	3079	3044	93.6254	6.78507
rna14436	3941	3906	42.5047	2.40055
rna14437	2077	2042	3.65267	0.394603
rna14438	339	304	0	0
rna14439	751	716	90	27.7291
rna14440	1428	1393	152	24.0712
rna14441	6704	6669	1485	49.1215
rna14442	514	479	492	226.587
rna14443	804	769	2994	858.877
rna14444	799	764	310	89.5105
rna14445	1704	1669	8	1.0574
rna14447	1625	1590	445.338	61.7872
rna14446	1644	1609	43.6616	5.98617
rna14448	2094	2059	1046.7	112.143
rna14449	2370	2335	0	0
rna14450	2347	2312	76.4363	7.29319
rna14451	2295	2260	124.862	12.1879
rna14452	2229	2194	0	0
rna14453	2354	2319	0	0
rna14454	2171	2136	0	0
rna14455	4672	4637	679.56	32.3293
rna14456	3280	3245	364.44	24.7752
rna14457	76	41	6	32.2829
rna14458	21	22	0	0
rna14466	2247	2212	82.9214	8.26965
rna14464	4308	4273	221.332	11.4266
rna14465	4368	4333	0	0
rna14462	4360	4325	85.7001	4.3712
rna14463	4378	4343	0	0
rna14461	2162	2127	69.2586	7.1831
rna14459	2169	2134	0.906064	0.0936634
rna14460	2256	2221	27.882	2.76937
rna14467	1427	1392	7.98046e-008	1.26472e-008
rna14469	1022	987	2.72547	0.609159
rna14468	1402	1367	157.525	25.4206
rna14471	5052	5017	367.917	16.1775
rna14470	5011	4976	301.386	13.3613
rna14472	4251	4216	16.8107	0.879613
rna14473	1350	1315	1	0.167757
rna14474	1149	1114	4	0.792101
rna14485	7053	7018	49.7614	1.56417
rna14486	7166	7131	3.96841e-006	1.22764e-007
rna14487	7064	7029	97.2763	3.05295
rna14476	7653	7618	0	0
rna14477	7484	7449	0	0
rna14478	7645	7610	15.1525	0.439243
rna14479	7476	7441	0	0
rna14480	6980	6945	17.3554	0.551276
rna14481	5851	5816	0	0
rna14482	7449	7414	0	0
rna14483	7504	7469	0	0
rna14484	7551	7516	0	0
rna14475	6689	6654	5.4781	0.181615
rna14488	7261	7226	0	0
rna14489	1492	1457	14	2.1197
rna14492	2671	2636	44.2007	3.69904
rna14491	2031	1996	56.6842	6.2648
rna14490	1807	1772	1102.28	137.226
rna14493	941	906	43.8307	10.6723
rna14494	1093	1058	396.53	82.6792
rna14495	652	617	424.47	151.763
rna14500	1472	1437	103.032	15.8169
rna14499	1505	1470	5.19344e-007	7.7937e-008
rna14498	1560	1525	0	0
rna14496	1494	1459	116.968	17.6854
rna14497	1539	1504	0	0
rna14501	2666	2631	141	11.8224
rna14502	5341	5306	1405.29	58.4257
rna14503	5398	5363	94.0967	3.87054
rna14504	363	328	0	0
rna14516	4263	4228	0	0
rna14515	4912	4877	121.539	5.49754
rna14514	4718	4683	76.3994	3.59892
rna14512	4843	4808	74.3099	3.40948
rna14513	4850	4815	13.3307	0.610747
rna14511	6754	6719	25.1566	0.825949
rna14510	4534	4499	0	0
rna14509	5079	5044	131.267	5.741
rna14507	5969	5934	164.733	6.12405
rna14508	5856	5821	0	0
rna14505	4996	4961	6.2333	0.277175
rna14506	5174	5139	348.249	14.9492
rna14517	1465	1430	6	0.925595
rna14518	2411	2376	104.429	9.69576
rna14524	4152	4117	0.030338	0.00162559
rna14523	4223	4188	0	0
rna14522	4334	4299	0.00227044	0.000116506
rna14521	4472	4437	44.7161	2.22321
rna14520	4631	4596	0	0
rna14519	4460	4425	355.989	17.7472
rna14525	2390	2355	370	34.659
rna14527	4815	4780	158.372	7.30897
rna14528	4770	4735	110.876	5.16565
rna14526	4765	4730	112.936	5.26714
rna14529	1015	980	0	0
rna14530	1059	1024	47.0952	10.1457
rna14534	8054	8019	75.1787	2.06814
rna14532	1535	1500	0.00276994	0.000407366
rna14531	2303	2268	129.936	12.6384
rna14533	1449	1414	142.317	22.203
rna14535	6638	6603	374	12.495
rna14536	1226	1191	70	12.9656
rna14537	824	789	113	31.5942
rna14538	769	734	3.88826e-005	1.1686e-005
rna14541	3268	3233	9.24235	0.630641
rna14542	3019	2984	102.839	7.60268
rna14539	3644	3609	28.8541	1.76371
rna14540	3395	3360	252.073	16.5498
rna14544	1409	1374	0	0
rna14545	1487	1452	0	0
rna14543	1596	1561	48.9912	6.92342
rna14546	1303	1268	216.144	37.6037
rna14547	1201	1166	204.856	38.7574
rna14548	1461	1426	304	47.0283
rna14549	14528	14493	2538.9	38.645
rna14550	14543	14508	2839.1	43.1697
rna14551	562	527	42.5398	17.807
rna14552	564	529	0.48527	0.202364
rna14554	447	412	21.8382	11.693
rna14553	490	455	9.13672	4.4298
rna14555	2591	2556	156	13.4639
rna14556	2375	2340	38	3.58239
rna14557	4509	4474	51.2872	2.52882
rna14558	4514	4479	13.7128	0.675384
rna14559	820	785	5	1.4051
rna14560	5537	5502	82.5672	3.31049
rna14561	5585	5550	115.433	4.5882
rna14562	1501	1466	42	6.32006
rna14563	515	480	0	0
rna14564	479	444	6	2.98108
rna14568	2057	2022	242.757	26.4847
rna14567	2144	2109	6.52212	0.68221
rna14566	2263	2228	18.7213	1.85365
rna14565	2094	2059	1.21497e-007	1.30171e-008
rna14571	1887	1852	0	0
rna14569	2199	2164	0	0
rna14570	2193	2158	465	47.5343
rna14576	3702	3667	517.35	31.1228
rna14573	4038	4003	15.0789	0.830977
rna14574	3999	3964	181.136	10.0804
rna14575	3984	3949	0	0
rna14572	4058	4023	0	0
rna14577	3871	3836	300.916	17.305
rna14578	1174	1139	239.52	46.3898
rna14579	3357	3322	57.744	3.83454
rna14582	3103	3068	89.256	6.41782
rna14580	3544	3509	3.88235e-005	2.44072e-006
rna14581	3493	3458	0	0
rna14583	829	794	923.337	256.534
rna14584	1059	1024	57.6627	12.4223
rna14585	1909	1874	62.6494	7.37484
rna14587	2000	1965	0	0
rna14588	1943	1908	83.2596	9.62634
rna14589	1886	1851	0	0
rna14586	2012	1977	20.1161	2.24462
rna14591	1461	1426	29.7449	4.6015
rna14592	1497	1462	261.255	39.4206
rna14590	1860	1825	238.975	28.8865
rna14593	1230	1195	447	82.5173
rna14594	1876	1841	395	47.3314
rna14597	1378	1343	0	0
rna14596	1208	1173	362	68.0795
rna14595	1253	1218	0	0
rna14598	1282	1247	6.52204	1.15378
rna14599	1360	1325	0	0
rna14602	1271	1236	0	0
rna14603	1189	1154	0	0
rna14600	1555	1520	188.38	27.3399
rna14601	1487	1452	0	0
rna14604	1179	1144	135.098	26.0513
rna14605	1572	1537	8	1.14821
rna14606	643	608	197	71.4773
rna14607	686	651	303	102.676
rna14608	4159	4124	1073.88	57.444
rna14611	4266	4231	0	0
rna14612	4188	4153	0	0
rna14610	4201	4166	0	0
rna14609	4410	4375	88.1161	4.44307
rna14613	963	928	131	31.1407
rna14618	9738	9703	1821.62	41.415
rna14614	10301	10266	0	0
rna14615	10238	10203	3.60962e-005	7.80439e-007
rna14616	10196	10161	1536.16	33.3507
rna14617	10124	10089	0.652273	0.0142622
rna14619	9772	9737	322.572	7.30815
rna14620	1095	1060	12	2.49736
rna14621	492	457	9	4.34442
rna14622	676	641	0	0
rna14623	4021	3986	333.724	18.4696
rna14626	923	888	10.5379	2.61786
rna14625	1276	1241	0	0
rna14624	1164	1129	22.5516	4.40645
rna14627	2366	2331	218.186	20.6486
rna14628	4356	4321	47.481	2.42405
rna14629	4019	3984	0	0
rna14630	4332	4297	256.519	13.1692
rna14631	2678	2643	145.264	12.1245
rna14632	1918	1883	0	0
rna14633	2046	2011	410	44.9756
rna14634	3079	3044	794	57.5415
rna14635	717	682	339.051	109.669
rna14636	838	803	212.014	58.2443
rna14637	253	218	6.93575	7.01847
rna14638	1112	1077	366	74.9672
rna14639	1791	1756	24	3.01504
rna14642	1989	1954	439.113	49.5744
rna14640	2503	2468	268.887	24.0342
rna14641	2549	2514	0	0
rna14644	1112	1077	13.1494	2.69337
rna14645	1115	1080	0.492261	0.100549
rna14643	1747	1712	32.3584	4.16954
rna14646	4754	4719	99.2491	4.63962
rna14651	5298	5263	107.929	4.52386
rna14649	5311	5276	5.8586	0.24496
rna14650	5368	5333	1.80429e-005	7.46347e-007
rna14647	5398	5363	2.39408e-008	9.84774e-010
rna14648	5407	5372	0	0
rna14652	5346	5311	3.02252	0.125545
rna14653	5152	5117	64.941	2.79969
rna14654	5212	5177	0	0
rna14655	5317	5282	0	0
rna14657	1318	1283	108.373	18.6338
rna14656	951	916	309.627	74.5673
rna14658	1543	1508	116	16.9692
rna14661	1618	1583	19.2994	2.68948
rna14660	1576	1541	73.0286	10.4543
rna14659	1741	1706	403.672	52.1982
rna14662	1082	1047	284	59.838
rna14663	5346	5311	2224.41	92.3941
rna14664	1708	1673	332	43.7772
rna14665	2187	2152	214	21.937
rna14666	4645	4610	377	18.0404
rna14667	2549	2514	137	12.0216
rna14668	1070	1035	272	57.9741
rna14669	2260	2225	65.0695	6.45138
rna14670	2266	2231	132.585	13.1099
rna14671	2207	2172	0	0
rna14672	1953	1918	64.8482	7.45856
rna14673	1910	1875	116.074	13.6565
rna14675	95	60	0	0
rna14676	23	24	0	0
rna14674	3095	3060	183.424	13.2233
rna14677	853	818	991	267.255
rna14678	2294	2259	508.831	49.6893
rna14679	1659	1624	101.297	13.76
rna14680	1625	1590	19.6471	2.72588
rna14682	1665	1630	0	0
rna14683	1608	1573	223.27	31.3118
rna14681	1367	1332	3.53139	0.584853
rna14684	1676	1641	12.4386	1.67212
rna14685	1570	1535	8.69392e-008	1.24943e-008
rna14687	2433	2398	336.021	30.9117
rna14686	2431	2396	49.9632	4.60012
rna14688	1666	1631	0	0
rna14689	1615	1580	54.1529	7.56084
rna14690	1586	1551	38.6609	5.49878
rna14691	1600	1565	110.186	15.5317
rna14692	1377	1342	1478	242.956
rna14694	1437	1402	0	0
rna14695	1620	1585	82.7325	11.5147
rna14693	1640	1605	361.267	49.6546
rna14696	1962	1927	2.26436e-005	2.5922e-006
rna14699	2453	2418	0	0
rna14700	2615	2580	57	4.87372
rna14697	2000	1965	29.7727	3.34243
rna14698	1934	1899	728.227	84.5956
rna14701	3854	3819	409	23.6254
rna14702	2665	2630	0	0
rna14703	2539	2504	1153.5	101.622
rna14704	2500	2465	918.498	82.1991
rna14708	2206	2171	297.191	30.1982
rna14707	2175	2140	0	0
rna14706	2222	2187	242.699	24.4808
rna14705	2384	2349	0	0
rna14709	2174	2139	93.1098	9.60263
rna14710	649	614	347	124.671
rna14711	1084	1049	258	54.2563
rna14712	4503	4468	114	5.62856
rna14713	1394	1359	18	2.92186
rna14714	1024	989	8045	1794.47
rna14715	568	533	138	57.116
rna14716	1007	972	445	100.995
rna14717	2376	2341	512	48.2474
rna14718	2158	2123	1218.7	126.634
rna14719	1443	1408	284.134	44.517
rna14720	1126	1091	125	25.275
rna14721	1169	1134	514	99.9898
rna14722	1429	1394	81.2555	12.8587
rna14723	1321	1286	277.201	47.551
rna14724	2844	2809	481.543	37.8172
rna14725	1483	1448	0	0
rna14726	999	964	600	137.303
rna14727	3151	3116	793.988	56.2111
rna14728	3091	3056	0.000939243	6.78001e-005
rna14729	2225	2190	130.011	13.0961
rna14730	1391	1356	1	0.162684
rna14733	983	948	0	0
rna14732	918	883	2	0.49966
rna14731	954	919	0	0
rna14739	1333	1298	0	0
rna14738	1396	1361	15.223	2.46745
rna14737	1345	1310	238.777	40.2093
rna14736	1457	1422	0	0
rna14734	1378	1343	0	0
rna14735	1381	1346	0	0
rna14740	884	849	1248.01	324.277
rna14741	1195	1160	81.925	15.5799
rna14742	1495	1460	376.063	56.8216
rna14743	2541	2506	1976	173.945
rna14744	2229	2194	187	18.8023
rna14745	1521	1486	136	20.1895
rna14746	5122	5087	1599	69.3414
rna14747	6112	6077	297	10.7813
rna14748	1096	1061	502	104.374
rna14749	1096	1061	50	10.3959
rna14750	2067	2032	253	27.4664
rna14751	799	764	532	153.612
rna14752	2903	2868	1135.34	87.3274
rna14756	2699	2664	642.916	53.2385
rna14755	2576	2541	51.1323	4.43911
rna14754	2501	2466	0	0
rna14753	2614	2579	406.603	34.7797
rna14757	3150	3115	279.736	19.8105
rna14758	3222	3187	44.2639	3.06389
rna14759	1534	1499	157	23.1049
rna14760	1391	1356	0	0
rna14761	1388	1353	13.3167	2.17123
rna14762	1324	1289	205.683	35.2006
rna14763	1358	1323	0	0
rna14764	1338	1303	0.000592295	0.000100277
rna14765	1152	1117	664.433	131.221
rna14766	1134	1099	758.567	152.266
rna14767	1514	1479	513	76.5165
rna14768	1314	1279	2136.44	368.49
rna14769	1219	1184	7338.56	1367.3
rna14770	1579	1544	242	34.5759
rna14771	1113	1078	179.893	36.8131
rna14772	1215	1180	68.1066	12.7325
rna14773	1166	1131	1.34904e-008	2.63129e-009
rna14777	2151	2116	365.209	38.0742
rna14776	2271	2236	175.791	17.3433
rna14775	2375	2340	0	0
rna14774	2318	2283	0	0
rna14778	1719	1684	1085.51	142.2
rna14779	1454	1419	985.385	153.189
rna14780	887	852	422.101	109.291
rna14781	2752	2717	136.556	11.0873
rna14782	2869	2834	48.4444	3.77094
rna14783	1486	1451	3530	536.677
rna14785	2416	2381	0.170806	0.0158252
rna14784	2397	2362	2196.83	205.174
rna14786	417	382	2394	1382.5
rna14787	1723	1688	323	42.212
rna14788	584	549	50	20.0911
rna14790	3288	3253	751.98	50.995
rna14791	3356	3321	0.453145	0.0301005
rna14789	3354	3319	189.567	12.5997
rna14792	7633	7598	63.7812	1.85182
rna14793	7676	7641	189.182	5.46179
rna14802	6933	6898	0	0
rna14799	6877	6842	0	0
rna14800	6931	6896	0	0
rna14801	6921	6886	0	0
rna14797	6788	6753	4.61551	0.150775
rna14798	6911	6876	4.46406	0.143219
rna14796	6503	6468	16.3861	0.558872
rna14794	7387	7352	94.4773	2.83483
rna14795	7564	7529	60.7164	1.77899
rna14803	6236	6201	255.547	9.09105
rna14804	5323	5288	17.347	0.723668
rna14805	6660	6625	129.348	4.30703
rna14807	6939	6904	0	0
rna14808	7022	6987	188.601	5.95468
rna14806	6949	6914	31.5353	1.00617
rna14810	4966	4931	0	0
rna14809	4972	4937	0	0
rna14811	4933	4898	0	0
rna14812	1430	1395	4	0.632545
rna14813	411	376	0	0
rna14814	1997	1962	640	71.9592
rna14815	2071	2036	0	0
rna14816	824	789	296	82.76
rna14817	2921	2886	463	35.3908
rna14818	1352	1317	5.90704	0.98944
rna14819	1751	1716	6.09296	0.78328
rna14821	1028	993	0	0
rna14820	1246	1211	0	0
rna14823	984	949	0	0
rna14822	1201	1166	0	0
rna14824	1125	1090	3	0.607156
rna14825	1290	1255	0	0
rna14826	3613	3578	136	8.38502
rna14827	985	950	4	0.928842
rna14828	3122	3087	302	21.5812
rna14829	2292	2257	531	51.9001
rna14830	2829	2794	338	26.6868
rna14832	1357	1322	5	0.834342
rna14831	1377	1342	9.94483e-008	1.63475e-008
rna14833	2077	2042	410	44.2929
rna14836	2926	2891	154.853	11.8162
rna14835	3317	3282	169.147	11.3692
rna14834	3482	3447	0	0
rna14841	2486	2451	15.5808	1.40233
rna14840	2522	2487	0	0
rna14839	2386	2351	328.185	30.7944
rna14837	2502	2467	14.2347	1.27287
rna14838	2519	2484	0	0
rna14842	2136	2101	315	33.0743
rna14843	884	849	10.7335	2.78895
rna14844	4727	4692	57.1102	2.68511
rna14845	4614	4579	77.3346	3.72571
rna14846	4563	4528	4.83347e-005	2.35483e-006
rna14847	4554	4519	868.624	42.4029
rna14848	4489	4454	723.698	35.8437
rna14849	3701	3666	653.266	39.31
rna14850	3750	3715	1023.23	60.7606
rna14851	1936	1901	33	3.82946
rna14852	3856	3821	168	9.69924
rna14853	1614	1579	205	28.6403
rna14861	6365	6330	2.52348e-008	8.79431e-010
rna14860	6251	6216	52.879	1.87663
rna14859	6635	6600	6.93608e-008	2.31833e-009
rna14858	6576	6541	422.612	14.2529
rna14857	6378	6343	4.7501e-008	1.65201e-009
rna14856	6406	6371	0	0
rna14855	5577	5542	572.026	22.7696
rna14854	6767	6732	0	0
rna14862	5010	4975	10.6473	0.472117
rna14863	5091	5056	230.321	10.0492
rna14864	5020	4985	0.0277762	0.00122918
rna14865	5054	5019	11.6512	0.512106
rna14866	6395	6360	508	17.6203
rna14867	1461	1426	798	123.449
rna14870	705	670	259.053	85.2941
rna14868	817	782	40.9473	11.5511
rna14869	855	820	0	0
rna14871	937	902	320	78.2617
rna14872	1048	1013	310.895	67.7032
rna14873	1801	1766	64.0965	8.00662
rna14874	1791	1756	0	0
rna14875	1801	1766	21.7044	2.71121
rna14879	1538	1503	116.717	17.1309
rna14876	1803	1768	67.0996	8.37227
rna14877	1817	1782	17.7315	2.19505
rna14878	1799	1764	0	0
rna14880	592	557	607.756	240.702
rna14882	1080	1045	0	0
rna14881	1179	1144	28	5.3993
rna14883	800	765	114	32.8737
rna14884	972	937	510	120.07
rna14885	1248	1213	25.4087	4.6209
rna14886	1249	1214	9.60105	1.74464
rna14887	1075	1040	17.9903	3.81602
rna14888	2875	2840	88.3297	6.86111
rna14889	2584	2549	40.6703	3.51976
rna14890	3032	2997	351	25.836
rna14891	2903	2868	0	0
rna14892	15027	14992	1052.63	15.4889
rna14893	14557	14522	3817.37	57.9887
rna14895	3082	3047	19.2978	1.39714
rna14894	3233	3198	13.7022	0.945185
rna14896	3900	3865	48.1216	2.7466
rna14897	4034	3999	3.30512	0.182323
rna14898	3848	3813	35.2493	2.03934
rna14899	3981	3946	164.133	9.17581
rna14900	3795	3760	0.000116061	6.80934e-006
rna14901	3694	3659	79.145	4.77163
rna14902	3497	3462	601.789	38.3463
rna14903	3681	3646	77.2567	4.67439
rna14904	652	617	2	0.715073
gene6464	1228	1193	1	0.184912
rna14906	1804	1769	9.26004	1.15476
rna14905	2277	2242	4.73996	0.466385
rna14907	437	402	0	0
rna14908	2229	2194	0	0
rna14909	2168	2133	429.87	44.4582
rna14912	1226	1191	202.721	37.5485
rna14911	1324	1289	12.4091	2.12371
rna14910	1219	1184	0	0
rna14913	2043	2008	16	1.75777
rna14916	4550	4515	0.145941	0.00713056
rna14917	4481	4446	27.1414	1.34669
rna14914	9322	9287	0.031696	0.000752895
rna14915	9253	9218	550.216	13.1675
rna14918	9132	9097	0.0967945	0.00234724
rna14919	9059	9024	1.34309e-005	3.2833e-007
rna14920	8456	8421	205.39	5.38049
rna14921	9063	9028	2038.32	49.8065
rna14922	9072	9037	633.119	15.4549
rna14923	5766	5731	19	0.731356
rna14924	755	720	2521.89	772.678
rna14925	767	732	141.113	42.5266
rna14926	4009	3974	678	37.6363
rna14927	2350	2315	325	30.9698
rna14928	1514	1479	462	68.9096
rna14929	821	786	278	78.0239
rna14930	1996	1961	13	1.46242
rna14931	2390	2355	0	0
rna14932	2937	2902	207.295	15.7579
rna14946	3262	3227	0.28532	0.0195047
rna14943	3349	3314	1.45119e-007	9.65998e-009
rna14944	3353	3318	1.844e-006	1.226e-007
rna14945	3354	3319	40.1921	2.6714
rna14942	3359	3324	332.805	22.0869
rna14941	3212	3177	69.9056	4.854
rna14940	3261	3226	26.0414	1.78076
rna14939	3330	3295	0.585844	0.0392223
rna14938	3442	3407	136.416	8.8328
rna14934	4652	4617	112.73	5.38622
rna14935	4728	4693	0	0
rna14936	4642	4607	19.5321	0.935269
rna14937	4732	4697	0	0
rna14947	4161	4126	235.507	12.5916
rna14933	2792	2757	919.705	73.5898
rna14948	1380	1345	336	55.109
rna14949	4116	4081	1541.44	83.323
rna14950	2324	2289	103.562	9.98073
rna14952	675	640	220.591	76.0349
rna14951	1041	1006	20.7275	4.54521
rna14953	1847	1812	13.6819	1.66569
rna14954	2889	2854	294.837	22.7894
rna14955	2777	2742	101.363	8.15489
rna14956	2739	2704	0.000171629	1.4002e-005
rna14957	2734	2699	134.608	11.0021
rna14958	2662	2627	31.3974	2.63657
rna14959	2585	2550	0	0
rna14960	2431	2396	1810.79	166.72
rna14961	840	805	16	4.3846
rna14962	1419	1384	70	11.1575
rna14963	1143	1108	0	0
rna14964	3785	3750	541.948	31.881
rna14965	3669	3634	85.8443	5.21113
rna14966	3081	3046	54.4414	3.9428
rna14967	2958	2923	847.468	63.9588
rna14968	2732	2697	682.355	55.813
rna14969	994	959	13.9971	3.21976
rna14970	910	875	99.0029	24.9601
rna14971	82	47	0.4	1.87745
rna14972	6929	6894	107.678	3.44557
rna14973	6925	6890	0.00111342	3.56489e-005
rna14974	6919	6884	0.00311532	9.98315e-005
rna14975	5611	5576	379.129	14.9992
rna14976	4326	4291	0	0
rna14977	4556	4521	31.6154	1.54266
rna14979	5825	5790	42.8064	1.63093
rna14978	3984	3949	429.708	24.0045
rna14980	2192	2157	0	0
rna14981	5080	5045	146.384	6.40084
rna14982	5071	5036	640.219	28.0446
rna14983	4845	4810	1.04367e-006	4.78654e-008
rna14984	819	784	7	1.96964
rna14986	3021	2986	0	0
rna14985	3271	3236	25	1.70427
rna14987	3084	3049	41.9458	3.03484
rna14988	2992	2957	0.115527	0.0086186
rna14989	3254	3219	18.9387	1.29788
rna14990	1831	1796	5	0.614143
rna14991	3683	3648	37.4036	2.26185
rna14992	3648	3613	0	0
rna14993	3569	3534	43.5964	2.72139
rna14994	4204	4169	0.0156962	0.000830553
rna14995	4212	4177	409.072	21.6043
rna14996	3630	3595	126.912	7.78771
rna15002	4224	4189	6.83125	0.359746
rna15000	2937	2902	0	0
rna15001	3929	3894	69.9175	3.96091
rna14999	3797	3762	107.232	6.288
rna14998	3255	3220	99.8742	6.84231
rna14997	2570	2535	40.9677	3.56508
rna15003	663	628	10.1814	3.57648
rna15004	3195	3160	114.016	7.95945
rna15005	2436	2401	290	26.6447
rna15006	1979	1944	266	30.185
rna15007	936	901	0	0
rna15008	914	879	27	6.77611
rna15012	3806	3771	0.00108854	6.36786e-005
rna15010	3645	3610	86.8843	5.30933
rna15011	3741	3706	5.26747e-008	3.13547e-009
rna15009	3646	3611	691.115	42.221
rna15013	710	675	79	25.8184
rna15014	1843	1808	224	27.331
rna15015	1313	1278	102	17.6066
rna15016	2546	2511	216	18.9763
rna15018	4500	4465	171.735	8.48483
rna15019	4536	4501	298.265	14.6184
rna15020	4515	4480	4.31801e-007	2.12624e-008
rna15017	4552	4517	6.8459e-007	3.34338e-008
rna15021	553	518	812	345.806
rna15022	1505	1470	342	51.3233
rna15023	4018	3983	679	37.6067
rna15024	2332	2297	100.153	9.61853
rna15025	2641	2606	701.847	59.4119
rna15026	2295	2260	308	30.0641
rna15027	2828	2793	552.89	43.669
rna15028	2106	2071	533.11	56.7861
rna15029	2245	2210	11.6838	1.16627
rna15030	2242	2207	58.1172	5.80909
rna15031	1964	1929	102.199	11.6875
rna15032	1665	1630	84.2306	11.3996
rna15033	1686	1651	318.769	42.5927
rna15037	3633	3598	137.432	8.42621
rna15035	3646	3611	583.044	35.6188
rna15036	3682	3647	29.2038	1.76648
rna15034	3695	3660	124.32	7.49316
rna15038	612	577	82	31.3504
rna15048	3073	3038	0	0
rna15046	3047	3012	0	0
rna15047	3069	3034	1.72861e-008	1.25686e-009
rna15045	3125	3090	0	0
rna15040	3122	3087	102.271	7.30836
rna15041	3032	2997	202.318	14.892
rna15042	3128	3093	18.4567	1.31637
rna15043	3026	2991	49.4788	3.64929
rna15044	3149	3114	0	0
rna15039	3117	3082	20.476	1.46561
rna15050	854	819	2	0.538706
rna15049	784	749	0	0
rna15051	4166	4131	37.8656	2.02206
rna15052	3083	3048	3.7107	0.268563
rna15053	1971	1936	141.424	16.1147
rna15054	2960	2925	16.9763	1.28033
rna15055	1528	1493	46.9792	6.94148
rna15056	5236	5201	25.553	1.08383
rna15057	6142	6107	42.6384	1.54021
rna15058	6185	6150	18.7241	0.671634
rna15059	6056	6021	161.08	5.90173
rna15060	5289	5254	11.2944	0.474221
rna15061	5150	5115	111.725	4.8185
rna15062	637	602	8	2.93156
rna15063	1045	1010	3.71951	0.812399
rna15065	920	885	0	0
rna15064	1009	974	41.2805	9.34957
rna15066	3073	3038	324	23.5268
rna15067	1137	1102	412	82.4748
rna15074	4128	4093	265.185	14.2927
rna15069	4252	4217	241.64	12.6407
rna15070	4288	4253	6.48821	0.336539
rna15071	4153	4118	0	0
rna15072	4261	4226	0	0
rna15073	4189	4154	521.687	27.7044
rna15068	4298	4263	0	0
rna15075	2349	2314	267.858	25.5357
rna15076	2466	2431	174.142	15.8024
rna15077	1667	1632	235	31.7653
rna15078	1182	1147	269	51.7362
rna15087	9938	9903	6267.1	139.606
rna15086	10137	10102	9.21881	0.201314
rna15085	10141	10106	316.287	6.9041
rna15084	10354	10319	477.467	10.2073
rna15083	10430	10395	3.99389	0.0847573
rna15082	10426	10391	215.094	4.56642
rna15081	10453	10418	0.000275215	5.82765e-006
rna15079	10589	10554	255.838	5.34754
rna15080	10670	10635	0	0
rna15088	2051	2016	0	0
rna15089	1973	1938	19.4937	2.21894
rna15090	1979	1944	0.506309	0.0574547
rna15091	1309	1274	560	96.9671
rna15092	1705	1670	198	26.155
rna15093	1285	1250	48	8.47104
rna15096	1275	1240	0	0
rna15095	1368	1333	0	0
rna15094	1227	1192	4	0.740269
rna15099	3819	3784	588.018	34.2804
rna15098	2728	2693	778.199	63.747
rna15097	2695	2660	249.783	20.7151
rna15100	1278	1243	324	57.5015
rna15101	2183	2148	490	50.3231
rna15102	4252	4217	564	29.504
rna15103	1480	1445	8.08334e-008	1.23404e-008
rna15104	1488	1453	260	39.4742
rna15105	1538	1503	47	6.89834
rna15106	1540	1505	0	0
rna15107	2716	2681	173.149	14.2472
rna15108	2799	2764	754.497	60.2179
rna15109	2875	2840	356.462	27.6886
rna15110	2872	2837	0.0404479	0.00314515
rna15111	2945	2910	595.084	45.1118
rna15112	2789	2754	174.916	14.0111
rna15114	1533	1498	14.6217	2.15324
rna15113	1603	1568	262.378	36.9137
rna15115	4406	4371	0	0
rna15116	3634	3599	424.622	26.0271
rna15117	4518	4483	195.487	9.61957
rna15118	4552	4517	45.8903	2.24118
rna15119	3809	3774	3.40582e-007	1.99079e-008
rna15120	2798	2763	25	1.99602
rna15121	73	38	0.366222	2.12602
rna15122	713	678	26	8.45959
rna15123	2213	2178	5	0.506428
rna15127	2588	2553	31.5185	2.72346
rna15126	2630	2595	42.1951	3.58699
rna15125	2641	2606	19.4478	1.64627
rna15124	2507	2472	1120.84	100.023
rna15128	1831	1796	49	6.0186
rna15129	6268	6233	23	0.814022
rna15130	12133	12098	111	2.02402
rna15131	12070	12035	1.03775e-005	1.90219e-007
rna15132	1446	1411	5	0.781715
rna15133	2580	2545	1382.62	119.845
rna15134	2498	2463	34.4867	3.08882
rna15135	2554	2519	40.5486	3.55102
rna15136	2820	2785	449.847	35.6324
rna15137	2589	2554	531.678	45.9234
rna15138	2922	2887	91	6.95345
rna15139	1849	1814	0	0
rna15140	732	697	374	118.371
rna15141	1168	1133	0	0
rna15142	1599	1564	0	0
rna15143	741	706	1	0.312465
rna15144	3470	3435	0	0
rna15145	3433	3398	0	0
rna15146	4563	4528	107.353	5.23013
rna15147	3174	3139	1191.65	83.7456
rna15148	1676	1641	5.00442	0.672746
rna15149	1025	990	18	4.01091
rna15150	2132	2097	234.821	24.7026
rna15151	2044	2009	25.239	2.77139
rna15152	1468	1433	14	2.1552
rna15153	3372	3337	11.0036	0.727417
rna15154	1312	1277	1378	238.048
rna15155	2341	2306	109	10.4273
rna15158	1093	1058	53.6746	11.1915
rna15157	1206	1171	22.6562	4.26811
rna15156	796	761	581.669	168.615
rna15159	2851	2816	372	29.1418
rna15160	5028	4993	1288.26	56.9178
rna15161	6258	6223	398	14.1088
rna15162	2313	2278	47	4.55145
rna15163	2346	2311	1.97381e-006	1.88413e-007
rna15164	2349	2314	4.265e-007	4.06594e-008
rna15165	2804	2769	10	0.796678
rna15166	4715	4680	1.26187e-008	5.94803e-010
rna15167	4979	4944	0	0
rna15168	4970	4935	0	0
rna15169	4889	4854	48.6758	2.21217
rna15180	1026	991	0	0
rna15178	1421	1386	0	0
rna15179	1425	1390	0	0
rna15177	1352	1317	2	0.335004
rna15182	1401	1366	0	0
rna15181	1406	1371	0	0
rna15183	2367	2332	9	0.851372
rna15170	4781	4746	172.967	8.03973
rna15171	4938	4903	43.2546	1.94615
rna15172	4625	4590	114.97	5.52557
rna15173	4635	4600	8.79765	0.421905
rna15174	5051	5016	16.4062	0.721535
rna15175	4907	4872	503.573	22.8014
rna15176	5692	5657	155.355	6.05823
rna15184	8588	8553	399.415	10.3018
rna15185	7967	7932	511.805	14.234
rna15186	82	47	0	0
rna15187	23	24	0	0
rna15188	7023	6988	199.573	6.30019
rna15189	6733	6698	0.00727463	0.000239591
rna15190	7743	7708	140.843	4.03086
rna15191	7023	6988	76.9167	2.42814
rna15192	7065	7030	499.298	15.6679
rna15193	7020	6985	0.000459037	1.44973e-005
rna15194	7065	7030	0	0
rna15195	6506	6471	0	0
rna15196	7622	7587	85.4649	2.48498
rna15197	6946	6911	202.159	6.45296
rna15198	6665	6630	707.738	23.5486
rna15199	1811	1776	356	44.2194
rna15200	3540	3505	271	17.0564
rna15201	8359	8324	5565.41	147.493
rna15202	2167	2132	373.782	38.6756
rna15203	2781	2746	31.5335	2.53324
rna15204	2784	2749	8.68428	0.696891
rna15205	1923	1888	38.3317	4.47881
rna15206	1980	1945	51.3072	5.81922
rna15207	2780	2745	172.356	13.8513
rna15209	2087	2052	0	0
rna15208	1899	1864	239.005	28.2857
rna15210	3411	3376	0	0
rna15211	3314	3279	0	0
rna15212	3774	3739	98.9767	5.8396
rna15213	3068	3033	258.023	18.7669
rna15215	1670	1635	1649.75	222.59
rna15214	1790	1755	29.25	3.67667
rna15216	1678	1643	286	38.4003
rna15217	10941	10906	23481	474.96
rna15218	479	444	0	0
rna15219	5497	5462	171.159	6.91278
rna15220	4993	4958	1504.6	66.9454
rna15221	2485	2450	381.539	34.3541
rna15222	2744	2709	3.54184	0.28842
rna15223	3110	3075	43.9191	3.15075
rna15224	3087	3052	337	24.3585
rna15225	3872	3837	0	0
rna15229	1229	1194	30.9994	5.72736
rna15230	1240	1205	0.000613424	0.0001123
rna15226	3518	3483	265.082	16.7893
rna15231	1059	1024	143	30.8065
rna15232	1359	1324	485.61	80.9106
rna15227	3716	3681	18.5909	1.11414
rna15228	3587	3552	154.435	9.59131
rna15236	6220	6185	392.982	14.0165
rna15237	6332	6297	56.0036	1.96195
rna15238	6302	6267	139.453	4.9088
rna15235	6316	6281	67.1135	2.35715
rna15233	6234	6199	540.786	19.2446
rna15234	6316	6281	17.6616	0.620307
rna15239	1743	1708	4	0.516628
rna15240	135	100	0	0
rna15241	23	24	0	0
rna15242	72	37	0	0
rna15243	6211	6176	17.1395	0.612205
rna15244	6808	6773	786.418	25.614
rna15245	6772	6737	0.326333	0.0106856
rna15246	5900	5865	1287.66	48.4329
rna15247	1712	1677	491	64.5883
rna15249	3075	3040	99.9993	7.25653
rna15248	3073	3038	0.000735618	5.34159e-005
rna15250	82	47	1.36613	6.41207
rna15251	1605	1570	28	3.93427
rna15252	965	930	266	63.0964
rna15253	1178	1143	195	37.6352
rna15256	3182	3147	47.7029	3.3439
rna15254	3155	3120	234.771	16.5995
rna15255	2846	2811	150.527	11.8129
rna15267	4616	4581	1486.13	71.5651
rna15266	7812	7777	0	0
rna15265	8021	7986	139.495	3.85331
rna15263	8025	7990	0	0
rna15264	7834	7799	0	0
rna15262	8047	8012	0	0
rna15261	8042	8007	0	0
rna15260	8046	8011	0	0
rna15259	8065	8030	0	0
rna15257	7836	7801	2.70223	0.0764147
rna15258	8069	8034	0	0
rna15268	7031	6996	70.6757	2.22857
rna15269	2695	2660	280	23.2211
rna15270	3609	3574	1689.18	104.262
rna15271	6968	6933	117.036	3.72395
rna15272	7054	7019	5.56155e-005	1.74794e-006
rna15273	2853	2818	0	0
rna15274	72	37	0	0
rna15275	72	37	0	0
rna15276	72	37	0	0
rna15277	72	37	0.25	1.49054
rna15280	2597	2562	0	0
rna15278	2733	2698	0	0
rna15279	2727	2692	0	0
rna15281	2832	2797	0	0
rna15282	2588	2553	0	0
rna15283	2586	2551	0	0
rna15284	2472	2437	6	0.543127
rna15285	1154	1119	2	0.394281
rna15286	698	663	0	0
rna15288	1230	1195	0	0
rna15287	1464	1429	3	0.463121
rna15289	4623	4588	552.731	26.5764
rna15290	4547	4512	238.269	11.6494
rna15292	721	686	7.89014	2.53727
rna15291	741	706	4.84355	1.51344
rna15294	585	550	99	39.708
rna15293	895	860	26.2663	6.73761
rna15295	1819	1784	45	5.56446
rna15296	3496	3461	45.3079	2.88787
rna15297	4605	4570	9.6921	0.467851
rna15298	2149	2114	644	67.2027
rna15299	2611	2576	1011.18	86.5937
rna15300	1107	1072	72.8924	15.0001
rna15301	350	315	0	0
rna15302	100	65	0	0
rna15303	22	23	0	0
rna15305	4617	4582	401.559	19.333
rna15304	4862	4827	207.441	9.48031
rna15306	2072	2037	192	20.7929
rna15307	2886	2851	49	3.79144
rna15308	1403	1368	32	5.16024
rna15311	1749	1714	0	0
rna15309	1741	1706	281	36.3356
rna15310	1741	1706	281	36.3356
rna15312	1326	1291	637	108.848
rna15314	1274	1239	78	13.8877
rna15313	1346	1311	0	0
rna15315	2232	2197	455	45.6864
rna15316	1906	1871	337	39.734
rna15319	5163	5128	175.097	7.53246
rna15317	5233	5198	2468.54	104.763
rna15318	5233	5198	1.48528e-006	6.30343e-008
rna15320	4568	4533	35.8515	1.74473
rna15321	4850	4815	12.1658	0.557379
rna15322	4728	4693	19.7874	0.930128
rna15323	5430	5395	180.54	7.38222
rna15328	4021	3986	101.771	5.6324
rna15327	4118	4083	42.0928	2.27423
rna15326	4281	4246	0	0
rna15325	5007	4972	69.8777	3.10037
rna15324	4497	4462	0	0
rna15329	4845	4810	0	0
rna15333	2042	2007	52	5.7156
rna15330	5323	5288	208.959	8.71718
rna15331	4635	4600	38.2662	1.83511
rna15334	1685	1650	78	10.4284
rna15332	4748	4713	23.4666	1.09839
rna15335	3497	3462	254.225	16.1993
rna15336	3280	3245	0	0
rna15337	418	383	7	4.03185
rna15338	4938	4903	1978	88.9959
rna15356	3066	3031	350.11	25.4814
rna15349	2806	2771	0	0
rna15350	2809	2774	28.4722	2.26423
rna15351	2851	2816	20.2809	1.58876
rna15352	2812	2777	0	0
rna15353	2815	2780	27.403	2.1745
rna15354	2854	2819	0	0
rna15355	2857	2822	0	0
rna15346	3554	3519	24.7468	1.55133
rna15347	3566	3531	374.169	23.3763
rna15348	2849	2814	0	0
rna15339	3444	3409	0	0
rna15340	3522	3487	52.8227	3.34175
rna15341	3522	3487	80.5862	5.09817
rna15342	3564	3529	61.7995	3.86312
rna15343	3528	3493	78.1515	4.93565
rna15344	3567	3532	252.478	15.7691
rna15345	3510	3475	780.981	49.5783
rna15357	649	614	76.0776	27.3334
rna15358	586	551	351.922	140.897
rna15359	1511	1476	483	72.1882
rna15360	351	316	66	46.0747
rna15361	1328	1293	244.45	41.7059
rna15362	2619	2584	242.168	20.6742
rna15363	2923	2888	157.014	11.9935
rna15364	2324	2289	165.65	15.9643
rna15365	2384	2349	194.718	18.2865
rna15366	2345	2310	4985.02	476.059
rna15367	1769	1734	3563.71	453.376
rna15368	1435	1400	160.29	25.2571
rna15369	3916	3881	525	29.8415
rna15370	958	923	64	15.2962
rna15371	897	862	206	52.7188
rna15374	1635	1600	993.168	136.933
rna15372	1820	1785	1327.2	164.022
rna15373	1742	1707	78.5618	10.1527
rna15375	1771	1736	225.074	28.6011
rna15376	3595	3560	412	25.5301
rna15377	3910	3875	113.849	6.4813
rna15378	3880	3845	1295.73	74.3404
rna15379	3617	3582	329.418	20.2874
rna15380	3643	3608	637	38.9474
rna15381	2341	2306	890.955	85.2319
rna15382	2329	2294	51.0446	4.90865
rna15383	2348	2313	2701.98	257.698
rna15384	2371	2336	0.0227343	0.00214691
rna15385	743	708	82.4631	25.694
rna15386	1986	1951	49.5369	5.60115
rna15387	72	37	0	0
rna15388	73	38	0.158746	0.921561
rna15392	3007	2972	153.156	11.3682
rna15391	2978	2943	137.646	10.3176
rna15390	3018	2983	494.451	36.5658
rna15389	3729	3694	298.748	17.8408
rna15393	5234	5199	99.3785	4.21675
rna15394	5283	5248	24.5572	1.03226
rna15395	5265	5230	114.215	4.81754
rna15396	5119	5084	0	0
rna15397	5104	5069	26.766	1.16484
rna15398	3338	3303	1141.1	76.2119
rna15402	72	37	0	0
rna15403	292	257	4	3.43346
rna15399	4922	4887	0	0
rna15400	4906	4871	0	0
rna15401	4510	4475	0	0
rna15404	1797	1762	314	39.3124
rna15405	837	802	0	0
rna15406	708	673	75	24.584
rna15407	1382	1347	127.687	20.9114
rna15408	1527	1492	38.0165	5.62094
rna15409	1684	1649	0	0
rna15410	1618	1583	209.179	29.1503
rna15411	1558	1523	11.1768	1.61891
rna15412	1868	1833	179.213	21.5681
rna15413	1670	1635	601.728	81.1873
rna15414	1288	1253	320	56.3384
rna15415	481	446	129	63.8058
rna15416	86	51	1	4.32549
rna15417	23	24	0	0
rna15418	3108	3073	0	0
rna15419	2917	2882	48.2506	3.6933
rna15420	2924	2889	2.74942	0.209942
rna15421	2944	2909	575	43.6043
rna15422	1345	1310	139	23.4072
rna15423	3918	3883	0.0257076	0.00146049
rna15424	3996	3961	598.974	33.3587
rna15425	813	778	84	23.818
rna15426	2726	2691	807.756	66.2174
rna15427	2545	2510	0	0
rna15428	2232	2197	1669.24	167.608
rna15429	1633	1598	30	4.14143
rna15430	2403	2368	725	67.5401
rna15431	1509	1474	2529.57	378.578
rna15432	1758	1723	2171.37	278.007
rna15433	2480	2445	688.147	62.088
rna15434	2057	2022	0	0
rna15435	2062	2027	0	0
rna15436	2357	2322	582.452	55.3354
rna15437	2312	2277	110.276	10.6837
rna15442	1626	1591	3	0.415965
rna15441	1647	1612	5.64279e-007	7.72209e-008
rna15443	1474	1439	5	0.766505
rna15438	2570	2535	22.736	1.97853
rna15445	475	440	0	0
rna15444	629	594	0	0
rna15439	1322	1287	19.3943	3.32431
rna15440	2073	2038	0	0
rna15446	2040	2005	317.917	34.9789
rna15447	1225	1190	972.416	180.265
rna15448	1158	1123	233.809	45.9289
rna15453	4605	4570	432.706	20.8873
rna15452	4698	4663	45.0264	2.13014
rna15451	5457	5422	2.39838e-006	9.75805e-008
rna15450	5376	5341	125.903	5.20021
rna15449	5764	5729	487.261	18.7624
rna15454	1591	1556	4	0.567095
rna15455	1489	1454	0	0
rna15456	991	956	0.991913	0.228887
rna15457	1048	1013	19.1112	4.16183
rna15458	440	405	2.52207	1.37375
rna15461	2056	2021	73.3967	8.01153
rna15460	2168	2133	0	0
rna15459	2206	2171	37.1165	3.77149
rna15462	1499	1464	5.69001	0.857389
rna15463	2151	2116	3.27476	0.341404
rna15464	3214	3179	1405.34	97.5208
rna15465	2767	2732	0	0
rna15466	2788	2753	12.1233	0.971453
rna15467	2797	2762	0	0
rna15468	6630	6595	4.00605	0.134001
rna15469	3227	3192	5	0.345551
rna15470	1810	1775	339	42.1315
rna15472	722	687	312.038	100.197
rna15471	864	829	50.962	13.5612
rna15473	3325	3290	514	34.4646
rna15474	5560	5525	1189	47.4739
rna15475	957	922	264	63.1653
rna15476	988	953	6.66594	1.54303
rna15477	1432	1397	465.334	73.4808
rna15480	6509	6474	97.716	3.32965
rna15478	7540	7505	646.222	18.9949
rna15479	7390	7355	5.0623	0.151835
rna15481	1477	1442	160	24.4771
rna15482	1242	1207	388	70.9137
rna15483	13007	12972	290.483	4.93991
rna15515	12236	12201	133.53	2.41429
rna15514	12322	12287	0	0
rna15513	12593	12558	0	0
rna15511	12416	12381	9.78679	0.174377
rna15512	12470	12435	28.9424	0.513446
rna15509	12628	12593	17.6305	0.308846
rna15510	12643	12608	0	0
rna15508	12633	12598	16.4275	0.287657
rna15505	11388	11353	461.31	8.96371
rna15506	11382	11347	243.675	4.73735
rna15507	11496	11461	6.57603	0.126575
rna15504	11614	11579	0.000838421	1.59734e-005
rna15503	11620	11585	94.2154	1.79404
rna15501	12076	12041	0	0
rna15502	12199	12164	0	0
rna15500	12308	12273	0	0
rna15499	12417	12382	13.3989	0.238717
rna15496	12571	12536	0	0
rna15497	12685	12650	0	0
rna15498	12643	12608	0	0
rna15491	12836	12801	0	0
rna15492	12836	12801	0	0
rna15493	12794	12759	0	0
rna15494	12686	12651	0	0
rna15495	12839	12804	0.024382	0.000420077
rna15485	12852	12817	0	0
rna15486	12831	12796	0	0
rna15487	12945	12910	0	0
rna15488	12945	12910	0	0
rna15489	12837	12802	0	0
rna15490	12948	12913	0	0
rna15484	13063	13028	0	0
rna15516	1464	1429	0	0
rna15517	1310	1275	0	0
rna15518	1394	1359	0	0
rna15519	1303	1268	1	0.173975
rna15520	988	953	2	0.462959
rna15521	627	592	0	0
rna15522	1750	1715	440	56.5971
rna15523	2891	2856	148.495	11.4699
rna15524	2888	2853	0	0
rna15525	2862	2827	412.857	32.2166
rna15526	2706	2671	102.133	8.43524
rna15527	2679	2644	89.5155	7.46866
rna15528	2443	2408	16	1.46578
rna15529	191	156	91	128.683
rna15530	172	137	0	0
rna15531	172	137	0	0
rna15532	175	140	0	0
rna15533	176	141	0	0
rna15536	650	615	0	0
rna15535	678	643	0	0
rna15534	569	534	6	2.47865
rna15537	804	769	44	12.6221
rna15538	1714	1679	177	23.2556
rna15539	4546	4511	1455.96	71.2005
rna15540	4813	4778	3.36671e-008	1.55441e-009
rna15541	4808	4773	114.037	5.27062
rna15543	695	660	12	4.01091
rna15542	707	672	0	0
rna15547	2840	2805	74.6375	5.86989
rna15546	2488	2453	45.5704	4.09818
rna15545	2322	2287	510.125	49.2058
rna15544	2389	2354	141.667	13.276
rna15548	100	65	0	0
rna15549	20	21	0	0
rna15552	2477	2442	1031.28	93.1615
rna15551	2710	2675	0	0
rna15550	2552	2517	225.721	19.7831
rna15553	3951	3916	1951.14	109.914
rna15554	2148	2113	160.856	16.7935
rna15555	6729	6694	297.936	9.81846
rna15556	6685	6650	13.5918	0.450879
rna15557	6682	6647	499.519	16.578
rna15558	2890	2855	625	48.2925
rna15559	1684	1649	143	19.1303
rna15560	1727	1692	237	30.8997
rna15561	2090	2055	662	71.0644
rna15563	2185	2150	92.192	9.45934
rna15562	2177	2142	139.808	14.3985
rna15564	2766	2731	1	0.0807763
rna15565	3593	3558	690	42.7808
rna15566	3449	3414	1060.63	68.5343
rna15567	1891	1856	736.365	87.5227
rna15568	12787	12752	2787	48.213
rna15569	1157	1122	237.008	46.5989
rna15570	1049	1014	75.9921	16.5324
rna15571	1933	1898	249	28.9407
rna15572	12489	12454	2.37363e-007	4.20446e-009
rna15573	12299	12264	0	0
rna15574	12271	12236	270.999	4.88577
rna15575	10781	10746	461.001	9.4637
rna15576	2674	2639	463.572	38.7511
rna15577	1640	1605	63.4279	8.71788
rna15578	10082	10047	244.636	5.37143
rna15579	10072	10037	4.35038e-008	9.56156e-010
rna15580	10077	10042	0.00715038	0.000157078
rna15581	10074	10039	0.00688251	0.000151238
rna15582	10008	9973	0.00128641	2.84549e-005
rna15583	10074	10039	0.010176	0.000223611
rna15584	9936	9901	135.695	3.02336
rna15585	9954	9919	3.53206	0.0785536
rna15586	10019	9984	832.205	18.3879
rna15587	10016	9981	802.001	17.7258
rna15588	9950	9915	163.906	3.64676
rna15589	3261	3226	1006	68.7922
rna15590	1016	981	15.1049	3.39667
rna15591	1004	969	18.0138	4.10098
rna15592	4876	4841	960.65	43.776
rna15593	4113	4078	1015.06	54.9097
rna15594	12849	12814	40817	702.688
rna15595	1136	1101	15	3.00545
rna15604	7706	7671	127.351	3.66233
rna15603	7761	7726	0	0
rna15602	6951	6916	2869.34	91.5235
rna15600	7285	7250	818.574	24.9073
rna15601	7256	7221	190.332	5.8146
rna15597	7253	7218	622.153	19.0145
rna15598	7307	7272	0.000998036	3.0276e-005
rna15599	7322	7287	1.04989e-007	3.17834e-009
rna15596	7344	7309	0	0
rna15605	7149	7114	321.25	9.96174
rna15606	1324	1289	2	0.342281
rna15607	2690	2655	12.5148	1.03984
rna15608	3048	3013	1.05188e-007	7.70148e-009
rna15609	2814	2779	8.88628e-008	7.05403e-009
rna15610	2567	2532	0	0
rna15611	2931	2896	352.745	26.87
rna15612	2696	2661	2867.66	237.732
rna15613	2891	2856	109.457	8.45453
rna15614	1374	1339	456.291	75.1739
rna15615	2550	2515	15.7978	1.38568
rna15616	2531	2496	0	0
rna15617	2528	2493	23.1136	2.04528
rna15618	2447	2412	793.089	72.5354
rna15619	6319	6284	192.11	6.74404
rna15622	4575	4540	496.531	24.1266
rna15632	4255	4220	0.00225246	0.000117747
rna15633	4381	4346	0	0
rna15634	4350	4315	92.2149	4.7144
rna15627	4374	4339	0	0
rna15628	4390	4355	24.8994	1.26127
rna15629	4409	4374	0	0
rna15630	4420	4385	0	0
rna15631	4477	4442	0	0
rna15623	4594	4559	54.3462	2.62969
rna15624	4696	4661	25.7587	1.21913
rna15625	4610	4575	0.0536344	0.00258617
rna15626	4712	4677	237.422	11.1985
rna15620	5213	5178	0.000152142	6.48176e-006
rna15621	5111	5076	167.565	7.28226
rna15635	3020	2985	193.096	14.2703
rna15636	3039	3004	0.000160962	1.18203e-005
rna15637	976	941	20.8132	4.87927
rna15638	2416	2381	92.5587	8.57558
rna15639	2365	2330	503.628	47.6826
rna15640	3030	2995	95	6.99733
rna15641	1798	1763	265	33.1588
rna15642	107	72	3	9.19167
rna15643	22	23	0	0
rna15644	100	65	0	0
rna15645	21	22	0	0
rna15646	100	65	0	0
rna15647	22	23	0	0
rna15648	1489	1454	89	13.503
rna15651	4628	4593	421.165	20.2284
rna15652	4721	4686	0	0
rna15653	4118	4083	0	0
rna15654	4127	4092	0	0
rna15655	4706	4671	238.795	11.2777
rna15656	4799	4764	0	0
rna15649	4311	4276	1395.44	71.9912
rna15650	4389	4354	748.643	37.9308
rna15657	1485	1450	316	48.0756
rna15658	939	904	64	15.6177
rna15661	2144	2109	119.305	12.4792
rna15662	2005	1970	48.6366	5.44632
rna15659	2374	2339	267.805	25.2577
rna15660	2235	2200	129.733	13.0087
rna15663	1993	1958	2.52032	0.283954
rna15664	3018	2983	685	50.6574
rna15665	72	37	0.25	1.49054
rna15666	72	37	0.5	2.98108
rna15667	71	36	0.166667	1.0213
rna15668	71	36	0.166667	1.0213
rna15669	1745	1710	70	9.03041
rna15670	2824	2789	1956	154.713
rna15672	5585	5550	677.82	26.9418
rna15673	5378	5343	51.7945	2.13848
rna15671	5112	5077	504.141	21.9053
rna15675	3282	3247	524.664	35.6455
rna15674	3564	3529	254.336	15.8987
rna15676	575	540	290	118.47
rna15681	7379	7344	2703.25	81.2006
rna15682	7388	7353	196.526	5.89604
rna15679	7628	7593	0.0727928	0.00211485
rna15680	7613	7578	488.038	14.2071
rna15677	7629	7594	0.105817	0.00307392
rna15678	7638	7603	0.0081969	0.000237832
rna15683	4898	4863	0	0
rna15685	1831	1796	185.69	22.808
rna15686	1836	1801	0	0
rna15687	1913	1878	387.703	45.5417
rna15684	1645	1610	420.607	57.631
rna15688	2667	2632	412.024	34.5336
rna15689	2637	2602	29.9764	2.54143
rna15690	1792	1757	676	84.8752
rna15691	3512	3477	311.782	19.7812
rna15692	3644	3609	1.47448e-008	9.01277e-010
rna15693	3900	3865	119.218	6.80451
rna15697	3236	3201	1170.16	80.6428
rna15694	3384	3349	3.20413e-005	2.11057e-006
rna15695	3381	3346	264.621	17.4463
rna15696	3483	3448	58.2179	3.72473
rna15701	2070	2035	9.06964e-008	9.83176e-009
rna15702	2073	2038	1.5923e-008	1.72357e-009
rna15703	2179	2144	180.248	18.546
rna15700	1985	1950	15.1163	1.71008
rna15699	1727	1692	517.635	67.4884
rna15698	1746	1711	0.000969585	0.000125009
rna15704	2375	2340	204	19.2318
rna15709	1611	1576	1221.42	170.967
rna15708	1926	1891	293.44	34.232
rna15707	1936	1901	74.5561	8.6518
rna15705	1810	1775	121.835	15.1419
rna15706	1819	1784	54.7531	6.77049
rna15710	3023	2988	843.918	62.3053
rna15712	1883	1848	307.215	36.673
rna15711	1984	1949	0	0
rna15713	1946	1911	212.867	24.5727
rna15714	3239	3204	559.884	38.5488
rna15715	3233	3198	0.460932	0.0317954
rna15716	2463	2428	1182.66	107.452
rna15717	3519	3484	52.8708	3.34768
rna15721	2974	2939	16.1781	1.21432
rna15722	2962	2927	3.46307e-008	2.61002e-009
rna15719	3020	2985	4.55337e-005	3.36507e-006
rna15720	3008	2973	0	0
rna15718	3102	3067	0.000515059	3.70466e-005
rna15723	3280	3245	0	0
rna15724	3244	3209	0	0
rna15725	2997	2962	6.55491e-008	4.88188e-009
rna15726	3007	2972	53.1076	3.94197
rna15727	2898	2863	1.97562	0.152226
rna15728	2899	2864	195.379	15.0491
rna15729	2576	2541	29.972	2.60206
rna15730	2586	2551	41.5166	3.59019
rna15731	1581	1546	490.965	70.0563
rna15732	756	721	359.035	109.852
rna15733	1219	1184	841	156.693
rna15735	2368	2333	0	0
rna15734	2530	2495	335.237	29.6406
rna15736	3785	3750	34.0065	2.00049
rna15737	3766	3731	0.00388615	0.000229773
rna15738	3694	3659	30.6504	1.84791
rna15739	3763	3728	0.0100484	0.000594601
rna15740	3741	3706	10.9105	0.649446
rna15742	1846	1811	47.2611	5.75693
rna15741	1892	1857	80.7389	9.59128
rna15744	2119	2084	0.192636	0.0203913
rna15743	2108	2073	99.8074	10.6211
rna15745	2709	2674	39.5934	3.26638
rna15746	2676	2641	0.252034	0.0210521
rna15747	2356	2321	21.5031	2.04377
rna15748	2163	2128	0	0
rna15749	4197	4162	3	0.15901
rna15750	298	263	0	0
rna15755	9108	9073	9.99039	0.242905
rna15756	9111	9076	14.083	0.3423
rna15754	9103	9068	0.4943	0.012025
rna15753	9091	9056	0.000350871	8.54706e-006
rna15751	7103	7068	3.23751	0.101046
rna15752	7106	7071	1244.94	38.8396
rna15757	4998	4963	0	0
rna15758	4571	4536	0	0
rna15759	2993	2958	91	6.78655
rna15760	1248	1213	160	29.0981
rna15761	1783	1748	505.199	63.7568
rna15762	1714	1679	115.784	15.2126
rna15763	1776	1741	250.721	31.7685
rna15766	2826	2791	88.2964	6.97893
rna15765	2909	2874	0	0
rna15764	3099	3064	0	0
rna15767	1481	1446	418	63.7696
rna15768	4711	4676	234.327	11.0549
rna15769	8006	7971	1169.47	32.3655
rna15771	666	631	67.2008	23.4937
rna15770	751	716	0	0
rna15772	1246	1211	127	23.1348
rna15773	2126	2091	922	97.2708
rna15774	2835	2800	888	69.9617
rna15776	3175	3140	440.946	30.9786
rna15775	3198	3163	430.054	29.9937
rna15779	654	619	39.6579	14.1333
rna15778	571	536	7.09336	2.91939
rna15777	394	359	235.249	144.557
rna15780	11872	11837	3948	73.5768
rna15781	1807	1772	2782	346.337
rna15782	3583	3548	0.000151919	9.44569e-006
rna15783	3769	3734	190.969	11.2822
rna15784	3600	3565	65.992	4.08354
rna15785	3120	3085	9.83932	0.703584
rna15786	4366	4331	1.80462	0.0919184
rna15787	4456	4421	179.195	8.94153
rna15788	2738	2703	1	0.081613
rna15789	1682	1647	18	2.41093
rna15790	1327	1292	38	6.48824
rna15791	10437	10402	0.0422393	0.000895788
rna15792	9308	9273	53.6978	1.27744
rna15793	7900	7865	27.221	0.763503
rna15794	7966	7931	65.4055	1.81925
rna15795	8181	8146	10.1772	0.275607
rna15796	7860	7825	68.3772	1.92767
rna15797	10119	10084	7.69298	0.168294
rna15798	10754	10719	216.532	4.45629
rna15799	10780	10745	0	0
rna15800	10717	10682	0	0
rna15801	10759	10724	114.741	2.36031
rna15802	10726	10691	0	0
rna15803	10705	10670	47.3394	0.978733
rna15804	10504	10469	95.4439	2.01117
rna15805	10777	10742	25.4101	0.521827
rna15806	10768	10733	0	0
rna15807	10642	10607	0	0
rna15808	10732	10697	24.6291	0.507915
rna15809	10656	10621	0	0
rna15810	10593	10558	3.28766e-007	6.86928e-009
rna15811	10767	10732	0.276609	0.00568579
rna15812	10755	10720	1085.79	22.3437
rna15813	10622	10587	0	0
rna15814	10484	10449	0.0595072	0.00125632
rna15815	10498	10463	4.52657e-005	9.54374e-007
rna15816	10435	10400	819.915	17.3917
rna15817	10360	10325	656.311	14.0225
rna15819	1543	1508	14	2.04801
rna15818	10340	10305	2697.94	57.7551
rna15820	2315	2280	25	2.41886
rna15822	2954	2919	99	7.48181
rna15821	2962	2927	0	0
rna15823	2026	1991	1527	169.19
rna15825	986	951	89.9855	20.8736
rna15824	814	779	4.56132e-005	1.29169e-005
rna15829	1736	1701	295.199	38.2839
rna15828	1837	1802	0.262041	0.032079
rna15827	1841	1806	0	0
rna15826	1971	1936	30.5533	3.48143
rna15830	1600	1565	285.856	40.2938
rna15831	2374	2339	72.1445	6.80422
rna15832	6746	6711	0.404011	0.0132804
rna15833	6743	6708	984.014	32.3604
rna15834	6729	6694	7625.23	251.289
rna15850	3871	3836	139.053	7.99661
rna15849	3765	3730	22.9043	1.35461
rna15835	4680	4645	163.341	7.75738
rna15836	4634	4599	2.97445e-007	1.42675e-008
rna15837	4631	4596	0	0
rna15838	4670	4635	0	0
rna15839	4664	4629	47.8464	2.28017
rna15840	4481	4446	165.67	8.22018
rna15841	4661	4626	3.33135e-008	1.58862e-009
rna15842	4667	4632	0	0
rna15843	4595	4560	0.00165121	7.9881e-005
rna15844	4586	4551	407.12	19.7343
rna15845	4631	4596	0	0
rna15846	4628	4593	0	0
rna15847	4631	4596	733.632	35.2131
rna15848	4628	4593	1.0883e-006	5.22707e-008
rna15854	3953	3918	197.858	11.1403
rna15851	4597	4562	2.48657e-007	1.20241e-008
rna15852	4666	4631	0.000473087	2.25357e-005
rna15853	4594	4559	732.149	35.4271
rna15855	4903	4868	1235.82	56.0029
rna15863	6051	6016	127.2	4.66428
rna15861	6129	6094	3.14223e-005	1.13747e-006
rna15862	6144	6109	1.72311e-006	6.22227e-008
rna15859	6147	6112	9.6494e-007	3.48275e-008
rna15860	6223	6188	0	0
rna15858	6173	6138	0	0
rna15857	5193	5158	0	0
rna15864	2972	2937	0	0
rna15865	549	514	0	0
rna15866	100	65	0	0
rna15867	23	24	0	0
rna15876	5431	5396	13.5081	0.552242
rna15875	4550	4515	31.4919	1.53867
rna15874	4819	4784	0	0
rna15873	5147	5112	0	0
rna15872	5531	5496	0	0
rna15869	5611	5576	0	0
rna15870	5545	5510	0	0
rna15871	5638	5603	0	0
rna15868	5551	5516	0	0
rna15877	1469	1434	0	0
rna15878	89	54	0	0
rna15879	22	23	0	0
rna15856	4349	4314	859.471	43.9498
rna15880	2709	2674	49.422	4.07722
rna15881	2181	2146	37.0957	3.81328
rna15882	3029	2994	48.4086	3.56678
rna15883	1383	1348	758	124.047
rna15884	1647	1612	277	37.9071
rna15885	2372	2337	241.586	22.8044
rna15886	2566	2531	270	23.533
rna15888	1016	981	65.7633	14.7884
rna15887	1059	1024	0	0
rna15889	1172	1137	12.2367	2.37416
rna15890	1405	1370	34	5.47475
rna15891	2617	2582	106	9.05639
rna15892	1110	1075	189	38.7846
rna15893	576	541	659	268.716
rna15895	4268	4233	188.843	9.84145
rna15894	6001	5966	621.765	22.9905
rna15896	6006	5971	997.988	36.8709
rna15897	6080	6045	72.4038	2.64223
rna15898	1706	1671	280	36.9647
rna15899	5832	5797	634.009	24.1267
rna15900	5823	5788	45.0242	1.71602
rna15901	2500	2465	161.503	14.4534
rna15902	2277	2242	584.612	57.5225
rna15903	2678	2643	91.9582	7.67537
rna15904	2531	2496	11.4299	1.01019
rna15905	819	784	1388	390.552
rna15906	652	617	542.599	193.999
rna15907	977	942	32.4009	7.58772
rna15908	2901	2866	413	31.7892
rna15909	2550	2515	73.4478	6.44238
rna15911	2500	2465	480.915	43.0385
rna15910	2641	2606	171.637	14.5292
rna15912	2691	2656	24.4345	2.02947
rna15913	2688	2653	0.000453534	3.77119e-005
rna15914	2663	2628	32.565	2.73358
rna15916	8442	8407	4.95282	0.129962
rna15917	8463	8428	1660.33	43.4585
rna15918	8469	8434	2.71169	0.0709272
rna15915	8449	8414	0.00672046	0.000176199
rna15919	772	737	107	32.0274
rna15920	1213	1178	40.0894	7.50741
rna15921	1590	1555	128.419	18.2182
rna15922	1008	973	710.492	161.084
rna15923	2873	2838	1765.15	137.206
rna15924	3095	3060	163.854	11.8125
rna15925	3228	3193	0	0
rna15926	618	583	1	0.378388
rna15927	1327	1292	20	3.41486
rna15928	5591	5556	1160.09	46.0612
rna15931	5052	5017	16.5838	0.729198
rna15929	6743	6708	0	0
rna15930	6728	6693	81.3247	2.68045
rna15932	1312	1277	44	7.60094
rna15933	1602	1567	66.3573	9.34169
rna15934	1843	1808	236.543	28.8614
rna15935	1621	1586	1486.1	206.705
rna15936	1580	1545	27.0692	3.86502
rna15937	1511	1476	0.0232105	0.00346899
rna15938	1523	1488	33.4614	4.96074
rna15939	1445	1410	40.3036	6.30566
rna15940	1448	1413	35.1426	5.48653
rna15942	2570	2535	0	0
rna15941	2680	2645	0	0
rna15943	2912	2877	21.3958	1.64057
rna15944	2889	2854	25.6042	1.97908
rna15945	1027	992	16	3.55807
rna15946	1026	991	2	0.445207
rna15947	1069	1034	1	0.213346
rna15948	1888	1853	1	0.11905
rna15949	1484	1449	23	3.50159
rna15950	1549	1514	0	0
rna15951	2558	2523	98.7631	8.63541
rna15952	2513	2478	0	0
rna15954	3155	3120	332.747	23.5269
rna15953	3183	3148	112.49	7.88287
rna15955	2421	2386	72.6218	6.71433
rna15956	1584	1549	178.854	25.4713
rna15957	3671	3636	0	0
rna15958	4100	4065	336.902	18.2831
rna15959	3545	3510	96.5895	6.07056
rna15960	3590	3555	5.78816	0.359175
rna15961	3656	3621	128.536	7.83072
rna15962	3701	3666	0.0528431	0.00317981
rna15963	3677	3642	329.656	19.9676
rna15964	17403	17368	1653.77	21.0054
rna15965	17415	17380	3642.23	46.2299
rna15968	3270	3235	3.05368e-008	2.08235e-009
rna15969	3138	3103	21.9399	1.55976
rna15966	2192	2157	298.947	30.5738
rna15967	2186	2151	0	0
rna15970	3127	3092	1.15212	0.0821988
rna15971	3113	3078	244.961	17.5563
rna15972	1825	1790	364.452	44.9152
rna15973	1663	1628	13089.5	1773.68
rna15974	4106	4071	37.5128	2.03275
rna15975	4007	3972	254.559	14.1379
rna15976	4157	4122	846.928	45.3257
rna15977	1011	976	55.0527	12.4433
rna15978	1262	1227	19.1851	3.44926
rna15979	778	743	19	5.64119
rna15980	4793	4758	6395.05	296.501
rna15985	770	735	0	0
rna15984	1499	1464	8.73196	1.31576
rna15982	1016	981	0	0
rna15983	1153	1118	26.8715	5.3022
rna15981	995	960	407.777	93.7039
rna15987	1183	1148	3	0.576481
rna15986	1301	1266	0	0
rna15988	1620	1585	0	0
rna15989	1151	1116	0	0
rna15990	1450	1415	0	0
rna15991	1737	1702	0	0
rna15992	1702	1667	16	2.11734
rna15993	1412	1377	0	0
rna15994	417	382	0	0
rna15995	4309	4274	142	7.32925
rna15996	7335	7300	14.0081	0.423314
rna15997	460	425	0	0
rna15998	679	644	26	8.90621
rna15999	472	437	0	0
rna16001	4998	4963	13.814	0.614018
rna16002	4831	4796	0	0
rna16003	4775	4740	0	0
rna16004	4765	4730	37.4586	1.74701
rna16000	5646	5611	70.9381	2.78898
rna16005	4800	4765	496.69	22.9947
rna16006	1329	1294	0	0
rna16007	1255	1220	17.099	3.09183
rna16008	2907	2872	301.167	23.1328
rna16012	275	240	20.7779	19.0984
rna16011	696	661	6.0549	2.02074
rna16010	464	429	0	0
rna16009	563	528	0	0
rna16013	490	455	25	12.1209
rna16014	1949	1914	49.9514	5.75721
rna16015	1894	1859	257.784	30.5901
rna16016	6165	6130	792.056	28.5037
rna16017	3750	3715	373.872	22.2009
rna16018	3905	3870	72.1277	4.11147
rna16019	794	759	5	1.45323
rna16020	1873	1838	290.392	34.8533
rna16021	1807	1772	133.608	16.6332
rna16022	492	457	24.5629	11.8568
rna16023	309	274	11.4371	9.20815
rna16024	3131	3096	317	22.5873
rna16025	1471	1436	109	16.7447
rna16026	4490	4455	859.93	42.5815
rna16027	4560	4525	746.07	36.372
rna16028	4362	4327	0	0
rna16029	325	290	4	3.04276
rna16030	554	519	0	0
rna16031	496	461	1597	764.205
rna16032	3209	3174	0.000650785	4.5231e-005
rna16033	3187	3152	0.637016	0.044583
rna16034	3171	3136	979.7	68.9165
rna16037	1845	1810	191.805	23.3769
rna16038	1860	1825	126.268	15.2629
rna16035	1854	1819	0.548075	0.0664681
rna16036	1869	1834	0.378557	0.0455342
rna16039	809	774	389	110.87
rna16040	1607	1572	0	0
rna16041	3196	3161	0	0
rna16042	2886	2851	0	0
rna16043	2883	2848	658.417	50.9996
rna16044	2930	2895	31.4386	2.39563
rna16045	4141	4106	17	0.913347
rna16046	115	80	0	0
rna16047	22	23	0	0
rna16048	3308	3273	3	0.2022
rna16049	73	38	0	0
rna16050	83	48	0	0
rna16051	6579	6544	22	0.741626
rna16052	4042	4007	964.339	53.0904
rna16056	4414	4379	67.0731	3.37893
rna16053	3319	3284	63.5123	4.26639
rna16054	2605	2570	955.416	82.0097
rna16055	2752	2717	1243.72	100.981
rna16058	4938	4903	128.823	5.79613
rna16059	4758	4723	223.645	10.4459
rna16057	4951	4916	1634.43	73.3431
rna16060	2370	2335	1443.11	136.338
rna16061	1031	996	6	1.32892
rna16062	904	869	0	0
rna16063	4325	4290	0.0194394	0.000999612
rna16064	4628	4593	348.981	16.7614
rna16065	5814	5779	422	16.1089
rna16066	1293	1258	23	4.03323
rna16067	1288	1253	12	2.11269
rna16068	1128	1093	0	0
rna16073	3809	3774	257.318	15.0409
rna16072	4112	4077	83.4169	4.51356
rna16071	4194	4159	202.235	10.7269
rna16070	3721	3686	4350.64	260.377
rna16069	3852	3817	31.5556	1.82373
rna16074	1253	1218	353.917	64.1003
rna16075	1017	982	263	59.0813
rna16076	858	823	29	7.77327
rna16077	1471	1436	260	39.9415
rna16078	2252	2217	11	1.09454
rna16079	2400	2365	0	0
rna16080	8164	8129	53.0174	1.43876
rna16081	8033	7998	119.066	3.28407
rna16082	8114	8079	1.20184e-006	3.28167e-008
rna16083	8059	8024	300.567	8.26335
rna16084	8007	7972	386.552	10.6966
rna16085	7488	7453	292.783	8.66604
rna16096	2403	2368	28	2.60845
rna16086	7794	7759	569.241	16.1844
rna16087	7436	7401	51.8392	1.54516
rna16088	7967	7932	0.0132489	0.000368469
rna16089	7952	7917	1497.07	41.7145
rna16090	7913	7878	2975.47	83.3193
rna16091	7963	7928	641.756	17.8571
rna16092	7310	7275	472.076	14.3148
rna16093	7324	7289	123.727	3.74458
rna16094	7320	7285	2742.03	83.0325
rna16095	7359	7324	185.639	5.59147
rna16097	830	795	1	0.277484
rna16098	1641	1606	0	0
rna16099	3166	3131	8	0.563654
rna16100	1589	1554	2	0.283913
rna16101	820	785	0	0
rna16102	814	779	2	0.566367
rna16104	1451	1416	14.4278	2.24773
rna16103	1270	1235	161.572	28.8606
rna16112	5868	5833	300.626	11.3695
rna16110	6323	6288	12.2117	0.428421
rna16111	6621	6586	0.52545	0.0176001
rna16108	6810	6775	175.312	5.70831
rna16109	6823	6788	18.2217	0.592177
rna16105	6287	6252	46.4501	1.63898
rna16106	6278	6243	205.502	7.26152
rna16107	6290	6255	1.26314e-007	4.45482e-009
rna16113	5903	5868	29.8413	1.12184
rna16114	1343	1308	462	77.9184
rna16115	3103	3068	453.163	32.5841
rna16116	1059	1024	12.6051	2.71552
rna16117	902	867	158.395	40.3021
rna16118	4943	4908	0.0650422	0.00292346
rna16119	5148	5113	8.74774e-008	3.77421e-009
rna16120	5063	5028	1.26632e-007	5.55588e-009
rna16121	5135	5100	1076.17	46.5499
gene6980	604	569	1	0.387698
rna16133	5265	5230	12980.2	547.501
rna16132	7377	7342	1193.03	35.846
rna16131	5940	5905	2414.39	90.1971
rna16130	5919	5884	3665.11	137.41
rna16127	7039	7004	28.0524	0.883546
rna16128	7027	6992	188.551	5.94884
rna16129	7048	7013	39.662	1.2476
rna16125	7072	7037	1149.82	36.0453
rna16126	7093	7058	0	0
rna16124	6378	6343	157.865	5.49029
rna16123	5987	5952	467.004	17.3087
rna16122	6366	6331	3072.68	107.066
rna16134	1270	1235	9	1.60761
rna16135	5243	5208	114	4.8288
rna16136	690	655	518	174.459
rna16137	3175	3140	1402	98.4972
rna16138	1342	1307	0	0
rna16139	16850	16815	1139	14.9428
rna16140	3196	3161	30.6407	2.13836
rna16141	3300	3265	2.6072	0.176156
rna16142	2550	2515	24.9271	2.18645
rna16143	2560	2525	151.825	13.2644
rna16144	814	779	180	50.9731
rna16145	3774	3739	8	0.471998
rna16146	4032	3997	0	0
rna16147	805	770	20.6599	5.91894
rna16148	849	814	240.34	65.1339
rna16149	1881	1846	34.4307	4.11452
rna16150	2087	2052	79.0401	8.4972
rna16151	1797	1762	159.529	19.9728
rna16152	1449	1414	185.251	28.9013
rna16153	1421	1386	94.7491	15.0806
rna16154	1986	1951	47	5.3143
rna16155	1908	1873	0	0
rna16156	1957	1922	0	0
rna16157	2110	2075	1140	121.197
rna16160	4096	4061	0	0
rna16159	4746	4711	88.3771	4.1384
rna16158	4875	4840	610.623	27.8313
rna16161	937	902	214.697	52.5078
rna16162	2633	2598	79.8609	6.7811
rna16163	2166	2131	199.139	20.6148
rna16165	2286	2251	9.47812	0.928865
rna16164	2542	2507	96.5219	8.49331
rna16166	1409	1374	125	20.0691
rna16167	1669	1634	155	20.926
rna16168	1297	1262	310	54.1886
rna16172	1617	1582	228.532	31.8674
rna16171	1692	1657	33.8163	4.50204
rna16170	1643	1608	400.652	54.965
rna16169	1734	1699	0	0
rna16177	1757	1722	627.497	80.3867
rna16176	1985	1950	12.0514	1.36335
rna16175	1790	1755	176.01	22.1241
rna16174	2168	2133	30.6901	3.17405
rna16173	1686	1651	974.752	130.242
rna16178	1369	1334	0	0
rna16179	1286	1251	0	0
rna16180	1289	1254	0	0
rna16181	1260	1225	221	39.7981
rna16185	3102	3067	83.2413	5.9873
rna16186	3087	3052	0	0
rna16187	3105	3070	1.36502e-005	9.80859e-007
rna16183	3040	3005	2.14108e-007	1.57179e-008
rna16184	3043	3008	0	0
rna16182	3020	2985	162.978	12.0446
rna16188	894	859	82.7803	21.2588
rna16189	619	584	434	163.939
rna16190	1706	1671	1922.62	253.818
rna16191	1569	1534	359.766	51.7369
rna16192	2372	2337	4419.61	417.187
rna16195	1651	1616	0	0
rna16194	1640	1605	0	0
rna16193	1707	1672	220	29.0263
rna16196	1513	1478	524	78.21
rna16197	4986	4951	213.709	9.52215
rna16198	5322	5287	782.291	32.6411
rna16199	5018	4983	78.6311	3.48104
rna16200	5015	4980	0.0331472	0.00146833
rna16201	5055	5020	0	0
rna16202	4860	4825	63.7314	2.91381
rna16203	4609	4574	364.938	17.6006
rna16204	4576	4541	0.666175	0.0323625
rna16208	2663	2628	379.105	31.8229
rna16207	2604	2569	9.07114e-008	7.78939e-009
rna16206	2553	2518	2754.93	241.358
rna16205	2912	2877	47.9615	3.67755
rna16209	811	776	0	0
rna16210	913	878	10	2.51253
rna16211	868	833	2005	530.976
rna16212	3712	3677	483	28.9774
rna16213	3825	3790	542	31.5476
rna16215	1214	1179	294.613	55.1244
rna16214	1367	1332	34.8235	5.76732
rna16216	1080	1045	0	0
rna16217	1002	967	0	0
rna16218	850	815	123.535	33.4379
rna16219	949	914	18.4646	4.45657
rna16220	1223	1188	622	115.499
rna16221	2118	2083	332	35.1605
rna16222	2591	2556	8	0.690454
rna16223	2052	2017	99	10.8277
rna16224	1018	983	1	0.224415
rna16225	2190	2155	1	0.102367
rna16226	746	711	1	0.310267
rna16227	3474	3439	0	0
rna16228	3094	3059	519	37.4277
rna16231	2403	2368	55.0713	5.13038
rna16229	2360	2325	470.414	44.6337
rna16230	2390	2355	235.515	22.0614
rna16232	1308	1273	230.509	39.9453
rna16233	3858	3823	1152.49	66.5026
rna16234	3210	3175	148.057	10.287
rna16235	3197	3162	3.30434e-007	2.3053e-008
rna16236	3017	2982	135.943	10.0567
rna16238	1127	1092	141.723	28.6302
rna16237	1216	1181	271.277	50.672
rna16240	5035	5000	508	22.413
rna16239	5003	4968	0	0
rna16241	1683	1648	248	33.1971
rna16242	1806	1771	20	2.49125
rna16243	983	948	407	94.7091
rna16244	2006	1971	607	67.9372
rna16245	1024	989	75	16.729
rna16246	1174	1139	153.763	29.7807
rna16247	2687	2652	579.996	48.2456
rna16248	2961	2926	73.2404	5.52181
rna16249	2497	2462	4674.77	418.869
rna16250	1329	1294	30.8236	5.25478
rna16251	2004	1969	93.2448	10.4468
rna16261	1634	1599	213.26	29.4216
rna16262	1652	1617	0	0
rna16259	1213	1178	149.815	28.0554
rna16260	1267	1232	321.041	57.4851
rna16257	1305	1270	681.866	118.441
rna16258	1359	1324	473.096	78.8255
rna16256	1390	1355	88.3638	14.386
rna16255	1851	1816	326.063	39.6087
rna16252	1728	1693	0	0
rna16253	1633	1598	0.150474	0.0207726
rna16254	1518	1483	9.20112e-006	1.36869e-006
rna16263	1478	1443	0	0
rna16264	1433	1398	77	12.1504
rna16265	1580	1545	1224	174.767
rna16268	2123	2088	0	0
rna16266	2405	2370	0	0
rna16267	2796	2761	204	16.2993
rna16269	1458	1423	364.455	56.4995
rna16270	1541	1506	1248.4	182.867
rna16271	1711	1676	1159.14	152.57
rna16272	2632	2597	268	22.765
rna16275	2939	2904	0	0
rna16276	3018	2983	0	0
rna16277	3088	3053	0	0
rna16274	2944	2909	83	6.29419
rna16273	3028	2993	0	0
rna16278	2202	2167	12.8244	1.30552
rna16279	1874	1839	184.82	22.1704
rna16280	1978	1943	0	0
rna16281	2001	1966	14.3556	1.6108
rna16282	3654	3619	15.5277	0.946506
rna16283	3327	3292	5	0.335055
rna16284	2107	2072	31.8994	3.39624
rna16285	1863	1828	37.6324	4.54142
rna16286	1429	1394	48	7.59599
rna16287	1292	1257	259	45.4538
rna16288	6886	6851	0	0
rna16289	6805	6770	43.953	1.43221
rna16290	6746	6711	198.885	6.53764
rna16291	6796	6761	211.491	6.90058
rna16292	6766	6731	23.9986	0.786523
rna16293	6742	6707	814.673	26.7954
rna16294	892	857	152	39.1263
rna16295	516	481	87	39.9006
rna16296	13792	13757	7	0.112248
rna16297	1178	1143	27	5.21103
rna16298	1009	974	0	0
rna16299	1653	1618	97	13.2251
rna16303	2391	2356	37.1441	3.47793
rna16302	2593	2558	0	0
rna16301	1947	1912	90.1673	10.4032
rna16300	2008	1973	64.6885	7.23279
rna16305	1507	1472	0	0
rna16304	1505	1470	0	0
rna16306	1489	1454	18	2.73095
rna16307	1167	1132	0	0
rna16308	549	514	0	0
rna16309	9076	9041	0.005328	0.000130003
rna16310	8985	8950	822.64	20.2765
rna16311	8979	8944	1816.23	44.7965
rna16312	9062	9027	0.0332207	0.000811842
rna16313	3641	3606	1085.63	66.414
rna16316	67	32	0	0
rna16317	22	23	0	0
rna16318	101	66	0	0
rna16319	23	24	0	0
rna16314	2031	1996	4.29675	0.474881
rna16315	1829	1794	44.7758	5.50588
rna16320	292	257	2.7181	2.33312
rna16321	3172	3137	407.999	28.6913
rna16322	3345	3310	0.00016903	1.12653e-005
rna16323	3189	3154	16.2709	1.13803
rna16324	2843	2808	80.5703	6.32971
rna16325	3877	3842	16.6875	0.958163
rna16326	4045	4010	910.624	50.0957
rna16327	2738	2703	333.644	27.2297
rna16328	2821	2786	757.204	59.9567
rna16329	1098	1063	270	56.032
rna16330	1685	1650	670	89.577
rna16331	82	47	1	4.69362
rna16332	1247	1212	546.82	99.5285
rna16333	1336	1301	146.18	24.7865
rna16336	1469	1434	188.127	28.9406
rna16335	1716	1681	250.873	32.9225
rna16334	1698	1663	0	0
rna16337	854	819	97	26.1272
rna16338	1878	1843	179	21.4256
rna16340	1441	1406	82.0167	12.8683
rna16339	1321	1286	369.983	63.4668
rna16341	1725	1690	202	26.3676
rna16344	4745	4710	307.138	14.3853
rna16343	5274	5239	168.549	7.09713
rna16342	5119	5084	26.9415	1.16902
rna16345	531	496	4.37143	1.94423
rna16346	3965	3930	2290.96	128.597
rna16347	1628	1593	535	74.0873
rna16348	5027	4992	1410	62.3089
rna16349	890	855	413	106.559
rna16350	943	908	259	62.9245
rna16351	5166	5131	169.802	7.30038
rna16352	5261	5226	170.896	7.21388
rna16353	4894	4859	288.834	13.1131
rna16354	4754	4719	0.789125	0.0368894
rna16355	4698	4663	0	0
rna16356	4527	4492	428.64	21.0503
rna16357	558	523	73.4518	30.9818
rna16358	2409	2374	246.137	22.8719
rna16359	2629	2594	0	0
rna16360	2550	2515	574.054	50.3524
rna16361	2676	2641	60.5237	5.05548
rna16362	2857	2822	1408.16	110.078
rna16363	2841	2806	1712.26	134.613
rna16364	2593	2558	0.00084071	7.25022e-005
rna16365	2724	2689	79.6746	6.53634
rna16366	2589	2554	55.7802	4.81798
rna16367	2317	2282	85.5444	8.26954
rna16368	634	599	101	37.1963
rna16369	92	57	0	0
rna16370	22	23	0	0
rna16371	1688	1653	54.5358	7.27804
rna16372	1692	1657	145.535	19.3754
rna16374	2426	2391	259.7	23.9606
rna16373	2797	2762	171.229	13.676
rna16377	2139	2104	247.97	25.9991
rna16376	2341	2306	182.653	17.4733
rna16375	2174	2139	47.3765	4.88605
rna16378	2105	2070	460	49.0222
rna16379	1575	1540	0	0
rna16380	1606	1571	270	37.9134
rna16384	1537	1502	28.3207	4.15949
rna16383	1609	1574	0	0
rna16381	2607	2572	86.8832	7.45196
rna16382	2297	2262	1.6709e-006	1.62953e-007
rna16387	2773	2738	788.816	63.5548
rna16388	2479	2444	534.811	48.2731
rna16389	2169	2134	112.621	11.6421
rna16385	2128	2093	59.8758	6.31084
rna16386	1932	1897	26.6719	3.10164
rna16390	3410	3375	152.2	9.94828
rna16391	3278	3243	11.9905	0.815635
rna16392	3113	3078	120.809	8.65838
rna16393	1686	1651	24	3.20678
rna16426	7139	7104	158.569	4.92402
rna16425	7157	7122	0.000245948	7.61812e-006
rna16394	7155	7120	0.0595233	0.00184422
rna16395	7158	7123	0.359288	0.0111272
rna16396	7158	7123	1.08491e-005	3.35999e-007
rna16397	7155	7120	0.000267875	8.29962e-006
rna16398	7155	7120	0	0
rna16399	7155	7120	0.644748	0.0199763
rna16400	7155	7120	0	0
rna16401	7158	7123	3.86374	0.11966
rna16402	7158	7123	0	0
rna16403	7155	7120	91.9375	2.84851
rna16404	7155	7120	1.35294e-007	4.19184e-009
rna16405	7155	7120	0.121371	0.00376045
rna16406	7158	7123	0.728479	0.0225611
rna16407	7155	7120	3.64278e-006	1.12865e-007
rna16408	7155	7120	0	0
rna16409	7158	7123	2.20876e-005	6.84057e-007
rna16410	7155	7120	0	0
rna16411	7158	7123	7.81191	0.241936
rna16412	7155	7120	185.292	5.74093
rna16413	7155	7120	0.00099705	3.08917e-005
rna16414	7158	7123	0.00600838	0.00018608
rna16415	7158	7123	1065.76	33.0067
rna16416	7155	7120	2.85006e-008	8.83039e-010
rna16417	7217	7182	392.45	12.0544
rna16418	7158	7123	1.73533e-007	5.37433e-009
rna16419	7220	7185	2179.76	66.9249
rna16420	7158	7123	0	0
rna16421	7155	7120	4.34474e-006	1.34614e-007
rna16422	7155	7120	0	0
rna16423	7158	7123	0.065018	0.00201361
rna16424	7155	7120	1.56847	0.0485962
rna16427	6159	6124	0	0
rna16428	812	777	1	0.283913
rna16429	1303	1268	86.603	15.0667
rna16433	2161	2126	89.5824	9.29533
rna16430	2471	2436	6.81466	0.617124
rna16431	2583	2548	0	0
rna16432	2631	2596	0	0
rna16434	1955	1920	20	2.29792
rna16438	3981	3946	244.002	13.6408
rna16437	4406	4371	107.475	5.42417
rna16436	4417	4382	5.52291	0.278036
rna16435	4454	4419	0.000268903	1.34238e-005
rna16439	72	37	0.25	1.49054
rna16440	2119	2084	269	28.4748
rna16441	1497	1462	31	4.67757
rna16442	3555	3520	414.026	25.9472
rna16445	2034	1999	2416.07	266.626
rna16444	2201	2166	19.2594	1.96151
rna16443	2376	2341	1705.64	160.728
rna16446	1389	1354	19.9723	3.25399
rna16447	1895	1860	11.0277	1.30791
rna16461	9052	9017	247.234	6.04857
rna16460	8422	8387	6.51884	0.171463
rna16459	8424	8389	242.531	6.37768
rna16458	8353	8318	3209.38	85.1153
rna16448	8890	8855	499.615	12.4466
rna16449	8896	8861	16.1216	0.401358
rna16450	8836	8801	3318.58	83.1812
rna16451	8893	8858	0.00409626	0.000102014
rna16452	8899	8864	0.000129	3.21044e-006
rna16453	8983	8948	3.11379	0.076766
rna16454	8923	8888	615.71	15.2819
rna16455	8980	8945	0.00085621	2.11157e-005
rna16456	8929	8894	20.1434	0.499621
rna16457	8986	8951	2.77697e-005	6.84392e-007
rna16462	5605	5570	408.214	16.1673
rna16473	253	218	4	4.04771
rna16463	5511	5476	66.2776	2.66998
rna16464	5417	5382	11.0256	0.451922
rna16465	5564	5529	2.018e-006	8.05156e-008
rna16466	5407	5372	0	0
rna16467	5525	5490	1.65468e-008	6.64886e-010
rna16468	5462	5427	0	0
rna16469	5352	5317	6.71537e-005	2.78618e-006
rna16470	5522	5487	135.951	5.46579
rna16471	5354	5319	218.141	9.04719
rna16472	5590	5555	0.00225033	8.93652e-005
rna16479	730	695	21.2958	6.75952
rna16480	692	657	0	0
rna16483	2744	2709	5.68118e-007	4.62632e-008
rna16484	2720	2685	9.52128	0.78227
rna16485	2462	2427	1.48018e-006	1.34539e-007
rna16486	2438	2403	169.334	15.5452
rna16481	757	722	0	0
rna16482	838	803	21.0328	5.77813
rna16487	2968	2933	4.38811	0.330043
rna16488	2363	2328	0	0
rna16489	2354	2319	0	0
rna16490	2096	2061	0	0
rna16491	2256	2221	0	0
rna16492	2215	2180	83	8.39899
rna16494	4256	4221	237.813	12.4287
rna16493	4185	4150	592.136	31.4759
rna16496	4240	4205	8.62063e-005	4.5225e-006
rna16495	4250	4215	842.051	44.0704
rna16497	1059	1024	0.129891	0.0279825
rna16498	1074	1039	498.87	105.92
rna16499	1228	1193	4	0.739648
rna16500	3262	3227	438	29.942
rna16501	738	703	171	53.6595
rna16502	953	918	0	0
rna16503	2329	2294	9	0.865475
rna16506	2030	1995	21.2798	2.35305
rna16505	4307	4272	409.251	21.1331
rna16504	3462	3427	285.469	18.376
rna16507	2502	2467	87.2773	7.80437
rna16508	2389	2354	1455.72	136.42
rna16509	707	672	76	24.9488
rna16510	1690	1655	149.299	19.9005
rna16513	1754	1719	84.2342	10.8098
rna16512	1571	1536	10.8215	1.55418
rna16511	1979	1944	26.6456	3.02367
rna16514	2368	2333	903	85.3844
rna16515	499	464	156	74.1673
rna16516	1464	1429	351	54.1852
rna16517	2466	2431	35.4721	3.2189
rna16518	2469	2434	680.528	61.6781
rna16522	1718	1683	1.46504e-005	1.9203e-006
rna16521	1771	1736	0	0
rna16520	1699	1664	9.7525	1.29291
rna16519	1704	1669	215.247	28.4503
rna16523	2662	2627	1482	124.45
rna16524	1346	1311	18	3.02883
rna16528	718	683	9.77987	3.15877
rna16527	717	682	55.1871	17.8508
rna16525	767	732	0.00336112	0.00101293
rna16526	770	735	116.03	34.8247
rna16529	1140	1105	53.6985	10.7203
rna16530	1083	1048	47.3015	9.95679
rna16531	619	584	135	50.9949
rna16532	977	942	497	116.389
rna16533	999	964	61	13.9591
rna16534	674	639	12	4.14272
rna16535	1279	1244	0	0
rna16536	2651	2616	11.0673	0.933276
rna16537	750	715	0	0
rna16538	417	382	3.3839	1.95416
rna16539	842	807	204	55.7651
rna16540	2133	2098	239	25.1303
rna16541	1764	1729	167.488	21.3695
rna16542	1887	1852	135.512	16.1415
rna16543	1985	1950	259	29.3002
rna16544	1534	1499	511	75.2012
rna16545	3672	3637	3969	240.737
rna16546	1697	1662	414	54.9509
rna16547	1649	1614	0	0
rna16549	1295	1260	540.923	94.7044
rna16548	1528	1493	64.0773	9.46781
rna16550	676	641	499	171.731
rna16551	1288	1253	89	15.6691
rna16553	1225	1190	171.287	31.7529
rna16552	1218	1183	450.713	84.0467
rna16554	1633	1598	345.741	47.7287
rna16555	1635	1600	787.259	108.543
rna16561	1670	1635	0	0
rna16557	1890	1855	0	0
rna16558	1901	1866	169.472	20.0351
rna16559	1916	1881	0	0
rna16560	1978	1943	97.0557	11.0193
rna16556	2027	1992	192.37	21.3036
rna16562	1470	1435	22.1029	3.39783
rna16563	1778	1743	0.00622838	0.000788285
rna16564	1574	1539	13.0101	1.86486
rna16565	1533	1498	22.9837	3.38465
rna16566	572	537	304	124.883
rna16568	3739	3704	801.349	47.7261
rna16567	4443	4408	408.559	20.4465
rna16569	2169	2134	107.092	11.0706
rna16570	2240	2205	0	0
rna16571	88	53	0	0
rna16572	19	20	0	0
rna16573	20	21	0	0
rna16574	1644	1609	122	16.7267
rna16575	2155	2120	0	0
rna16576	2143	2108	190.82	19.9691
rna16577	2151	2116	0	0
rna16578	1563	1528	909.18	131.26
rna16585	2047	2012	0.865317	0.0948753
rna16584	2043	2008	9.07561	0.997052
rna16580	1651	1616	57.8444	7.89633
rna16581	1725	1690	0	0
rna16582	2115	2080	0	0
rna16583	2138	2103	0	0
rna16579	2168	2133	51.3746	5.31329
rna16586	624	589	10.1837	3.81414
rna16587	571	536	32.6563	13.4403
rna16588	540	505	81	35.3834
rna16590	2797	2762	573.251	45.7854
rna16589	2932	2897	171.749	13.0783
rna16592	909	874	782.726	197.562
rna16591	3329	3294	247.274	16.56
rna16594	1177	1142	315.164	60.8802
rna16593	1306	1271	161.126	27.9658
rna16595	711	676	57.7096	18.8325
rna16596	2743	2708	359	29.245
rna16597	2801	2766	0	0
rna16598	2132	2097	1239.62	130.405
rna16600	3138	3103	689.795	49.0393
rna16599	3154	3119	1.58796	0.112313
rna16601	1753	1718	542	69.5956
rna16602	784	749	15.2227	4.48349
rna16604	1614	1579	171.777	23.9988
rna16603	1842	1807	0	0
rna16605	1166	1131	41	7.997
rna16606	537	502	194.192	85.3363
rna16607	545	510	27.8077	12.0282
rna16608	2886	2851	285	22.0523
rna16609	2545	2510	175.123	15.3913
rna16610	3066	3031	354.877	25.8284
rna16612	3085	3050	3.74871	0.271136
rna16611	3276	3241	867.233	59.0286
rna16613	1009	974	122.959	27.8489
rna16614	1006	971	561.059	127.466
rna16615	1206	1171	238	44.8359
rna16617	572	537	207.533	85.2548
rna16616	607	572	327.467	126.292
rna16619	4333	4298	0	0
rna16618	4992	4957	307.177	13.6702
rna16620	1287	1252	148	26.0773
rna16621	1374	1339	112.823	18.5875
rna16622	1383	1348	41.1774	6.73868
rna16623	1239	1204	0	0
rna16624	1320	1285	123.184	21.1475
rna16625	1193	1158	60.8156	11.5854
rna16626	824	789	539	150.701
rna16627	9245	9210	36.2635	0.868593
rna16628	9371	9336	662.791	15.6611
rna16629	8531	8496	439.779	11.4189
rna16630	8986	8951	0	0
rna16631	8888	8853	0.165552	0.00412524
rna16632	9178	9143	0	0
rna16633	9130	9095	0.000805095	1.95277e-005
rna16634	5032	4997	0	0
rna16637	2589	2554	1327.41	114.654
rna16635	2913	2878	705.071	54.0441
rna16636	2969	2934	151.521	11.3924
rna16638	4749	4714	1414	66.1707
rna16639	4873	4838	48.1133	2.19384
rna16640	4862	4827	74.5063	3.40503
rna16641	4676	4641	409.75	19.4766
rna16642	4665	4630	648.86	30.9155
rna16643	485	450	17.7698	8.71114
rna16644	1149	1114	257	50.8925
rna16645	633	598	204	75.2549
rna16646	3774	3739	333	19.6469
rna16647	3020	2985	340	25.127
rna16648	691	656	0	0
rna16649	1084	1049	6.17059	1.29765
rna16650	1133	1098	0	0
rna16651	914	879	4.82941	1.21202
rna16652	1652	1617	101.415	13.8356
rna16653	1889	1854	21.989	2.61639
rna16655	617	582	0	0
rna16654	1619	1584	214.007	29.8043
rna16656	1310	1275	9.58861	1.65902
rna16657	1971	1936	171.5	19.5418
rna16658	1971	1936	171.5	19.5418
rna16659	2495	2460	294	26.3644
rna16660	3825	3790	555	32.3042
rna16661	7793	7758	1777.48	50.5429
rna16662	7705	7670	148.522	4.2717
rna16663	6849	6814	0	0
rna16664	2425	2390	266	24.5521
rna16665	2289	2254	42	4.11056
rna16666	1148	1113	0	0
rna16667	6489	6454	0	0
rna16668	6554	6519	0.603316	0.0204159
rna16669	6455	6420	146.82	5.04494
rna16670	6548	6513	1.78991	0.0606254
rna16671	6445	6410	368.787	12.6918
rna16672	430	395	0	0
rna16674	867	832	30.324	8.04025
rna16673	1080	1045	43.5533	9.19413
rna16675	2945	2910	1154	87.482
rna16676	2499	2464	13729	1229.15
rna16712	7951	7916	1416.52	39.475
rna16713	7906	7871	273.708	7.67119
rna16714	7912	7877	97.3391	2.72604
rna16710	8152	8117	0.420961	0.0114407
rna16711	8002	7967	110.318	3.05463
rna16706	8138	8103	2087.29	56.8255
rna16707	8018	7983	32.3556	0.894107
rna16708	8081	8046	218.407	5.98814
rna16709	8159	8124	0.13381	0.00363349
rna16688	8172	8137	0.531388	0.0144063
rna16689	8070	8035	3.1817e-008	8.73533e-010
rna16690	8133	8098	0	0
rna16691	8091	8056	0	0
rna16692	8154	8119	3.56277e-008	9.68035e-010
rna16693	8088	8053	0.00128079	3.50852e-005
rna16694	8151	8116	73.4337	1.99599
rna16695	8172	8137	6.96881e-007	1.8893e-008
rna16696	8055	8020	178.61	4.91288
rna16697	8118	8083	285.304	7.78648
rna16698	8106	8071	0	0
rna16699	8169	8134	0	0
rna16700	8127	8092	0	0
rna16701	8184	8149	0	0
rna16702	8190	8155	0	0
rna16703	8175	8140	0	0
rna16704	8172	8137	0	0
rna16705	8190	8155	0	0
rna16679	8191	8156	0.000103137	2.78961e-006
rna16680	8155	8120	0.280605	0.00762333
rna16681	8191	8156	0.00115722	3.13e-005
rna16682	8134	8099	3.72859e-007	1.01559e-008
rna16683	8191	8156	25.5081	0.689932
rna16684	8101	8066	0.000219304	5.99782e-006
rna16685	7960	7925	2.56512e-006	7.14027e-008
rna16686	8017	7982	5.68696e-005	1.57172e-006
rna16687	8191	8156	0	0
rna16677	8192	8157	242.836	6.56731
rna16678	8132	8097	0	0
rna16715	1104	1069	29	5.98447
rna16719	1645	1610	30.7756	4.21684
rna16718	1784	1749	28.232	3.56088
rna16717	1880	1845	53.2156	6.3628
rna16716	1892	1857	0.0251706	0.00299012
rna16720	1529	1494	64.0455	9.45678
rna16721	1057	1022	107.706	23.2485
rna16722	736	701	41	12.9024
rna16730	1233	1198	0	0
rna16731	1326	1291	7.30931	1.24898
rna16732	1560	1525	489.647	70.8303
rna16727	1261	1226	0	0
rna16728	1354	1319	0	0
rna16729	1395	1360	0	0
rna16726	1019	984	249.857	56.0148
rna16725	979	944	678.707	158.605
rna16724	1062	1027	39.4797	8.48026
rna16723	1090	1055	0	0
rna16733	1478	1443	292	44.6398
rna16734	119	84	0	0
rna16735	119	84	0	0
rna16737	1639	1604	486.814	66.9522
rna16736	1835	1800	1207.19	147.947
rna16738	2876	2841	188.629	14.6468
rna16739	2849	2814	1692.88	132.711
rna16740	2816	2781	134.51	10.6699
rna16741	2864	2829	2482.98	193.618
rna16742	1890	1855	414.17	49.2539
rna16744	1177	1142	1011.71	195.432
rna16743	1989	1954	274.026	30.9367
rna16745	1588	1553	284.095	40.3551
rna16746	1131	1096	5399	1086.7
rna16747	546	511	4.82399	2.08253
rna16748	510	475	0	0
rna16750	551	516	0	0
rna16749	448	413	104.176	55.6446
rna16751	2111	2076	164	17.427
rna16753	2279	2244	1266.97	124.551
rna16754	2210	2175	324.152	32.8772
rna16755	2273	2238	1419.59	139.929
rna16756	2204	2169	363.541	36.9742
rna16752	1410	1375	137.747	22.0996
rna16757	1634	1599	5	0.689806
rna16758	73	38	0	0
rna16759	4964	4929	143	6.40004
rna16760	72	37	0.25	1.49054
rna16761	119	84	0	0
rna16762	1860	1825	78.7552	9.51968
rna16763	1855	1820	246.245	29.847
rna16765	1481	1446	0.00205938	0.000314177
rna16764	1470	1435	16.9979	2.61306
rna16766	2205	2170	87	8.84433
rna16768	2944	2909	1.98402e-006	1.50456e-007
rna16767	3429	3394	117	7.60466
rna16769	1797	1762	66.0929	8.27474
rna16770	1270	1235	25.4278	4.542
rna16771	4977	4942	1448	64.6353
rna16772	4258	4223	27.7324	1.44868
rna16773	4768	4733	0	0
rna16774	4654	4619	504.316	24.0858
rna16775	1446	1411	0.416884	0.0651768
rna16776	1299	1264	31.3786	5.47636
rna16777	1443	1408	18.2045	2.85221
rna16778	754	719	284	87.1355
rna16779	681	646	638.554	218.058
rna16780	2119	2084	0	0
rna16782	2174	2139	243.446	25.1071
rna16781	2229	2194	0	0
rna16783	73	38	0	0
rna16784	76	41	0	0
rna16785	23	24	0	0
rna16786	7820	7785	717.624	20.335
rna16789	115	80	1	2.7575
rna16790	22	23	0	0
rna16787	7964	7929	0.0141425	0.000393473
rna16788	8305	8270	62.6008	1.66986
rna16791	89	54	0	0
rna16792	23	24	0	0
rna16793	3662	3627	0	0
rna16794	3640	3605	165.8	10.1458
rna16795	2989	2954	0	0
rna16797	2826	2791	0	0
rna16798	2790	2755	0	0
rna16799	2817	2782	5.2785	0.418561
rna16800	2841	2806	0	0
rna16801	2784	2749	90.6944	7.27799
rna16802	2811	2776	0	0
rna16803	2754	2719	127.59	10.3517
rna16804	2757	2722	3.60831	0.29243
rna16796	6523	6488	10432	354.701
rna16805	2777	2742	919.477	73.974
rna16806	126	91	1	2.42418
rna16807	22	23	0	0
rna16808	1071	1036	141	30.0238
rna16809	1289	1254	42	7.38852
rna16811	2785	2750	44.9042	3.60213
rna16810	3620	3585	133.096	8.18994
rna16812	1885	1850	12.3624	1.47414
rna16813	1678	1643	0	0
rna16814	1858	1823	4.18656	0.506613
rna16815	3679	3644	330.87	20.0302
rna16816	953	918	0	0
rna16817	2436	2401	1	0.0918784
rna16818	6222	6187	0.770729	0.0274807
rna16819	6208	6173	11.1896	0.399876
rna16820	6212	6177	5.20681	0.185951
rna16821	5954	5919	147.736	5.50609
rna16822	6051	6016	89.8711	3.29547
rna16823	6206	6171	74.8437	2.6755
rna16829	4321	4286	1	0.0514699
rna16830	2689	2654	1	0.0831198
rna16826	5941	5906	0	0
rna16827	5872	5837	82.7842	3.1287
rna16824	2646	2611	211.297	17.8522
rna16825	2577	2542	140.24	12.1703
rna16828	5919	5884	809.318	30.3426
rna16831	1166	1131	25.7436	5.02126
rna16838	5515	5480	1071.87	43.1486
rna16836	5559	5524	43.9477	1.75504
rna16837	5541	5506	0.00408402	0.000163628
rna16833	5569	5534	0.00065002	2.59115e-005
rna16834	5578	5543	94.1775	3.74807
rna16835	5584	5549	0.000222205	8.83375e-006
rna16832	5576	5541	0.00122106	4.86134e-005
rna16840	2036	2001	0	0
rna16839	3192	3157	5.18823	0.362535
rna16841	2727	2692	126.025	10.3273
rna16842	2500	2465	169.786	15.1947
rna16843	9128	9093	1.70795e-005	4.14355e-007
rna16844	9020	8985	22.9516	0.563508
rna16845	9067	9032	0.0484002	0.00118214
rna16846	2883	2848	0	0
rna16848	2239	2204	1.55278	0.155419
rna16847	2574	2539	1.44722	0.125742
rna16850	4325	4290	0	0
rna16851	4237	4202	0	0
rna16849	6483	6448	5	0.171061
rna16852	2400	2365	25.0216	2.33394
rna16853	1984	1949	2.77538	0.314134
rna16854	2064	2029	0.224162	0.0243716
rna16855	4068	4033	562.625	30.7749
rna16856	4148	4113	198.603	10.652
rna16861	1715	1680	8.36101	1.09788
rna16860	1681	1646	187.345	25.1083
rna16859	1672	1637	20.7303	2.7936
rna16858	1622	1587	0	0
rna16857	2143	2108	23.462	2.45527
rna16862	1961	1926	0	0
rna16863	1774	1739	94.535	11.9922
rna16864	1792	1757	0	0
rna16865	2078	2043	11.4692	1.23843
rna16866	2158	2123	1.13181	0.117606
rna16867	2181	2146	6.63369	0.681916
rna16868	1729	1694	0	0
rna16869	1739	1704	38.1463	4.93842
rna16870	1819	1784	2.66868	0.329995
rna16871	1832	1797	0	0
rna16872	1885	1850	186.907	22.2875
rna16873	1965	1930	18.6706	2.13406
rna16874	1988	1953	105.355	11.9003
rna16875	1803	1768	18.3568	2.29045
rna16876	2315	2280	81.5552	7.89083
rna16877	1672	1637	17.4448	2.35084
rna16878	471	436	3	1.51789
rna16880	1543	1508	461.045	67.4446
rna16879	1460	1425	63.9552	9.90072
rna16881	3368	3333	3823	253.032
rna16882	606	571	426	164.581
rna16883	1655	1620	1047	142.573
rna16884	2593	2558	18.0058	1.55281
rna16886	5279	5244	0.00321444	0.000135222
rna16885	5273	5238	158.171	6.66141
rna16888	3032	2997	21	1.54575
rna16889	2346	2311	0	0
rna16890	255	220	1	1.00273
rna16891	1694	1659	0	0
rna16892	1448	1413	227.421	35.5053
rna16893	1525	1490	15.5793	2.30658
rna16894	1147	1112	1	0.198381
rna16887	4412	4377	85.826	4.32561
rna16897	1514	1479	185.673	27.694
rna16896	1685	1650	84.6512	11.3176
rna16895	1721	1686	35.676	4.66792
rna16898	2070	2035	700	75.8821
rna16899	2784	2749	569	45.6608
rna16900	2757	2722	79	6.40243
rna16901	941	906	6.61314	1.61022
rna16902	804	769	97.3869	27.937
rna16908	2755	2720	123.543	10.0197
rna16904	3119	3084	0	0
rna16905	3092	3057	107.819	7.78044
rna16906	3128	3093	0	0
rna16907	3398	3363	28.9852	1.90132
rna16903	2936	2901	315.653	24.0032
rna16909	1197	1162	3803	721.981
rna16910	1602	1567	246.738	34.7355
rna16911	1542	1507	558.262	81.7203
rna16912	555	520	124	52.6046
rna16913	148	113	0	0
rna16914	2760	2725	363	29.3864
rna16915	739	704	757	237.208
rna16916	1517	1482	199.862	29.7501
rna16917	1659	1624	18.1376	2.46377
rna16918	1293	1258	0	0
rna16919	72	37	0.5	2.98108
rna16921	3341	3306	570.102	38.0413
rna16920	3188	3153	62.4901	4.37212
rna16922	3123	3088	144.066	10.2918
rna16923	1185	1150	46.3885	8.89853
rna16924	1317	1282	26.3606	4.536
rna16925	1369	1334	61.5922	10.1853
rna16926	4342	4307	550	28.1704
rna16927	1787	1752	999	125.787
rna16928	326	291	0	0
rna16929	820	785	65	18.2662
rna16930	982	947	47.5055	11.0662
rna16931	961	926	202.495	48.2401
rna16933	7513	7478	0.178732	0.00527256
rna16932	7333	7298	0.0010029	3.03152e-005
rna16936	7652	7617	0	0
rna16935	7510	7475	216.597	6.39214
rna16934	7523	7488	0.036879	0.00108647
rna16937	586	551	52.1866	20.8936
rna16940	3943	3908	1594.71	90.019
rna16939	4494	4459	138.727	6.86325
rna16938	4488	4453	829.984	41.1171
rna16941	4268	4233	174.069	9.07152
rna16942	3953	3918	18.504	1.04186
rna16944	983	948	291.438	67.8178
rna16943	1291	1256	57.2777	10.0601
rna16945	2635	2600	181.564	15.405
rna16946	9920	9885	484.567	10.8139
rna16947	9577	9542	0.00135423	3.13082e-005
rna16948	9457	9422	769.293	18.0117
rna16949	8553	8518	974.45	25.2364
rna16950	3014	2979	319	23.6225
rna16951	2514	2479	415	36.9298
rna16952	5346	5311	15	0.623047
rna16953	952	917	218	52.4436
rna16954	1199	1164	3	0.568557
rna16960	4700	4665	0	0
rna16959	4711	4676	5.12321e-006	2.41698e-007
rna16958	4718	4683	0	0
rna16956	4728	4693	7.05059e-008	3.31421e-009
rna16957	4738	4703	0	0
rna16955	4656	4621	5.99999	0.286431
rna16961	12191	12156	9004.12	163.402
rna16962	5660	5625	98.8012	3.87476
rna16966	4248	4213	0	0
rna16965	4209	4174	43.5809	2.3033
rna16963	5949	5914	177.903	6.63603
rna16964	6051	6016	71.8974	2.6364
rna16967	7596	7561	174.078	5.07891
rna16968	7593	7558	0.143284	0.00418211
rna16969	7379	7344	66.7787	2.00591
rna16970	12207	12172	0	0
rna16971	11975	11940	0.0536962	0.000992075
rna16972	11903	11868	67.9487	1.26302
rna16973	2416	2381	85	7.87526
rna16974	2564	2529	0	0
rna16980	3784	3749	28.0522	1.65066
rna16979	3678	3643	0	0
rna16978	3517	3482	583.464	36.965
rna16977	3785	3750	4.50384	0.264946
rna16976	3894	3859	1131.17	64.6637
rna16975	3444	3409	1462.56	94.6437
rna16982	5054	5019	171.621	7.54326
rna16983	5121	5086	825.672	35.8127
rna16981	4839	4804	50.7069	2.32846
rna16991	15227	15192	296.117	4.29985
rna16992	15329	15294	535.264	7.72063
rna16993	15356	15321	298.266	4.2946
rna16994	15260	15225	1511.88	21.9061
rna16995	15362	15327	23.2279	0.334317
rna16996	15359	15324	70.5468	1.01557
rna16986	15300	15265	828.271	11.9697
rna16987	15354	15319	5912.19	85.1381
rna16988	15234	15199	573.667	8.32627
rna16989	15318	15283	4533.29	65.435
rna16990	15390	15355	12.0478	0.173087
rna16984	15358	15323	78.3515	1.128
rna16985	15418	15383	8.36268	0.119925
rna17014	6045	6010	0	0
rna17015	6072	6037	0	0
rna17016	6102	6067	0	0
rna17017	6108	6073	0	0
rna17018	6135	6100	0	0
rna17019	6135	6100	0	0
rna17012	8112	8077	0	0
rna17013	8145	8110	0	0
rna17010	8173	8138	0	0
rna17011	8203	8168	0	0
rna17007	8228	8193	0	0
rna17008	8234	8199	0	0
rna17009	8231	8196	0	0
rna17002	8208	8173	0	0
rna17003	8205	8170	0	0
rna17004	8109	8074	0	0
rna17005	8235	8200	0	0
rna17006	8262	8227	0	0
rna17001	8140	8105	0	0
rna16998	8180	8145	0	0
rna16999	8234	8199	0	0
rna17000	8264	8229	0	0
rna16997	8238	8203	0	0
rna17021	2205	2170	82.8216	8.41956
rna17022	1064	1029	10.3107	2.21043
rna17023	1063	1028	5.52901	1.18648
rna17024	1467	1432	105.313	16.2235
rna17025	1003	968	0	0
rna17026	921	886	80.2607	19.9836
rna17020	3189	3154	30.8466	2.1575
rna17027	948	913	3	0.724863
rna17028	910	875	87.3121	22.0126
rna17029	1363	1328	397.242	65.9876
rna17030	89	54	0	0
rna17031	22	23	0	0
rna17032	22	23	0	0
rna17033	1310	1275	0	0
rna17034	1169	1134	29	5.64145
rna17036	1425	1390	111.724	17.7312
rna17035	1481	1446	211.276	32.232
rna17037	1936	1901	204.099	23.6845
rna17038	2179	2144	45.9008	4.72282
rna17039	2450	2415	409	37.3604
rna17041	1328	1293	146.423	24.9814
rna17040	1466	1431	417.577	64.3728
rna17042	1089	1054	93.8933	19.6517
rna17043	1164	1129	30.1067	5.88267
rna17045	768	733	44.0277	13.2504
rna17044	752	717	242.83	74.7119
rna17046	3842	3807	213.151	12.3512
rna17047	3643	3608	340.991	20.8488
rna17048	2001	1966	303	33.9989
rna17049	2158	2123	0	0
rna17050	2296	2261	98	9.56161
rna17051	2229	2194	0	0
rna17052	5240	5205	1009.74	42.7952
rna17053	5177	5142	0.258614	0.011095
rna17054	1796	1761	376	47.1014
rna17055	520	485	175	79.598
rna17056	1758	1723	766	98.0729
rna17057	1809	1774	0	0
rna17058	1885	1850	338.203	40.3284
rna17060	827	792	68.2759	19.0172
rna17059	798	763	31.2241	9.02759
gene7356	1245	1210	412.797	75.2587
rna17062	827	792	68.2759	19.0172
rna17061	798	763	31.2241	9.02759
rna17063	5746	5711	746.175	28.8227
rna17064	4823	4788	5.82452	0.268356
rna17065	713	678	160.048	52.0747
rna17066	646	611	3.02051	1.09055
rna17067	1449	1414	262.931	41.0203
rna17068	1533	1498	251	36.963
rna17069	3716	3681	441.733	26.4728
rna17070	3567	3532	0.647839	0.0404625
rna17071	3541	3506	3990.62	251.093
rna17073	2720	2685	61.455	5.04915
rna17072	2745	2710	144.686	11.7778
rna17074	2685	2650	134.859	11.2263
rna17075	2166	2131	0	0
rna17076	2170	2135	28	2.89312
rna17077	2973	2938	72.9314	5.47606
rna17078	2611	2576	63.0686	5.40099
rna17079	3371	3336	264	17.4576
rna17080	1467	1432	423	65.1633
rna17081	3110	3075	2963.48	212.6
rna17082	3077	3042	197.646	14.3329
rna17083	3037	3002	542.876	39.8929
rna17084	2963	2928	0	0
rna17085	3126	3091	0	0
rna17086	3100	3065	0	0
rna17087	3102	3067	0	0
rna17088	3263	3228	0	0
rna17089	2915	2880	0	0
rna17095	615	580	16	6.08552
rna17093	2425	2390	22.9999	2.12292
rna17090	2713	2678	0	0
rna17091	2566	2531	0	0
rna17092	2341	2306	0.000136127	1.30224e-005
rna17094	2722	2687	0	0
rna17096	1816	1781	0	0
rna17097	1431	1396	2	0.316046
rna17099	1138	1103	0	0
rna17098	1235	1200	335.937	61.7564
rna17100	1005	970	43.3002	9.84745
rna17101	1156	1121	133.763	26.3231
rna17104	3623	3588	1591.03	97.8209
rna17103	3596	3561	2049.97	126.993
rna17102	3592	3557	0.00119756	7.42711e-005
rna17105	1038	1003	50	10.997
rna17107	1599	1564	209.604	29.5644
rna17106	1610	1575	18.3959	2.5766
rna17111	2343	2308	24.5286	2.34446
rna17112	2386	2351	0	0
rna17108	2343	2308	0	0
rna17109	4001	3966	6.80372	0.378442
rna17110	4930	4895	221.299	9.97313
rna17113	108	73	0	0
rna17114	22	23	0	0
rna17115	774	739	88	26.269
rna17116	1264	1229	39.9637	7.17331
rna17117	1698	1663	2.03629	0.270118
rna17118	587	552	0	0
rna17120	1038	1003	2	0.43988
rna17119	1373	1338	0	0
rna17121	963	928	0	0
rna17122	901	866	1	0.254734
rna17123	779	744	0	0
rna17124	968	933	0	0
rna17125	1071	1036	0	0
rna17126	1344	1309	3	0.505577
rna17127	3847	3812	56	3.24071
rna17128	1250	1215	4	0.726255
rna17129	2422	2387	29	2.6801
rna17130	5083	5048	130.024	5.68212
rna17131	9634	9599	1.38984e-007	3.19407e-009
rna17132	9631	9596	2.01043e-007	4.62172e-009
rna17133	9493	9458	5.406	0.12609
rna17134	9466	9431	158.184	3.70009
rna17135	9587	9552	4.57589e-005	1.05679e-006
rna17137	1296	1261	0	0
rna17136	1162	1127	275.409	53.9089
rna17138	1671	1636	304	40.9917
rna17139	930	895	399	98.3457
rna17141	525	490	1048	471.814
rna17140	574	539	11	4.50204
rna17142	1428	1393	5	0.791816
rna17146	5930	5895	27.5992	1.03281
rna17143	5526	5491	118.624	4.76571
rna17144	5888	5853	15.8551	0.597581
rna17145	5428	5393	60.5542	2.47696
rna17149	1460	1425	379	58.6719
rna17147	3833	3798	108.733	6.31554
rna17148	2553	2518	13.6345	1.19451
rna17150	2057	2022	460	50.186
rna17151	91	56	0	0
rna17152	1146	1111	6075	1206.25
rna17157	4437	4402	116.516	5.83902
rna17156	4205	4170	2.63074e-006	1.39171e-007
rna17155	4260	4225	0	0
rna17154	4252	4217	0	0
rna17153	4437	4402	0	0
rna17158	3745	3710	713.831	42.4451
rna17162	1863	1828	250.736	30.2584
rna17161	1868	1833	143.405	17.2587
rna17159	1572	1537	61.377	8.80923
rna17160	1596	1561	3.2457e-005	4.58681e-006
rna17163	1775	1740	15	1.90172
rna17164	1974	1939	2	0.22754
rna17165	1535	1500	35	5.14733
rna17166	1382	1347	259	42.4168
rna17167	1102	1067	208	43.0036
rna17168	1468	1433	77.9493	11.9997
rna17169	1482	1447	142.512	21.7265
rna17170	989	954	25.0143	5.78424
rna17172	795	760	176.524	51.2384
rna17171	897	862	0	0
rna17173	2089	2054	514.106	55.2151
rna17174	2194	2159	261	26.6682
rna17175	4226	4191	2657.1	139.861
rna17178	871	836	15.9209	4.20115
rna17177	893	858	0	0
rna17176	771	736	76.9744	23.0714
rna17179	255	220	22	22.06
rna17180	2367	2332	218.211	20.6421
rna17181	2481	2446	192.283	17.3417
rna17182	2677	2642	209.467	17.4899
rna17184	504	469	0	0
rna17183	1542	1507	352.039	51.5327
rna17185	2288	2253	106	10.3789
rna17186	2418	2383	93.768	8.68033
rna17187	2700	2665	1120.23	92.7292
rna17191	4806	4771	106.243	4.91242
rna17190	4741	4706	291.183	13.6496
rna17188	4818	4783	89.5741	4.13131
rna17189	4877	4842	0	0
rna17192	1609	1574	115	16.1175
rna17195	2785	2750	604.064	48.4569
rna17194	2865	2830	0	0
rna17193	2885	2850	0	0
rna17196	82	47	0	0
rna17197	22	23	0	0
rna17199	2097	2062	85.3241	9.12828
rna17198	1952	1917	465.676	53.588
rna17200	4103	4068	247.625	13.4282
rna17201	3947	3912	316.582	17.8522
rna17202	3943	3908	188.793	10.6571
rna17203	817	782	252.092	71.1145
rna17204	665	630	3389.91	1187.01
rna17205	2450	2415	481.781	44.0087
rna17206	1517	1482	20	2.97706
rna17207	1383	1348	0	0
rna17208	1181	1146	7.06317	1.35963
rna17209	1335	1300	151.727	25.7469
rna17210	1496	1461	190.21	28.7203
rna17211	1171	1136	239	46.4115
rna17212	521	486	232	105.307
rna17213	1937	1902	40	4.63933
rna17214	3307	3272	21	1.41583
rna17217	2337	2302	58.4677	5.60294
rna17215	2359	2324	157.597	14.9595
rna17216	2362	2327	272.935	25.8743
rna17218	1471	1436	6.12051	0.940239
rna17219	789	754	5.87949	1.72018
rna17220	1388	1353	5.85714	0.954979
rna17221	1157	1122	10.1429	1.99422
rna17225	1016	981	0	0
rna17224	1014	979	0	0
rna17223	1181	1146	0	0
rna17222	1077	1042	0	0
rna17226	1081	1046	0	0
rna17227	3664	3629	482.628	29.338
rna17228	1985	1950	115.184	13.0306
rna17229	1939	1904	33.2281	3.84985
rna17230	1456	1421	0	0
rna17233	3854	3819	12.9236	0.746516
rna17232	3282	3247	30.3622	2.0628
rna17231	3482	3447	511.669	32.7456
rna17234	3868	3833	177	10.1869
rna17236	3745	3710	296.855	17.6513
rna17235	3937	3902	336.145	19.004
rna17237	2092	2057	520.726	55.8446
rna17238	2086	2051	144.347	15.5256
rna17239	1758	1723	562.926	72.0729
rna17240	1678	1643	666.781	89.5264
rna17241	1373	1338	284.219	46.8601
rna17242	648	613	52	18.7132
rna17244	1971	1936	197.17	22.4668
rna17243	1903	1868	326.83	38.5968
rna17245	2567	2532	1261.29	109.89
rna17246	2531	2496	0	0
rna17247	1965	1930	69.8021	7.97842
rna17248	1863	1828	0	0
rna17249	1898	1863	2924.9	346.341
rna17250	1666	1631	66.4592	8.98891
rna17251	1601	1566	99.5512	14.0236
rna17252	3126	3091	1370	97.7749
rna17253	1557	1522	101.967	14.7791
rna17254	1661	1626	0	0
rna17255	1527	1492	452.033	66.8355
rna17256	1894	1859	127	15.0706
rna17257	2448	2413	188	17.1872
rna17258	1330	1295	985	167.792
rna17259	908	873	199	50.2857
rna17260	1803	1768	0	0
rna17261	1860	1825	163.967	19.8197
rna17262	2170	2135	919.609	95.0191
rna17263	1935	1900	0	0
rna17264	1850	1815	221.425	26.9126
rna17265	1961	1926	282	32.2997
rna17266	2386	2351	3	0.281497
rna17267	3927	3892	3.99997	0.22672
rna17268	3966	3931	3.07664e-005	1.72655e-006
rna17269	338	303	0	0
rna17270	3738	3703	0	0
rna17271	3725	3690	0	0
rna17272	3633	3598	44.8159	2.74775
rna17273	3633	3598	44.8159	2.74775
rna17274	3624	3589	3499.37	215.091
rna17276	1438	1403	78.1478	12.2875
rna17277	1564	1529	620.579	89.5355
rna17275	1163	1128	1953.27	381.996
rna17278	2494	2459	6.83775	0.613423
rna17279	2470	2435	455.927	41.305
rna17280	2473	2438	102.24	9.25106
rna17281	1558	1523	390	56.4898
rna17282	1978	1943	571	64.8289
rna17283	1259	1224	798	143.823
rna17285	2610	2575	183.996	15.7629
rna17284	3676	3641	12.7757	0.774049
rna17286	1644	1609	77.9351	10.6852
rna17287	1436	1401	12.8555	2.02422
rna17288	1488	1453	88.1557	13.3841
rna17289	1515	1480	59.2821	8.83624
rna17290	3418	3383	33.2423	2.16768
rna17291	3823	3788	368.254	21.4459
rna17292	4086	4051	262.201	14.2783
rna17294	1660	1625	520	70.592
rna17293	3468	3433	697.303	44.8078
rna17295	1000	965	534	122.073
rna17296	2996	2961	470	35.0159
rna17297	2488	2453	516.762	46.4728
rna17298	3776	3741	0	0
rna17299	4021	3986	35.7698	1.97964
rna17300	3686	3651	1386.94	83.8012
rna17301	3686	3651	508.592	30.7301
rna17302	3759	3724	105.94	6.27564
rna17303	2177	2142	252	25.9529
rna17304	2774	2739	1867.29	150.392
rna17305	1555	1520	322.373	46.7865
rna17306	1018	983	60.3387	13.5409
rna17307	2262	2227	664	65.7739
rna17308	2910	2875	295	22.6355
rna17309	4967	4932	41.8985	1.87405
rna17310	4676	4641	0	0
rna17311	12544	12509	15.1015	0.26632
rna17312	72	37	0	0
rna17313	73	38	0	0
rna17314	73	38	0	0
rna17315	3917	3882	377	21.4236
rna17316	2344	2309	30.1949	2.8848
rna17317	2346	2311	206.156	19.6789
rna17318	2137	2102	993.923	104.31
rna17319	2590	2555	1108.48	95.7065
rna17320	2595	2560	0.000154246	1.32917e-005
rna17321	1940	1905	440.523	51.0128
rna17322	15560	15525	4510.63	64.093
rna17323	1806	1771	0	0
rna17324	2699	2664	5	0.414039
rna17326	1279	1244	0	0
rna17325	1317	1282	0	0
rna17327	1868	1833	5	0.601746
rna17328	2739	2704	31	2.52907
rna17330	876	841	24.7683	6.49689
rna17329	600	565	0.280062	0.109348
rna17332	806	771	0	0
rna17331	523	488	0	0
rna17333	1931	1896	37.9517	4.41569
rna17334	3286	3251	15.8007	1.07218
rna17335	1640	1605	30.1993	4.15075
rna17336	4562	4527	37	1.803
rna17337	6633	6598	7.00115	0.234079
rna17338	8669	8634	41.3158	1.05562
rna17339	2195	2160	1462.68	149.383
rna17343	3401	3366	16.6521	1.09134
rna17341	3756	3721	11.2735	0.668349
rna17342	3672	3637	11.0493	0.670187
rna17340	3606	3571	14.0252	0.866413
rna17344	3393	3358	53	3.48178
rna17345	2624	2589	573	48.8234
rna17346	838	803	33.4029	9.17644
rna17347	916	881	160.716	40.2428
rna17348	1965	1930	383.881	43.8778
rna17350	2718	2683	29.1787	2.39911
rna17349	2668	2633	313.821	26.2928
rna17351	5137	5102	16.9443	0.732638
rna17352	2126	2091	0.0556815	0.00587439
rna17353	4256	4221	2615.53	136.694
rna17354	598	563	3	1.17549
rna17355	682	647	264	90.013
rna17356	1184	1149	588	112.892
rna17357	668	633	106	36.9409
rna17358	1935	1900	0.216758	0.0251668
rna17359	1461	1426	374.04	57.8634
rna17360	1967	1932	105.694	12.0684
rna17361	1919	1884	945.756	110.74
rna17362	1926	1891	0.364504	0.0425223
rna17363	1452	1417	779.694	121.384
rna17364	1349	1314	128.235	21.5287
rna17365	2471	2436	240	21.734
rna17366	7505	7470	1142.73	33.7464
rna17367	3082	3047	39.811	2.88228
rna17368	1194	1159	6.60757	1.25766
rna17369	563	528	9.58139	4.00314
rna17370	714	679	2	0.649779
rna17371	1133	1098	3	0.602732
rna17372	4204	4169	18.1131	0.958443
rna17373	2377	2342	39.1434	3.68704
rna17377	4690	4655	67.3166	3.19013
rna17376	5598	5563	0	0
rna17374	4909	4874	0	0
rna17375	5533	5498	0	0
rna17378	4543	4508	4.74816	0.232352
rna17379	2556	2521	5	0.437525
rna17380	6101	6066	8	0.290933
rna17381	2016	1981	0	0
rna17382	2861	2826	2	0.156122
rna17383	679	644	0	0
rna17384	1479	1444	0	0
rna17385	664	629	12	4.20859
rna17386	3742	3707	1.00179	0.0596158
rna17387	1910	1875	34	4.00021
rna17388	2048	2013	244	26.7394
rna17389	8864	8829	517.638	12.9336
rna17390	8581	8546	2555.24	65.959
rna17391	7617	7582	0	0
rna17392	6033	5998	1101.12	40.4982
rna17393	10076	10041	9856.49	216.546
rna17394	5467	5432	326	13.2393
rna17396	647	612	73.3585	26.4426
rna17395	700	665	37.6415	12.4868
rna17397	1377	1342	40.6667	6.68485
rna17398	1344	1309	300.676	50.6716
rna17399	1385	1350	0	0
rna17400	1378	1343	0	0
rna17402	1768	1733	49.3213	6.27829
rna17401	1673	1638	157.336	21.1895
rna17403	3140	3105	98	6.96258
rna17404	3244	3209	119.382	8.20679
rna17405	3371	3336	1764.9	116.708
rna17407	2601	2566	0	0
rna17406	2409	2374	457.719	42.5328
rna17409	5576	5541	1668	66.4069
rna17408	5439	5404	3.90393e-008	1.59365e-009
rna17410	1086	1051	0	0
rna17411	1089	1054	0	0
rna17412	3855	3820	0	0
rna17413	2956	2921	3	0.226566
rna17414	822	787	23.2611	6.5202
rna17415	619	584	52.7389	19.9216
rna17416	94	59	0	0
rna17417	22	23	0	0
gene7548	467	432	0	0
rna17418	4964	4929	49.2745	2.20531
rna17419	4912	4877	556.95	25.1924
rna17426	1647	1612	0	0
rna17420	5086	5051	41.0566	1.79313
rna17421	4963	4928	869.239	38.9112
rna17422	4716	4681	257.118	12.1171
rna17423	4665	4630	2570.52	122.475
rna17424	4853	4818	421.45	19.2968
rna17425	4802	4767	3953.79	182.968
rna17427	1125	1090	997	201.778
rna17429	871	836	0	0
rna17428	721	686	8	2.5726
rna17430	87	52	1	4.24231
rna17431	23	24	0	0
rna17436	4182	4147	90.8383	4.83215
rna17432	3369	3334	171.037	11.317
rna17433	3936	3901	0	0
rna17434	3970	3935	0	0
rna17435	4409	4374	0	0
rna17437	1962	1927	51.1248	5.85269
rna17442	5228	5193	1826.09	77.5727
rna17441	5091	5056	84.0689	3.66804
rna17439	5237	5202	2.88615e-006	1.22393e-007
rna17440	5375	5340	52.741	2.17878
rna17438	5205	5170	1264.1	53.9382
rna17443	1491	1456	433.409	65.6662
rna17445	2017	1982	340.437	37.8913
rna17444	4835	4800	6298.23	289.456
rna17446	5689	5654	605.188	23.6124
rna17447	2424	2389	134.812	12.4485
rna17448	647	612	0	0
rna17449	5805	5770	13.8665	0.530149
rna17451	7345	7310	0	0
rna17452	6929	6894	6.13345	0.196263
rna17450	7334	7299	0	0
rna17453	6174	6139	253.894	9.12348
rna17454	6176	6141	172.816	6.20798
rna17455	5819	5784	7.29	0.278039
rna17456	2433	2398	0	0
rna17457	1837	1802	4	0.489678
rna17458	699	664	146	48.5054
rna17459	861	826	0	0
rna17460	902	867	184	46.8171
rna17461	1345	1310	0	0
rna17462	2834	2799	41.1618	3.24412
rna17463	2698	2663	22.8382	1.89189
rna17465	1792	1757	0.00908588	0.00114078
rna17464	1784	1749	1.99091	0.251113
rna17466	1509	1474	0	0
rna17467	1069	1034	1	0.213346
rna17468	599	564	0	0
rna17469	1486	1451	48	7.29759
rna17470	2663	2628	331	27.7849
rna17472	5115	5080	6.13162e-007	2.66267e-008
rna17471	5047	5012	5.00673	0.220368
rna17473	2942	2907	21	1.5936
rna17474	6013	5978	41.287	1.52357
rna17475	3136	3101	178.877	12.725
rna17476	3003	2968	0.0516823	0.00384135
rna17477	3270	3235	107.801	7.35116
rna17478	2328	2293	271.983	26.1664
rna17479	5008	4973	1733.71	76.9065
rna17480	4899	4864	1332.91	60.4523
rna17481	5593	5558	48.0519	1.90721
rna17483	4095	4060	31	1.68438
rna17482	5178	5143	18.4337	0.790681
rna17487	5366	5331	507.882	21.0165
rna17486	5374	5339	92.1077	3.80576
rna17485	5444	5409	273.039	11.1356
rna17484	5451	5416	62.7259	2.5549
rna17488	108	73	0	0
rna17489	22	23	0	0
rna17490	137	102	0	0
rna17491	21	22	0	0
rna17492	4370	4335	1879	95.6188
rna17493	1130	1095	226	45.5302
rna17494	1350	1315	548	91.9307
rna17495	1357	1322	5	0.834342
rna17496	2071	2036	0	0
rna17497	1987	1952	5	0.565062
rna17498	1645	1610	0	0
rna17499	2931	2896	0	0
rna17500	1875	1840	1	0.119891
rna17501	1099	1064	0	0
rna17502	1698	1663	0	0
rna17503	615	580	0	0
rna17504	1680	1645	0	0
rna17505	1527	1492	1	0.147855
rna17508	8922	8887	259.483	6.44109
rna17507	4867	4832	191.669	8.75046
rna17506	2525	2490	239.593	21.2266
rna17509	6158	6123	101.843	3.66921
rna17512	6953	6918	5256.17	167.608
rna17511	6097	6062	2003.83	72.9206
rna17510	3881	3846	71.2307	4.08567
rna17513	884	849	2	0.51967
rna17514	804	769	3	0.860598
rna17515	1497	1462	59	8.90247
rna17517	1074	1039	83.4218	17.7121
rna17516	1092	1057	216.578	45.2007
rna17518	83	48	1	4.59583
rna17519	84	49	1	4.50204
rna17520	734	699	53	16.7265
rna17521	2740	2705	2	0.163105
rna17522	1839	1804	1	0.122284
rna17523	2073	2038	0	0
rna17524	1982	1947	2	0.226605
rna17525	2006	1971	1.04068e-006	1.16475e-007
rna17526	2852	2817	3.00027	0.234952
rna17527	4923	4888	0	0
rna17528	4849	4814	0	0
rna17529	2035	2000	0	0
rna17530	2125	2090	0	0
rna17531	999	964	9	2.05954
rna17532	1069	1034	0	0
rna17533	869	834	29.3224	7.75602
rna17534	891	856	0	0
rna17535	686	651	0	0
rna17536	720	685	7	2.25431
rna17537	1642	1607	542.319	74.4465
rna17538	1758	1723	133.681	17.1155
rna17540	4169	4134	5256.74	280.512
rna17539	4294	4259	126.721	6.56367
rna17541	73	38	0	0
rna17542	23	24	0	0
rna17543	2148	2113	6.0049	0.62692
rna17547	5684	5649	318.786	12.449
rna17546	5669	5634	155.804	6.10052
rna17544	5684	5649	115.594	4.51407
rna17545	5685	5650	1.61222e-008	6.2948e-010
rna17548	3241	3206	108.816	7.4875
rna17549	2011	1976	0	0
rna17550	2957	2922	90	6.79466
rna17555	2492	2457	0.00998879	0.000896836
rna17554	2470	2435	409.944	37.1391
rna17553	3329	3294	435.794	29.1852
rna17552	3372	3337	0	0
rna17551	3050	3015	25.2526	1.84767
rna17556	3176	3141	108.652	7.63092
rna17557	3634	3599	517.573	31.7245
rna17558	3542	3507	429.926	27.0435
rna17559	3367	3332	345.142	22.8507
rna17560	3384	3349	527.359	34.7374
rna17561	3282	3247	32.0287	2.17602
rna17562	5059	5024	1873.02	82.243
rna17563	665	630	46	16.1073
rna17564	1578	1543	71.0449	10.1572
rna17565	576	541	98	39.9608
rna17566	804	769	272	78.0276
rna17567	563	528	20	8.35606
rna17568	1403	1368	77	12.4168
rna17569	1579	1544	52.5513	7.5083
rna17619	1442	1407	76.9865	12.0705
rna17620	1594	1559	41.0137	5.80348
rna17621	869	834	85.2792	22.5571
rna17570	1694	1659	102.249	13.5962
rna17622	112	77	6	17.1896
rna17623	22	23	0	0
rna17571	1658	1623	139.356	18.9414
rna17572	1708	1673	81.3418	10.7256
rna17573	1582	1547	49.9035	7.11617
rna17574	2590	2555	108.58	9.37483
rna17624	532	497	34.6211	15.367
rna17625	1348	1313	89	14.9531
rna17575	2462	2427	120.492	10.952
rna17576	2067	2032	897.078	97.3895
rna17577	2626	2591	658.863	56.0962
rna17578	2087	2052	86.7843	9.32974
rna17579	2286	2251	95.4926	9.35837
rna17580	2313	2278	517.479	50.1123
rna17581	2486	2451	428.105	38.5312
rna17582	1945	1910	107.26	12.3883
rna17583	1799	1764	88.6067	11.0809
rna17584	1800	1765	9.68538	1.21054
rna17585	3256	3221	310.852	21.2896
rna17586	1635	1600	34.9047	4.81248
rna17587	1707	1672	48.6409	6.41757
rna17588	2681	2646	103.941	8.66569
rna17589	1743	1708	83.6127	10.7992
rna17590	1746	1711	2.13765	0.275608
rna17591	2055	2020	2736.59	298.858
rna17592	1708	1673	120.914	15.9435
rna17593	1991	1956	60.5122	6.82464
rna17594	1753	1718	66.5545	8.54594
rna17595	1877	1842	130.859	15.6718
rna17596	2114	2079	459.136	48.7183
rna17597	2597	2562	231.227	19.9097
rna17598	1823	1788	106.187	13.1012
rna17599	1699	1664	88.0546	11.6736
rna17600	1834	1799	99.4273	12.1921
rna17601	2015	1980	61.6897	6.8731
rna17602	2015	1980	15.6525	1.74391
rna17603	2111	2076	8.3756	0.890009
rna17604	1724	1689	34.3355	4.48456
rna17605	1928	1893	114.605	13.3554
rna17626	81	46	1	4.79565
rna17627	22	23	0	0
rna17606	1779	1744	59.7245	7.5546
rna17607	1930	1895	99.3812	11.5691
rna17608	3495	3460	141.87	9.04525
rna17609	3001	2966	62.839	4.67373
rna17610	3498	3463	23.2691	1.48229
rna17614	2592	2557	107.306	9.2576
rna17613	2659	2624	40.1268	3.37346
rna17611	2669	2634	0	0
rna17612	2672	2637	0	0
rna17615	2449	2414	101.452	9.27103
rna17616	1678	1643	15.8147	2.12338
rna17617	1759	1724	19.4681	2.4911
rna17618	2287	2252	147.872	14.4852
rna17628	2784	2749	838	67.2473
rna17629	6094	6059	32.0355	1.16637
rna17630	6094	6059	32.0355	1.16637
rna17631	682	647	89	30.3453
rna17632	1579	1544	92	13.1446
rna17633	3024	2989	167.973	12.3971
rna17634	3283	3248	627.027	42.5869
rna17635	3085	3050	470.331	34.018
rna17637	1306	1271	294.476	51.1104
rna17636	1334	1299	0	0
rna17638	2690	2655	1052.37	87.4395
rna17639	4170	4135	365.517	19.5001
rna17640	4124	4089	549.017	29.6193
rna17641	4111	4076	73.4303	3.97417
rna17642	1723	1688	257.707	33.6791
rna17643	1861	1826	1.61812e-007	1.95486e-008
rna17644	1710	1675	467.271	61.5404
rna17645	1706	1671	120.021	15.8448
rna17646	2692	2657	9.66203e-006	8.02199e-007
rna17647	2907	2872	11.488	0.8824
rna17648	2657	2622	61.135	5.14355
rna17649	2105	2070	231.377	24.6579
rna17650	1684	1649	0	0
rna17651	2232	2197	0	0
rna17657	2069	2034	305	33.0792
rna17652	2305	2270	0	0
rna17653	2483	2448	111.443	10.0426
rna17654	2546	2511	0	0
rna17656	2593	2558	112.225	9.67816
rna17655	2597	2562	568.332	48.9361
rna17658	1176	1141	227	43.888
rna17659	1453	1418	212	32.9811
rna17672	6613	6578	0	0
rna17671	6618	6583	0	0
rna17663	7096	7061	2296.58	71.7497
rna17664	7074	7039	3.55193e-006	1.11316e-007
rna17665	7005	6970	5.66537e-007	1.79309e-008
rna17666	7002	6967	2.7477e-007	8.70019e-009
rna17667	7026	6991	3764.01	118.773
rna17668	7065	7030	1276.07	40.0429
rna17669	7023	6988	2216.48	69.9707
rna17670	7047	7012	2436.55	76.6547
rna17660	7577	7542	17379.5	508.342
rna17661	7508	7473	4054.8	119.696
rna17662	7505	7470	2127.7	62.8341
rna17673	7218	7183	1595.54	49.0014
rna17674	7207	7172	565.014	17.379
rna17675	7182	7147	119.365	3.68433
rna17676	6985	6950	1632.69	51.8231
rna17677	7211	7176	1206.29	37.0829
rna17678	6172	6137	6674.79	239.931
rna17679	6097	6062	1427.49	51.9472
rna17680	9814	9779	21699	489.499
rna17681	1064	1029	16.0419	3.4391
rna17682	1141	1106	0	0
rna17683	3322	3287	277.972	18.6555
rna17684	2674	2639	150.234	12.5584
rna17685	961	926	12.5473	2.98913
rna17686	954	919	3.24681	0.779376
rna17688	938	903	0	0
rna17687	944	909	0	0
rna17689	2441	2406	0	0
rna17690	2423	2388	1180.89	109.089
rna17691	2307	2272	141.454	13.7345
rna17692	2259	2224	344.65	34.186
rna17693	2577	2542	54.3655	4.71795
rna17694	2541	2506	129.64	11.412
rna17695	1605	1570	348	48.8973
rna17696	1284	1249	57	10.0674
rna17697	1333	1298	106	18.0151
rna17698	1875	1840	734	88.0002
rna17704	1600	1565	19.3094	2.72182
rna17702	1702	1667	0	0
rna17703	1702	1667	0	0
rna17701	1697	1662	247.142	32.8036
rna17699	1781	1746	82.5185	10.4259
rna17700	1781	1746	173.864	21.9671
rna17705	1834	1799	2.75234	0.337503
rna17706	1829	1794	4.79962	0.590187
rna17707	1832	1797	0	0
rna17708	1798	1763	8.36095	1.04619
rna17709	1636	1601	0	0
rna17710	1590	1555	6.25977	0.888042
rna17711	1589	1554	311.676	44.2444
rna17712	2065	2030	574.317	62.411
rna17713	10488	10453	627	13.2322
rna17714	2039	2004	1632	179.65
rna17715	1282	1247	304	53.779
rna17716	2438	2403	24.8603	2.28222
rna17717	2626	2591	298.14	25.3839
rna17718	5167	5132	392.454	16.8697
rna17719	4457	4422	6.4413	0.321337
rna17720	4181	4146	7.5587	0.402183
rna17721	4107	4072	16	0.866798
rna17722	645	610	0	0
rna17723	4475	4440	18.4301	0.915696
rna17724	3884	3849	0	0
rna17725	3952	3917	0	0
rna17726	3778	3743	139.533	8.22361
rna17727	5533	5498	25.3967	1.01901
rna17728	15182	15147	174	2.53413
rna17730	665	630	0	0
rna17729	944	909	42	10.1927
rna17732	2830	2795	148.3	11.7048
rna17731	2556	2521	339.75	29.7299
rna17733	2701	2666	207.012	17.1294
rna17734	6169	6134	3121.85	112.273
rna17735	6166	6131	657.554	23.6595
rna17736	6045	6010	1522.39	55.8802
rna17737	5330	5295	1735.13	72.2888
rna17738	2029	1994	1056	116.827
rna17739	4167	4132	0.0452264	0.00241456
rna17740	4068	4033	30.2381	1.65399
rna17741	3924	3889	0	0
rna17742	4094	4059	0.0863658	0.00469384
rna17743	3995	3960	65.3011	3.63774
rna17744	3851	3816	1.10634	0.0639569
rna17745	4063	4028	0	0
rna17746	4229	4194	0.54202	0.0285097
rna17747	4130	4095	338.861	18.2546
rna17748	4224	4189	57.5178	3.02899
rna17749	4221	4186	2.48751e-005	1.31091e-006
rna17750	4143	4108	1.08138e-005	5.807e-007
rna17753	2103	2068	21	2.24014
rna17757	2974	2939	12.9057	0.968695
rna17755	2627	2592	334.817	28.4956
rna17756	2706	2671	0	0
rna17754	2409	2374	0	0
rna17751	4012	3977	0	0
rna17752	3876	3841	425.302	24.4264
rna17758	2679	2644	234.724	19.584
rna17759	1060	1025	0	0
rna17760	1031	996	24	5.31566
rna17761	2572	2537	32	2.7825
rna17762	1376	1341	6	0.987025
rna17763	1270	1235	128	22.8638
rna17764	2923	2888	14.1705	1.08242
rna17765	3556	3521	2.82946	0.177273
rna17766	3012	2977	0	0
rna17767	2694	2659	35	2.90372
rna17768	1319	1284	0	0
rna17769	1278	1243	3	0.532422
rna17770	1543	1508	205	29.9887
rna17772	667	632	120.8	42.1653
rna17771	867	832	83.2	22.06
rna17773	2925	2890	4476.58	341.707
rna17774	2457	2422	52.4239	4.77486
rna17776	1701	1666	176.781	23.4081
rna17775	1573	1538	230.219	33.021
rna17778	1696	1661	96.4358	12.8078
rna17777	1459	1424	162.564	25.1838
rna17779	1778	1743	157	19.8705
rna17780	1195	1160	873.729	166.159
rna17781	1379	1344	292.271	47.9724
rna17782	2159	2124	1147	119.128
rna17787	1926	1891	5.56168	0.648814
rna17786	2034	1999	73.959	8.16176
rna17783	2057	2022	33.4793	3.65259
rna17784	2045	2010	0	0
rna17785	2060	2025	0	0
rna17788	980	945	236	55.0917
rna17789	8568	8533	3247	83.9433
rna17790	2018	1983	400	44.4982
rna17794	2376	2341	0	0
rna17793	2267	2232	18	1.77903
rna17792	2541	2506	0	0
rna17791	2576	2541	0	0
rna17795	591	556	184	73.0043
rna17796	657	622	177	62.7753
rna17800	2549	2514	0	0
rna17797	2901	2866	0.000564149	4.34234e-005
rna17798	2894	2859	35.7608	2.7593
rna17799	2890	2855	0	0
rna17801	2716	2681	520.239	42.8067
rna17810	9554	9519	2680.23	62.1134
rna17811	9245	9210	5424.46	129.928
rna17802	9656	9621	1.59904e-008	3.66643e-010
rna17803	9500	9465	0	0
rna17804	9560	9525	179.904	4.16659
rna17805	9404	9369	4651.64	109.526
rna17806	9599	9564	0	0
rna17807	9443	9408	0	0
rna17808	9503	9468	168.466	3.92519
rna17809	9347	9312	1.38231e-008	3.27468e-010
gene7710	473	438	31	15.6132
rna17812	7252	7217	5880	179.732
rna17813	4263	4228	11.2015	0.584449
rna17814	4578	4543	28.8444	1.40064
rna17815	3049	3014	44.112	3.22864
rna17817	2360	2325	12.4658	1.18278
rna17816	2657	2622	0	0
rna17818	3007	2972	14.3763	1.0671
rna17819	2666	2631	0	0
rna17820	2437	2402	5.00387	0.459556
rna17821	3928	3893	48.2106	2.73189
rna17822	1203	1168	1	0.18887
rna17823	708	673	0	0
rna17824	1048	1013	465	101.263
rna17825	2294	2259	0.139064	0.0135801
rna17826	1347	1312	37.6587	6.33195
rna17827	2183	2148	12.2022	1.25317
rna17828	1932	1897	24	2.79093
rna17830	486	451	1	0.489135
rna17829	11604	11569	46	0.877137
rna17831	6175	6140	0	0
rna17832	6153	6118	0	0
rna17833	7627	7592	54.8722	1.59442
rna17834	6071	6036	59.112	2.16039
rna17835	1769	1734	0.131245	0.016697
rna17836	1763	1728	7.86876	1.00454
rna17837	1248	1213	0	0
rna17838	1179	1144	17.3456	3.34479
rna17839	871	836	279.139	73.6579
rna17840	502	467	25.5156	12.053
rna17841	2067	2032	2	0.217126
rna17842	1793	1758	17	2.13322
rna17843	1884	1849	44	5.24954
rna17844	1029	994	73.1222	16.2281
rna17845	2927	2892	94.193	7.18499
rna17846	3273	3238	34.807	2.37135
rna17847	3285	3250	0	0
rna17848	3264	3229	1096.35	74.901
rna17849	1482	1447	411.648	62.7571
rna17850	369	334	5.02647	3.31988
rna17851	547	512	18.8429	8.11865
rna17852	606	571	0	0
rna17853	412	377	552.131	323.077
rna17854	3197	3162	0	0
rna17855	3251	3216	747.043	51.2431
rna17856	1393	1358	305	49.5457
rna17857	969	934	1033	243.983
rna17858	1626	1591	1065.1	147.681
rna17859	1918	1883	246.904	28.9256
rna17860	3016	2981	2573.22	190.423
rna17862	1260	1225	9.44009	1.69999
rna17861	3073	3038	918.341	66.684
rna17863	5666	5631	471.835	18.4846
rna17864	5228	5193	0	0
rna17865	5546	5511	63.8485	2.5558
rna17867	2031	1996	24.1204	2.66581
rna17866	5533	5498	0	0
rna17868	3251	3216	1944.5	133.382
rna17869	3253	3218	1369.88	93.9079
rna17870	5782	5747	466.624	17.9115
rna17884	7161	7126	61.5175	1.9044
rna17883	7083	7048	545.449	17.0724
rna17880	6757	6722	0	0
rna17881	7087	7052	0.124646	0.00389915
rna17882	7238	7203	98.7439	3.02414
rna17879	6640	6605	113.864	3.80293
rna17877	6504	6469	630.679	21.5068
rna17878	6507	6472	0.0812336	0.00276887
rna17876	6530	6495	297.072	10.0899
rna17875	6616	6581	5.32256e-005	1.78416e-006
rna17874	6720	6685	0	0
rna17873	7472	7437	8.2271	0.244036
rna17872	7773	7738	0	0
rna17871	6910	6875	0	0
rna17885	703	668	6	1.98144
rna17887	845	810	4.62394	1.25931
rna17886	937	902	3.37606	0.825675
rna17888	948	913	0	0
rna17889	548	513	0	0
rna17890	564	529	0	0
rna17891	483	448	0	0
rna17892	773	738	4.70064	1.4051
rna17893	661	626	0	0
rna17894	690	655	0	0
rna17895	459	424	2.29936	1.19632
rna17896	604	569	398	154.304
rna17897	1529	1494	93	13.7321
rna17898	1622	1587	0	0
rna17899	1742	1707	71	9.17552
rna17918	5436	5401	0	0
rna17919	5418	5383	1531.5	62.7623
rna17920	5505	5470	0	0
rna17921	5469	5434	88.5816	3.59608
rna17916	5477	5442	27.9366	1.13246
rna17917	5546	5511	0	0
rna17915	5439	5404	48.7726	1.99098
rna17914	5487	5452	1.03329e-006	4.18093e-008
rna17913	4885	4850	5237.84	238.241
rna17912	5033	4998	355.957	15.7111
rna17911	4982	4947	221.317	9.86913
rna17910	6696	6661	1538.55	50.9539
rna17909	6806	6771	929.688	30.2894
rna17908	6775	6740	0	0
rna17907	6854	6819	0.000709696	2.29592e-005
rna17906	6824	6789	0	0
rna17905	6848	6813	59.128	1.91452
rna17904	6883	6848	25.0096	0.805654
rna17903	6900	6865	0	0
rna17902	6934	6899	0	0
rna17901	6924	6889	0	0
rna17900	6958	6923	0	0
rna17922	129	94	2	4.69362
rna17923	23	24	0	0
rna17924	6675	6640	155.322	5.16024
rna17926	8094	8059	59.6369	1.63245
rna17925	6504	6469	692.678	23.6211
rna17927	3971	3936	21.2243	1.18955
rna17928	1845	1810	0	0
rna17929	1942	1907	0	0
rna17930	2160	2125	0	0
rna17932	2048	2013	0.905526	0.0992345
rna17931	2213	2178	39.2997	3.9805
rna17933	2143	2108	0	0
rna17934	2105	2070	16.806	1.79102
rna17935	1792	1757	50.0553	6.28469
rna17936	1689	1654	250.933	33.4679
rna17937	2201	2166	828	84.3291
rna17938	6909	6874	2.43005	0.0779852
rna17939	7005	6970	989.503	31.3177
rna17940	7075	7040	481.884	15.1
rna17942	2177	2142	916.854	94.4248
rna17941	2174	2139	47.3073	4.87891
rna17943	1552	1517	963.073	140.049
rna17944	1845	1810	215.44	26.2575
rna17950	2131	2096	0	0
rna17951	2135	2100	0	0
rna17949	2053	2018	0	0
rna17948	2064	2029	32.6255	3.54716
rna17946	2672	2637	202.703	16.9573
rna17947	2676	2641	210.699	17.5995
rna17945	2123	2088	235.972	24.9308
rna17952	6379	6344	321.021	11.1629
rna17953	6428	6393	261.158	9.01164
rna17954	4068	4033	703	38.4532
rna17956	1534	1499	12.2925	1.80903
rna17955	1607	1572	844.265	118.476
rna17957	1801	1766	394.948	49.335
rna17960	1321	1286	50.1034	8.59472
rna17959	1244	1209	428.381	78.1645
rna17958	1255	1220	0.00969017	0.00175217
rna17961	3125	3090	796	56.8277
rna17973	703	668	18.0061	5.94633
rna17974	589	554	0	0
rna17975	713	678	0.0495311	0.0161159
rna17984	663	628	188.754	66.3045
rna17983	617	582	14.812	5.61431
rna17982	847	812	0	0
rna17981	803	768	0	0
rna17980	821	786	0	0
rna17977	726	691	14.4431	4.61092
rna17978	774	739	0	0
rna17979	962	927	100.188	23.8419
rna17976	773	738	0	0
rna17985	665	630	2.07636	0.727055
rna17987	5161	5126	1125.34	48.4297
rna17986	4951	4916	77.6576	3.4848
rna17988	2204	2169	349.746	35.5712
rna17989	2012	1977	104.847	11.6992
rna17990	1162	1127	60.4067	11.8241
rna17991	2365	2330	540.008	51.127
rna17992	16834	16799	8167.73	107.257
rna17993	16822	16787	676.171	8.88565
rna17994	16642	16607	216.943	2.88178
rna17995	16855	16820	383.977	5.03599
rna17996	1771	1736	206.851	26.2853
rna17997	1788	1753	103.149	12.9804
rna17998	1081	1046	792	167.032
rna17999	1227	1192	418	77.3581
rna18000	1255	1220	364	65.8184
rna18001	936	901	440.789	107.922
rna18002	854	819	27.8396	7.49867
rna18003	693	658	556.372	186.528
rna18004	616	581	35.999	13.6685
rna18005	522	487	0.00104166	0.000471847
rna18007	2001	1966	837.979	94.0276
rna18006	2060	2025	30.7718	3.35223
rna18008	1136	1101	799	160.09
rna18009	4298	4263	162.895	8.42943
rna18010	4293	4258	651.38	33.747
rna18017	3619	3584	0	0
rna18018	3583	3548	110.456	6.8677
rna18015	4417	4382	923.028	46.4674
rna18016	3922	3887	13.5079	0.766615
rna18012	4502	4467	1.9652e-007	9.70504e-009
rna18013	4277	4242	0	0
rna18014	4454	4419	0	0
rna18011	4537	4502	229.64	11.2525
rna18019	4295	4260	374.093	19.372
rna18020	1434	1399	330	52.0358
rna18021	1468	1433	214	32.9438
rna18022	1780	1745	188	23.7667
rna18023	1322	1287	184.835	31.682
rna18024	1426	1391	235.068	37.2797
rna18025	1509	1474	271.096	40.5725
rna18026	1492	1457	2095	317.198
rna18027	2247	2212	535	53.3549
rna18028	1163	1128	30	5.86702
rna18029	2788	2753	34.0396	2.72762
rna18030	3149	3114	998.821	70.7579
rna18031	3146	3111	84.0249	5.95818
rna18032	3143	3108	164.115	11.6486
rna18033	3140	3105	0	0
rna18034	1229	1194	296.24	54.7324
rna18035	2106	2071	812.76	86.5741
rna18036	73	38	2	11.6105
rna18037	1519	1484	336.958	50.0896
rna18038	702	667	32	10.5835
rna18039	763	728	429	129.996
rna18040	2297	2262	561.836	54.7927
rna18041	2358	2323	76.1639	7.23279
rna18042	1396	1361	435	70.5077
rna18044	1873	1838	420.317	50.4472
rna18043	1999	1964	232.683	26.1353
rna18045	2629	2594	472.794	40.2076
rna18046	1933	1898	65.4421	7.60619
rna18047	4055	4020	32.8621	1.80333
rna18049	1928	1893	787	91.7128
rna18050	1799	1764	159	19.884
rna18048	3959	3924	109.902	6.17846
rna18051	1707	1672	0	0
rna18052	3865	3830	544	31.3333
rna18054	3990	3955	321.023	17.9059
rna18055	5641	5606	285.575	11.2376
rna18053	4967	4932	475.402	21.2639
rna18057	2125	2090	0	0
rna18056	3157	3122	0	0
rna18060	1896	1861	19.5995	2.32329
rna18058	3081	3046	333.28	24.1371
rna18059	2761	2726	13.2459	1.07192
rna18061	1977	1942	51.7353	5.87683
rna18062	1861	1826	106.139	12.8228
rna18063	3227	3192	82.9423	5.73216
rna18064	2588	2553	0	0
rna18065	1578	1543	1050.06	150.125
rna18066	1824	1789	92.3951	11.3932
rna18067	2344	2309	139.605	13.3377
rna18068	1632	1597	0	0
rna18069	489	454	0	0
rna18070	3730	3695	463	27.6422
rna18079	4605	4570	0.000239604	1.1566e-005
rna18076	4633	4598	9.35785e-005	4.48965e-006
rna18077	4771	4736	7.17879	0.334384
rna18078	4639	4604	6.37829e-006	3.05615e-007
rna18073	4799	4764	2.75524	0.127583
rna18074	4667	4632	2.5582e-006	1.21835e-007
rna18075	4805	4770	374.971	17.3414
rna18072	4833	4798	142.278	6.54157
rna18071	4831	4796	21.4387	0.986109
rna18080	81	46	0	0
rna18081	22	23	0	0
rna18082	1070	1035	20	4.2628
rna18083	841	806	2	0.547395
rna18084	426	391	0	0
rna18085	83	48	0	0
rna18086	21	22	0	0
rna18087	1081	1046	0	0
rna18088	3262	3227	6.39346	0.437062
rna18089	3807	3772	10.6349	0.621967
rna18090	3501	3466	0	0
rna18091	3878	3843	0	0
rna18092	8929	8894	103.115	2.55758
rna18093	2511	2476	2	0.178191
rna18094	1877	1842	2.69884	0.323216
rna18095	4550	4515	0	0
rna18096	3836	3801	62.2438	3.61247
rna18097	3707	3672	45.0619	2.70715
rna18098	3944	3909	0	0
rna18099	3866	3831	0	0
rna18100	3755	3720	0	0
rna18101	10862	10827	7	0.142625
rna18118	1414	1379	5.74337	0.918773
rna18115	12057	12022	24.7552	0.454251
rna18116	8634	8599	0.000389668	9.99661e-006
rna18117	12270	12235	2.43156e-008	4.38416e-010
rna18114	4287	4252	13.9086	0.7216
rna18104	5023	4988	0.000287953	1.27351e-005
rna18105	1257	1222	0	0
rna18106	1260	1225	0	0
rna18107	5246	5211	0.00333267	0.000141084
rna18108	5250	5215	0.00134659	5.69623e-005
rna18109	1814	1779	14.8163	1.83726
rna18110	1817	1782	2.02555	0.25075
rna18111	5301	5266	1.37306e-008	5.75195e-010
rna18112	5253	5218	0	0
rna18113	5371	5336	0	0
rna18102	2355	2320	39.8796	3.792
rna18103	2473	2438	0.14032	0.0126967
rna18119	6883	6848	23.7256	0.764292
rna18120	1177	1142	0	0
rna18121	73	38	0	0
rna18122	72	37	0	0
rna18123	4094	4059	0	0
rna18124	3809	3774	14	0.818336
rna18125	4298	4263	0	0
rna18126	3879	3844	0	0
rna18131	1544	1509	39.3843	5.75757
rna18130	1688	1653	18.893	2.52135
rna18129	2056	2021	0	0
rna18128	1799	1764	0	0
rna18127	1937	1902	0	0
rna18132	1547	1512	0	0
rna18133	1124	1089	6.72273	1.36183
rna18134	315	280	6	4.72714
rna18135	6101	6066	283.889	10.3241
rna18136	6392	6357	303.92	10.5466
rna18137	3167	3132	3.63259	0.255858
rna18142	4024	3989	0	0
rna18138	2311	2276	0.00116266	0.000112691
rna18139	6585	6550	0	0
rna18140	6471	6436	369.613	12.6688
rna18141	5890	5855	1572.32	59.2405
rna18143	653	618	1	0.356958
rna18146	5151	5116	29.9121	1.2898
rna18144	6095	6060	0	0
rna18145	6156	6121	9.08788	0.327526
rna18147	10089	10054	3241.67	71.1272
rna18149	3309	3274	584.876	39.4086
rna18148	3308	3273	0.124083	0.00836316
rna18150	874	839	1	0.262932
rna18151	82	47	3	14.0809
rna18152	22	23	0	0
rna18154	1457	1422	0	0
rna18153	1604	1569	4	0.562397
rna18155	4543	4508	1250.52	61.1945
rna18156	5358	5323	96.4839	3.99856
rna18157	5578	5543	83.0947	3.307
rna18158	5572	5537	135.24	5.38809
rna18159	5567	5532	0	0
rna18160	5518	5483	25.8838	1.0414
rna18161	5806	5771	90.7775	3.47003
rna18162	1563	1528	38.2038	5.51556
rna18163	1560	1525	534.796	77.3614
rna18164	1908	1873	1023.06	120.495
rna18166	1309	1274	534.827	92.6082
rna18165	1227	1192	543.115	100.513
rna18167	2326	2291	141	13.5769
rna18170	2611	2576	0	0
rna18171	2695	2660	125.781	10.4313
rna18169	791	756	35.9427	10.488
rna18168	724	689	23.2767	7.45259
rna18172	647	612	0	0
rna18173	2511	2476	38	3.38562
rna18174	9271	9236	16	0.382157
rna18175	9202	9167	0	0
rna18176	4061	4026	1	0.0547939
rna18177	3041	3006	59.0285	4.3319
rna18178	8977	8942	5	0.123351
rna18179	8910	8875	0	0
rna18180	7745	7710	1634.48	46.7661
rna18181	2683	2648	0	0
rna18182	2455	2420	8.10181	0.738537
rna18183	86	51	0	0
rna18184	23	24	0	0
rna18185	635	600	0	0
rna18186	1340	1305	207.162	35.0192
rna18187	1191	1156	0	0
rna18188	1022	987	20.8378	4.65736
rna18191	5050	5015	93.6307	4.11863
rna18192	5145	5110	2.21979e-008	9.5829e-010
rna18189	4844	4809	1797.8	82.4692
rna18190	4904	4869	832.356	37.7116
rna18193	1971	1936	952	108.477
rna18194	1336	1301	231.204	39.2034
rna18195	1339	1304	914.796	154.758
rna18196	3261	3226	1655.48	113.205
rna18197	3156	3121	756.378	53.4627
rna18198	2517	2482	199.145	17.7
rna18199	2544	2509	34	2.9894
rna18201	1780	1745	0	0
rna18200	1794	1759	20.3239	2.54886
rna18202	1711	1676	6.55187	0.862377
rna18203	1231	1196	20.6653	3.81168
rna18204	1691	1656	8.45891	1.12683
rna18205	1692	1657	0	0
rna18209	2125	2090	300.819	31.7515
rna18208	2189	2154	213.707	21.8866
rna18207	2250	2215	412.174	41.0499
rna18206	2331	2296	300.301	28.853
rna18210	1434	1399	2	0.315368
rna18211	4174	4139	24	1.27915
rna18217	6174	6139	1705.61	61.2897
rna18216	7508	7473	996.178	29.4068
rna18212	7276	7241	0	0
rna18213	7455	7420	301.208	8.95506
rna18214	7590	7555	0.00423096	0.000123541
rna18215	7620	7585	0.0012936	3.76227e-005
rna18218	5594	5559	0	0
rna18219	1664	1629	823	111.451
rna18224	4758	4723	1.10707e-006	5.17084e-008
rna18223	4826	4791	0	0
rna18222	4743	4708	1515.8	71.0248
rna18221	4846	4811	0	0
rna18220	5032	4997	687.875	30.3673
rna18225	2924	2889	0	0
rna18227	1933	1898	158	18.364
rna18226	5793	5758	609.717	23.3594
rna18228	3839	3804	14	0.811882
rna18229	3964	3929	0	0
rna18230	4025	3990	0	0
rna18231	1207	1172	54	10.1642
rna18232	429	394	0	0
rna18233	787	752	294	86.2452
rna18234	1414	1379	8.32528	1.3318
rna18235	1896	1861	0	0
rna18236	1702	1667	3.67472	0.486289
rna18237	1323	1288	79	13.5306
rna18238	441	406	2	1.0867
rna18239	4874	4839	33	1.5044
rna18240	973	938	3	0.705544
rna18242	7043	7008	69.7182	2.19461
rna18241	8283	8248	424.192	11.3454
rna18243	4577	4542	1	0.0485689
rna18244	2350	2315	1	0.0952916
rna18245	1010	975	0	0
rna18247	840	805	0	0
rna18246	1152	1117	6.8816	1.35907
rna18248	434	399	3.1184	1.72411
rna18249	3875	3840	2047.89	117.647
rna18250	3642	3607	129.362	7.91163
rna18251	5668	5633	348.685	13.6553
rna18252	5677	5642	4214.41	164.782
rna18256	4890	4855	0	0
rna18255	4980	4945	91.9053	4.09996
rna18254	4866	4831	0	0
rna18253	4845	4810	0	0
rna18257	127	92	0	0
rna18258	23	24	0	0
rna18259	763	728	11	3.33324
rna18262	1354	1319	11.3707	1.90172
rna18261	1453	1418	0	0
rna18260	1005	970	0	0
rna18263	401	366	15.9154	9.59271
rna18265	890	855	15.1259	3.90267
rna18264	5415	5380	6.06493	0.248685
rna18266	6253	6218	0	0
rna18267	1215	1180	14.5231	2.71508
rna18268	769	734	0	0
rna18269	1708	1673	202	26.6355
rna18270	974	939	401.93	94.4258
rna18271	952	917	19.0697	4.58754
rna18275	4497	4462	0.0066745	0.000329986
rna18274	4817	4782	2061.14	95.0832
rna18273	4447	4412	4020.74	201.037
rna18272	4982	4947	356.844	15.9126
rna18277	6182	6147	493.266	17.7021
rna18276	6275	6240	9.80247e-006	3.46542e-007
rna18278	2187	2152	7	0.717565
rna18279	1310	1275	189	32.7007
rna18280	1082	1047	38	8.0065
rna18281	72	37	0	0
rna18282	960	925	198	47.2203
rna18283	1030	995	650.871	144.304
rna18285	1059	1024	474.89	102.306
rna18284	1485	1450	248.64	37.8275
rna18286	3027	2992	711.521	52.4604
rna18290	2253	2218	233.05	23.1789
rna18288	3570	3535	50.974	3.18101
rna18289	4957	4922	2480.98	111.196
rna18287	2924	2889	0	0
rna18293	4105	4070	1.51946e-005	8.23569e-007
rna18294	4129	4094	0.000977978	5.26971e-005
rna18295	4149	4114	120.626	6.46817
rna18296	4133	4098	0.0927875	0.00499486
rna18297	4153	4118	38.2819	2.05075
rna18298	4026	3991	55.0009	3.04014
rna18291	4207	4172	46.0617	2.43557
rna18292	4334	4299	0.00572813	0.000293935
rna18299	1487	1452	73	11.0908
rna18300	4060	4025	177.701	9.73932
rna18301	4040	4005	1424.62	78.4696
rna18302	291	256	4	3.44688
rna18304	592	557	25.8009	10.2185
rna18303	1988	1953	7.88154	0.890255
rna18305	3436	3401	208.878	13.5485
rna18306	2533	2498	23.122	2.04192
rna18307	1866	1831	0	0
rna18308	7433	7398	9.19736	0.274255
rna18309	6766	6731	161.835	5.30395
rna18310	5655	5620	0.000130311	5.11504e-006
rna18311	1475	1440	248	37.9922
rna18315	987	952	0	0
rna18314	967	932	0	0
rna18313	922	887	18.1906	4.52406
rna18312	768	733	40.8094	12.2818
rna18316	1872	1837	78	9.3668
rna18317	614	579	6.96732	2.65456
rna18323	3386	3351	578.073	38.0552
rna18322	3456	3421	195.486	12.6057
rna18321	4514	4479	536.247	26.4113
rna18320	3487	3452	68.3564	4.36832
rna18319	3535	3500	103.848	6.54539
rna18318	4380	4345	233.99	11.8799
rna18324	6209	6174	59	2.1081
rna18325	238	203	2	2.1734
rna18326	1440	1405	1069	167.844
rna18327	1188	1153	2822	539.925
rna18328	2076	2041	239.375	25.8726
rna18329	2345	2310	117.625	11.233
rna18330	2132	2097	0	0
rna18331	2129	2094	0	0
rna18332	2109	2074	1.88087e-006	2.00058e-007
rna18333	805	770	21	6.01637
rna18337	2100	2065	0	0
rna18335	2327	2292	101.227	9.74287
rna18336	2270	2235	15.3633	1.5164
rna18334	2151	2116	16.2991	1.69924
rna18343	2165	2130	99.4243	10.2972
rna18344	2108	2073	12.9085	1.37366
rna18342	2397	2362	191.784	17.9118
rna18338	2145	2110	433.874	45.3614
rna18339	2130	2095	128.113	13.49
rna18340	2088	2053	62.0489	6.66732
rna18341	2073	2038	31.9586	3.4593
rna18345	679	644	151	51.7245
rna18346	2154	2119	235.444	24.5111
rna18347	1992	1957	71.5556	8.066
rna18350	787	752	494.437	145.044
rna18349	866	831	0	0
rna18348	825	790	20.7895	5.80526
rna18351	896	861	126.774	32.4812
rna18352	4814	4779	469	21.6492
rna18353	4331	4296	94.8162	4.86882
rna18354	4409	4374	7487.98	377.652
rna18357	4371	4336	5498.28	279.733
rna18356	4637	4602	1552.76	74.4326
rna18355	4748	4713	269.163	12.5986
rna18358	3792	3757	1605.2	94.2524
rna18359	3587	3552	178.804	11.1048
rna18360	2590	2555	3936	339.836
rna18361	597	562	1126	441.985
rna18362	1837	1802	1187	145.312
rna18363	2051	2016	195	21.3378
rna18364	2743	2708	868	70.7093
rna18365	1693	1658	365	48.5639
rna18367	4412	4377	0	0
rna18366	4564	4529	202.814	9.87873
rna18368	4865	4830	64.186	2.93156
rna18370	869	834	476	125.906
rna18369	935	900	0	0
rna18371	1831	1796	1089	133.76
rna18373	2652	2617	37.2995	3.14416
rna18372	3061	3026	525.701	38.3244
rna18375	1652	1617	42.3792	5.78161
rna18374	1587	1552	656.405	93.3008
rna18376	4330	4295	81.7937	4.2011
rna18377	4270	4235	282.206	14.7001
rna18378	1604	1569	18.3509	2.58012
rna18379	920	885	37.6491	9.38463
rna18380	1270	1235	0	0
rna18381	848	813	0	0
rna18382	898	863	0	0
rna18383	3260	3225	538.186	36.8136
rna18384	1180	1145	128.03	24.6668
rna18385	572	537	203	83.3926
rna18386	2357	2322	386	36.6717
rna18388	3854	3819	859.133	49.6268
rna18387	3989	3954	87.8667	4.90222
rna18391	1492	1457	205	31.0384
rna18390	1601	1566	0	0
rna18389	1425	1390	0	0
rna18392	2502	2467	557	49.8071
rna18393	4535	4500	0	0
rna18394	4165	4130	141.449	7.55538
rna18395	4493	4458	0	0
rna18396	4333	4298	90.5506	4.64762
rna18397	2188	2153	448	45.9028
rna18398	1636	1601	121.2	16.7
rna18399	1721	1686	375.8	49.1706
rna18400	1450	1415	250	38.9753
rna18401	512	477	0	0
rna18402	2171	2136	31.4118	3.24412
rna18403	2103	2068	510.895	54.4988
rna18404	2510	2475	31.2693	2.78707
rna18405	2362	2327	5.73071	0.543272
rna18406	1917	1882	19	2.2271
rna18407	6106	6071	23.0423	0.837282
rna18408	2802	2767	0	0
rna18409	2671	2636	4.00614	0.335264
rna18410	3153	3118	2175.46	153.915
rna18412	1265	1230	147.522	26.4581
rna18411	1053	1018	366.694	79.4624
rna18413	1209	1174	36.6476	6.88625
rna18414	2222	2187	4	0.403475
rna18415	1331	1296	3	0.510648
rna18416	953	918	541	130.005
rna18419	1779	1744	164.354	20.7893
rna18418	2010	1975	778.405	86.9449
rna18417	1741	1706	61.241	7.91897
rna18420	715	680	30.2382	9.80963
rna18421	1001	966	28.2456	6.45029
rna18422	994	959	0	0
rna18423	659	624	5.5162	1.95012
rna18424	1022	987	31	6.92867
rna18425	1066	1031	155.981	33.3747
rna18426	825	790	11.0194	3.07705
rna18427	1132	1097	4	0.804376
rna18428	3281	3246	38.9537	2.64731
rna18430	2202	2167	22.1275	2.25257
rna18429	2815	2780	0	0
rna18431	1634	1599	839.778	115.857
rna18432	870	835	0	0
rna18433	2128	2093	0	0
rna18434	2483	2448	19.2756	1.73701
rna18435	2229	2194	56.7244	5.70347
rna18436	1483	1448	8	1.21878
rna18437	3311	3276	0	0
rna18438	3272	3237	175	11.9262
rna18439	627	592	0	0
rna18440	464	429	16.6171	8.54484
rna18442	1948	1913	199.647	23.0225
rna18441	2291	2256	217.549	21.2728
rna18443	847	812	223	60.5835
rna18445	2959	2924	68.4895	5.16717
rna18444	2751	2716	352.851	28.6594
rna18446	2664	2629	139.66	11.7189
rna18448	6384	6349	23628.1	820.973
rna18447	6392	6357	6519.64	226.244
rna18449	691	656	1	0.336281
rna18451	1834	1799	365.944	44.8734
rna18450	2150	2115	80.3164	8.37722
rna18452	648	613	1149	413.49
rna18453	4252	4217	0	0
rna18454	5909	5874	1151.25	43.2354
rna18455	3742	3707	0	0
rna18456	3671	3636	200.754	12.18
rna18457	7433	7398	2107	62.8284
rna18458	590	555	875	347.793
rna18460	3568	3533	121.258	7.57135
rna18459	3519	3484	375.742	23.7912
rna18461	2202	2167	405	41.2289
rna18462	2127	2092	281.305	29.6634
rna18464	4306	4271	72.6432	3.75207
rna18463	4732	4697	22.0516	1.03568
rna18465	7665	7630	6400.67	185.057
rna18466	1971	1936	51.7025	5.89131
rna18467	1533	1498	9.29745	1.36917
rna18468	72	37	0	0
rna18469	462	427	53	27.3813
rna18470	603	568	0	0
rna18472	1817	1782	289.438	35.8305
rna18471	1712	1677	68.5622	9.01898
rna18473	4111	4076	0.000366168	1.98177e-005
rna18474	4113	4078	316.576	17.1252
rna18475	4035	4000	195.424	10.7776
rna18476	420	385	45	25.7844
rna18477	2026	1991	502.747	55.7037
rna18478	1324	1289	187.253	32.0466
rna18479	5291	5256	54	2.26644
rna18484	4122	4087	56.4635	3.04767
rna18482	3836	3801	9.40974	0.546117
rna18483	4038	4003	23.7246	1.30743
rna18480	3791	3756	0.0125113	0.000734822
rna18481	3987	3952	39.3897	2.19873
rna18485	2474	2439	252	22.7926
rna18486	1258	1223	0	0
rna18487	1425	1390	6.71696	1.06602
rna18488	1571	1536	13.283	1.90771
rna18489	1921	1886	0	0
rna18490	2068	2033	0	0
rna18491	1938	1903	5	0.579611
rna18492	2087	2052	0	0
rna18493	2286	2251	10	0.980009
rna18494	2187	2152	73.0979	7.49322
rna18495	2106	2071	115.902	12.3457
gene8011	393	358	84	51.7609
rna18496	1303	1268	22.8356	3.97282
rna18498	886	851	1	0.259225
rna18499	1210	1175	14.2137	2.66855
rna18500	1096	1061	0	0
rna18497	1192	1157	54.1644	10.3273
rna18502	3978	3943	3.50537	0.196116
rna18503	4169	4134	502.452	26.812
rna18504	1581	1546	107	15.2679
rna18505	679	644	7.43959	2.54841
rna18506	670	635	24.5604	8.53233
rna18501	962	927	69.7863	16.6072
rna18507	619	584	14	5.28836
rna18508	3951	3916	124.967	7.03975
rna18509	3438	3403	413.033	26.775
rna18510	564	529	28	11.6764
rna18511	3346	3311	43.802	2.91837
rna18512	3640	3605	88.9234	5.44147
rna18513	3618	3583	239.246	14.7301
rna18514	3092	3057	709.028	51.1651
rna18515	1616	1581	355.324	49.5791
rna18516	1431	1396	22.7442	3.59411
rna18517	1144	1109	103.932	20.6739
rna18519	1320	1285	291.036	49.9631
rna18518	1296	1261	117.658	20.5831
rna18521	1769	1734	738	93.8886
rna18520	1481	1446	621.306	94.7858
rna18522	2730	2695	234	19.1541
rna18523	1767	1732	21	2.67471
rna18524	1760	1725	0	0
rna18525	1796	1761	5.0028	0.6267
rna18526	2461	2426	24.1805	2.19877
rna18527	4789	4754	194	9.00219
rna18530	4417	4382	66.8715	3.36647
rna18528	4843	4808	2.05802	0.0944257
rna18529	4876	4841	40.0705	1.82598
rna18531	10598	10563	0	0
rna18532	11843	11808	54.6836	1.02161
rna18533	11961	11926	19.4523	0.359816
rna18534	11940	11905	0.575592	0.0106657
rna18535	11796	11761	17.1548	0.321772
rna18536	11828	11793	140.134	2.62134
rna18537	1290	1255	183	32.1672
rna18538	1640	1605	670	92.0885
rna18539	564	529	27	11.2594
rna18540	517	482	42.8444	19.6089
rna18542	451	416	0	0
rna18541	337	302	152.156	111.144
rna18543	1243	1208	60.8093	11.1048
rna18544	3535	3500	408.069	25.72
rna18545	3575	3540	186.455	11.6192
rna18547	3918	3883	861.226	48.9278
rna18546	4089	4054	196.44	10.6894
rna18548	91	56	0	0
rna18549	24	25	0	0
rna18550	2596	2561	83.6425	7.20481
rna18551	3015	2980	7.35755	0.544656
rna18552	2236	2201	35	3.50795
rna18554	2411	2376	475.081	44.1089
rna18553	2462	2427	20.9195	1.90146
rna18555	1067	1032	46.2346	9.8831
rna18556	1246	1211	6.76536	1.2324
rna18557	1616	1581	8460.16	1180.46
rna18558	2234	2199	17.592	1.7648
rna18559	2109	2074	48.2524	5.13234
rna18561	1358	1323	347.19	57.8912
rna18560	1801	1766	55.8104	6.97156
rna18562	86	51	1	4.32549
rna18563	22	23	0	0
rna18566	4420	4385	101.609	5.11175
rna18565	4205	4170	330.695	17.4943
rna18564	4392	4357	292.696	14.8195
rna18570	2776	2741	246.108	19.8072
rna18569	2771	2736	516.349	41.6325
rna18567	2743	2708	823.452	67.0803
rna18568	2737	2702	0.0917777	0.00749303
rna18571	1281	1246	0	0
rna18572	1153	1118	165	32.5573
rna18573	933	898	356	87.4539
rna18574	1644	1609	449	61.5596
rna18575	2590	2555	299.02	25.8175
rna18576	2697	2662	106.299	8.80903
rna18577	2174	2139	184.681	19.0466
rna18578	2665	2630	310.808	26.0701
rna18579	2348	2313	20.1917	1.92576
rna18580	2935	2900	234	17.8001
rna18583	1651	1616	50.9695	6.95784
rna18582	1627	1592	0.0305143	0.00422831
rna18581	1700	1665	0	0
rna18584	1275	1240	62.8333	11.1783
rna18585	1323	1288	134.167	22.9792
rna18586	478	443	103	51.2908
rna18587	1632	1597	145.25	20.0639
rna18588	1675	1640	31.3307	4.21436
rna18589	1545	1510	56.9792	8.32425
rna18590	1496	1461	0	0
rna18591	1528	1493	92.4403	13.6586
rna18592	1162	1127	80	15.6593
rna18593	1635	1600	451	62.1816
rna18594	3777	3742	401.964	23.6967
rna18595	3915	3880	237.179	13.485
rna18596	821	786	7	1.96463
rna18597	1867	1832	671.857	80.9016
rna18598	677	642	103	35.3922
rna18602	4105	4070	1026.8	55.6539
rna18599	6241	6206	889.204	31.6079
rna18600	6203	6168	2.95883e-006	1.05823e-007
rna18601	5343	5308	6.56058e-005	2.72657e-006
rna18603	642	607	18.8729	6.85891
rna18604	731	696	210.127	66.6007
rna18605	4689	4654	422	20.0028
rna18606	1639	1604	12.0755	1.66076
rna18607	1584	1549	218.924	31.178
rna18609	1428	1393	166.268	26.3308
rna18610	1437	1402	5.2368e-006	8.23994e-007
rna18608	1277	1242	133.732	23.753
rna18611	2394	2359	290	27.1191
rna18612	1471	1436	22	3.37967
rna18619	5467	5432	64.1727	2.60613
rna18613	5744	5709	148.451	5.73625
rna18614	5748	5713	3.31008e-006	1.27814e-007
rna18615	5397	5362	218.264	8.97967
rna18616	5481	5446	0.112821	0.00457004
rna18617	5551	5516	3.17565e-008	1.27003e-009
rna18618	5873	5838	0	0
rna18620	2686	2651	37	3.07891
rna18621	1481	1446	2	0.305118
rna18622	5271	5236	621	26.1636
rna18623	1013	978	0	0
rna18624	995	960	2.5105e-008	5.76893e-009
rna18625	980	945	3	0.700318
rna18626	3621	3586	9	0.553653
rna18627	151	116	18	34.231
rna18628	4805	4770	743	34.3618
rna18629	4041	4006	20	1.10135
rna18630	811	776	50	14.2139
rna18631	892	857	1	0.25741
rna18636	6163	6128	0	0
rna18635	5750	5715	465.198	17.9567
rna18634	5850	5815	5.89648e-007	2.23691e-008
rna18633	6255	6220	135.485	4.80515
rna18632	6269	6234	0	0
rna18637	126	91	0	0
rna18638	23	24	0	0
rna18639	2401	2366	0	0
rna18640	2573	2538	236.087	20.5204
rna18641	1867	1832	71.9134	8.65945
rna18642	1228	1193	731	135.171
rna18643	1311	1276	210	36.3057
rna18644	740	705	488	152.699
rna18645	3191	3156	923.402	64.5446
rna18646	3146	3111	131.598	9.33155
rna18647	1080	1045	227	47.9198
rna18648	526	491	97	43.5809
rna18649	12120	12085	62.4167	1.13936
rna18650	12140	12105	0	0
rna18651	12035	12000	0	0
rna18652	12049	12014	1.46046e-007	2.68168e-009
rna18653	12052	12017	0	0
rna18654	6800	6765	62.6758	2.0438
rna18655	6489	6454	93.3222	3.18979
rna18656	12113	12078	0	0
rna18657	12106	12071	43.3536	0.792296
rna18658	11856	11821	29.5765	0.551947
rna18659	11861	11826	17.9493	0.334822
rna18660	4582	4547	329.706	15.9959
rna18661	6511	6476	848.588	28.9065
rna18663	2015	1980	0	0
rna18662	3076	3041	14.4123	1.04549
rna18664	4081	4046	828.065	45.1486
rna18665	4111	4076	828.935	44.8634
rna18666	1235	1200	414	76.107
rna18667	1250	1215	109	19.7905
rna18668	2095	2060	128.904	13.804
rna18669	2078	2043	273.096	29.4885
rna18670	1527	1492	0	0
rna18671	1647	1612	20	2.73697
rna18672	2076	2041	383	41.3963
rna18673	8817	8782	179.648	4.51269
rna18674	8762	8727	1904.35	48.138
rna18675	1970	1935	57.1537	6.51582
rna18677	1096	1061	0	0
rna18676	1075	1040	34.8463	7.39144
rna18678	703	668	31	10.2374
rna18679	7419	7384	1619	48.3683
rna18680	1663	1628	222	30.0818
rna18681	4560	4525	795	38.7574
rna18682	7685	7650	306.666	8.84322
rna18683	7510	7475	1958.31	57.7932
rna18684	7507	7472	27.0215	0.797771
rna18685	5189	5154	1026	43.9146
rna18686	962	927	239	56.8753
rna18687	6878	6843	638.341	20.5784
rna18688	5830	5795	469.696	17.8801
rna18689	6937	6902	86.8295	2.77522
rna18690	6313	6278	77.5918	2.72647
rna18691	7247	7212	14.403	0.440559
rna18693	2304	2269	108.275	10.5269
rna18692	2344	2309	57.725	5.51501
rna18694	2162	2127	32	3.31885
rna18695	2902	2867	3172	244.068
rna18696	5286	5251	12379	520.053
rna18697	2047	2012	2141.95	234.848
rna18698	2965	2930	134	10.0889
rna18699	1433	1398	642.486	101.382
rna18700	597	562	55.5143	21.7909
rna18701	2266	2231	756	74.7529
rna18702	1296	1261	110	19.2435
rna18703	4153	4118	0	0
rna18704	4404	4369	159.384	8.04762
rna18705	3989	3954	167.616	9.35159
rna18706	1266	1231	2.17536e-005	3.89834e-006
rna18707	1252	1217	16	2.90024
rna18708	1205	1170	1.97938	0.373206
rna18709	1703	1668	64.325	8.50725
rna18710	1706	1671	0	0
rna18711	1021	986	6.78408	1.51782
rna18712	1117	1082	3.91153	0.79749
rna18713	2362	2327	14	1.3272
rna18731	10520	10485	1748.8	36.7941
rna18730	10516	10481	4143.11	87.2026
rna18729	12114	12079	230.28	4.20562
rna18714	11496	11461	463.183	8.9153
rna18715	11724	11689	225.01	4.24649
rna18716	11643	11608	39.8456	0.757231
rna18717	10965	10930	0	0
rna18718	11823	11788	71.4192	1.33653
rna18719	11847	11812	276.497	5.16384
rna18720	11655	11620	123.827	2.3508
rna18721	11841	11806	1216.17	22.7246
rna18722	11652	11617	137.425	2.60962
rna18723	11742	11707	474.316	8.93774
rna18724	10989	10954	877.591	17.6736
rna18725	11871	11836	0	0
rna18726	11688	11653	2693.32	50.9867
rna18727	11712	11677	1706.12	32.2317
rna18728	11550	11515	1754.47	33.6114
rna18732	7184	7149	0	0
rna18735	3968	3933	0	0
rna18734	4063	4028	27.6211	1.51272
rna18733	7949	7914	1152.27	32.1192
rna18737	2558	2523	521.772	45.6215
rna18736	1414	1379	36.3326	5.81216
rna18740	2350	2315	369.74	35.2331
rna18738	2751	2716	245.26	19.9206
rna18739	2937	2902	0	0
rna18741	1693	1658	52.5642	6.99377
rna18742	2173	2138	346.436	35.7454
rna18743	1563	1528	225	32.4836
rna18744	2733	2698	22.0962	1.80668
rna18745	4578	4543	3330.72	161.734
rna18746	2803	2768	830.443	66.1834
rna18748	2775	2740	780.738	62.8579
rna18747	2788	2753	0	0
rna18749	3484	3449	276	17.6531
rna18750	2073	2038	78.3846	8.48462
rna18751	1969	1934	115.442	13.1677
rna18752	2134	2099	274.953	28.8969
rna18753	968	933	149	35.2298
rna18754	1053	1018	224	48.5407
rna18755	937	902	250	61.1419
rna18756	2994	2959	1072.39	79.9489
rna18757	3823	3788	243.679	14.191
rna18758	3827	3792	572.807	33.3231
rna18759	889	854	117	30.2227
rna18760	1675	1640	10.3145	1.38742
rna18761	1516	1481	836.402	124.585
rna18762	1654	1619	11.7319	1.59855
rna18764	2694	2659	166.447	13.809
rna18763	2989	2954	27.1051	2.02416
rna18765	6398	6363	64	2.21883
rna18768	1612	1577	255.243	35.7049
rna18767	1526	1491	8.87078	1.31247
rna18766	1617	1582	188.887	26.3391
rna18769	578	543	231	93.8464
rna18770	3359	3324	4.25632e-006	2.82475e-007
rna18772	1830	1795	0	0
rna18771	3360	3325	459.972	30.5173
rna18773	1832	1797	173.028	21.2409
rna18774	1947	1912	288	33.2285
rna18777	1277	1242	71.0432	12.6185
rna18776	1291	1256	0	0
rna18775	1050	1015	78.3268	17.0235
rna18778	1811	1776	233.409	28.9922
rna18780	964	929	134.221	31.872
rna18779	862	827	0	0
rna18785	2149	2114	0.0811677	0.00847
rna18781	1859	1824	0	0
rna18782	1865	1830	57.7269	6.95878
rna18783	2130	2095	1.17292e-008	1.23506e-009
rna18784	2136	2101	118.359	12.4274
rna18786	831	796	25.6783	7.11637
rna18787	798	763	25.155	7.27286
rna18788	2576	2541	172	14.9324
rna18789	2524	2489	1100.9	97.5731
rna18791	1742	1707	189.902	24.5415
rna18790	2283	2248	77.0367	7.55975
rna18793	2090	2055	147.939	15.8809
rna18792	2154	2119	252.218	26.2574
rna18794	2165	2130	0	0
rna18795	3153	3118	6.53711	0.462504
rna18796	3156	3121	896.463	63.3642
rna18797	1168	1133	637	124.027
rna18798	2335	2300	96	9.20765
rna18799	2453	2418	22935.1	2092.42
rna18800	2227	2192	1037.93	104.456
rna18806	2821	2786	29.7048	2.35207
rna18805	2200	2165	486.603	49.5818
rna18804	2315	2280	228.097	22.0694
rna18803	2015	1980	774.681	86.3105
rna18802	2318	2283	0	0
rna18801	2360	2325	352.78	33.4724
rna18807	438	403	522	285.74
rna18808	6985	6950	115	3.65022
rna18809	2326	2291	464	44.6785
rna18811	2903	2868	9.79229e-005	7.53201e-006
rna18810	2879	2844	1.9999	0.155126
rna18812	1301	1266	123.279	21.4814
rna18814	2202	2167	367.19	37.3799
rna18813	2547	2512	65.5304	5.75478
rna18816	8344	8309	103.329	2.74333
rna18815	7888	7853	1705.02	47.896
rna18817	4428	4393	41.6207	2.09004
rna18821	2257	2222	476.638	47.3206
rna18820	2238	2203	42.6192	4.26772
rna18819	2397	2362	33.7429	3.15143
rna18818	2314	2279	2.1822e-005	2.1123e-006
rna18822	1143	1108	174	34.643
rna18823	5173	5138	233	10.0039
rna18825	2242	2207	304.325	30.4187
rna18824	2354	2319	98.6749	9.38667
rna18826	3610	3575	391.48	24.1568
rna18827	3707	3672	0	0
rna18828	3733	3698	240.52	14.348
rna18830	10574	10539	517.253	10.827
rna18829	10691	10656	1534.75	31.7723
rna18831	2484	2449	1.05462e-005	9.49977e-007
rna18832	2487	2452	268	24.1113
rna18833	1654	1619	85	11.5818
rna18845	5489	5454	87.4852	3.53855
rna18844	5657	5622	278.355	10.9223
rna18843	7153	7118	0	0
rna18842	7656	7621	76.2482	2.20711
rna18841	6405	6370	3.62227	0.125443
rna18840	5964	5929	0	0
rna18838	7346	7311	0	0
rna18839	8046	8011	0	0
rna18836	6924	6889	0	0
rna18837	7720	7685	0	0
rna18835	5585	5550	9.82866e-008	3.90667e-009
rna18834	6387	6352	102.415	3.55678
rna18846	3981	3946	103	5.75819
rna18847	5683	5648	0	0
rna18848	5554	5519	365.363	14.6039
rna18849	5638	5603	152.642	6.00977
rna18850	5635	5600	25.7778	1.01546
rna18851	5509	5474	307.583	12.3955
rna18852	5421	5386	1.42455e-005	5.8347e-007
rna18853	5235	5200	354.869	15.0546
rna18854	5073	5038	173.512	7.59763
rna18855	4396	4361	1026.39	51.9196
rna18856	4414	4379	244.865	12.3355
rna18857	126	91	0	0
rna18858	22	23	0	0
rna18860	865	830	431.9	114.792
rna18859	1003	968	76.0997	17.3426
rna18862	1754	1719	188.02	24.1287
rna18863	1858	1823	29.4509	3.56384
rna18861	1889	1854	23.529	2.79963
rna18864	2099	2064	411.218	43.951
rna18865	1577	1542	870.782	124.575
rna18866	1620	1585	0	0
rna18867	1284	1249	0	0
rna18868	1170	1135	6.74726	1.31141
rna18869	1234	1199	112.253	20.653
rna18870	549	514	161	69.0985
rna18872	1954	1919	239.101	27.486
rna18871	2158	2123	5269.9	547.593
rna18873	1635	1600	35	4.82563
rna18874	1549	1514	138	20.1075
rna18875	1248	1213	3351.34	609.485
rna18876	1460	1425	311.663	48.2476
rna18877	82	47	0	0
rna18878	23	24	0	0
rna18879	848	813	41	11.125
rna18880	3019	2984	319	23.5829
rna18881	8661	8626	1396.92	35.7246
rna18882	8747	8712	8602.87	217.837
rna18883	20837	20802	99.232	1.05233
rna18884	1898	1863	399	47.2461
rna18885	932	897	418	102.799
rna18886	3857	3822	880	50.7923
rna18887	1019	984	246	55.15
rna18888	2133	2098	2023	212.714
rna18889	6383	6348	0	0
rna18890	6296	6261	0.00213312	7.51583e-005
rna18891	6255	6220	4.99787	0.177256
rna18892	3943	3908	289.868	16.3626
rna18893	968	933	168	39.7222
rna18894	836	801	6.86979	1.89198
rna18897	1002	967	11.0554	2.52205
rna18895	1019	984	44.0748	9.881
rna18896	1022	987	0	0
rna18899	2831	2796	60.4192	4.76698
rna18900	2744	2709	785.012	63.9253
rna18898	2432	2397	184.569	16.9862
rna18901	2424	2389	78.7672	7.27336
rna18902	3292	3257	105.735	7.16155
rna18903	3208	3173	0	0
rna18904	780	745	2.49766	0.739577
rna18905	4102	4067	0	0
rna18906	3769	3734	302.643	17.8798
rna18907	4089	4054	889.798	48.4187
rna18908	4320	4285	955.558	49.194
rna18909	1750	1715	259	33.3151
rna18910	3926	3891	0	0
rna18911	3635	3600	33.1683	2.03248
rna18912	3772	3737	97.3447	5.74639
rna18913	6021	5986	66.93	2.46655
rna18914	3713	3678	24.2236	1.45289
rna18915	4162	4127	98.6966	5.27562
rna18916	3716	3681	0	0
rna18917	4091	4056	107.102	5.8251
rna18918	3506	3471	0	0
rna18919	2963	2928	29.8308	2.2475
rna18920	3517	3482	72.7169	4.60694
rna18921	3451	3416	229.504	14.821
rna18922	3353	3318	355.259	23.6197
rna18923	3078	3043	345.162	25.0223
rna18924	2966	2931	222.37	16.7365
rna18925	3009	2974	0	0
rna18926	3251	3216	43.2449	2.96636
rna18930	6468	6433	384.728	13.1931
rna18931	6463	6428	23.973	0.822719
rna18932	7523	7488	0.00618352	0.000182169
rna18933	7479	7444	668.641	19.8149
rna18934	5428	5393	782.949	32.0264
rna18929	2324	2289	684.569	65.9746
rna18927	2320	2285	124.214	11.9919
rna18928	2200	2165	0	0
rna18935	3030	2995	0	0
rna18936	2477	2442	0	0
rna18937	4432	4397	928.299	46.5733
rna18938	3700	3665	90.2867	5.43445
rna18939	4257	4222	79.4718	4.15241
rna18940	4256	4221	125.191	6.54281
rna18941	4836	4801	27	1.24062
rna18942	1941	1906	0	0
rna18944	2064	2029	603.282	65.5909
rna18943	2180	2145	13.7184	1.41085
rna18947	1974	1939	0	0
rna18945	1991	1956	266.948	30.1067
rna18946	1970	1935	111.052	12.6605
rna18949	2725	2690	276.457	22.6715
rna18948	3029	2994	9.54323	0.703152
rna18950	624	589	1887.68	706.998
rna18951	658	623	18.3235	6.48824
rna18952	1150	1115	234	46.2963
rna18953	2951	2916	0	0
rna18954	2589	2554	54.5081	4.7081
rna18955	1018	983	104.492	23.4496
rna18956	898	863	545	139.313
rna18957	2781	2746	900	72.3016
rna18958	1923	1888	284	33.1835
rna18959	1488	1453	149	22.6218
rna18960	905	870	8.28571	2.10095
rna18961	800	765	80.7143	23.2753
rna18962	1624	1589	297	41.2324
rna18963	1274	1239	306	54.4823
rna18964	961	926	2581.92	615.088
rna18965	134	99	0	0
rna18969	2146	2111	102.201	10.68
rna18966	3137	3102	0	0
rna18967	3051	3016	21.9044	1.60216
rna18968	3141	3106	0	0
rna18976	6682	6647	193.256	6.41377
rna18975	6753	6718	0	0
rna18970	6169	6134	22.1711	0.79735
rna18971	6223	6188	133.341	4.75357
rna18972	6319	6284	15.8169	0.555253
rna18973	6373	6338	0	0
rna18974	6304	6269	15.4147	0.542428
rna18977	137	102	0	0
rna18978	21	22	0	0
rna18979	2455	2420	265.671	24.2178
rna18980	2147	2112	90.592	9.4624
rna18981	3004	2969	0	0
rna18982	3088	3053	24.7372	1.78743
rna18983	2550	2515	530	46.4883
rna18985	1648	1613	99.2625	13.5755
rna18984	1703	1668	250.201	33.0902
rna18986	1819	1784	0	0
rna18987	3862	3827	265.536	15.3063
rna18988	1571	1536	15	2.1543
rna18989	1679	1644	462	61.9934
rna18990	8648	8613	1811.8	46.4047
rna18991	8681	8646	424.109	10.821
rna18992	8184	8149	51.0865	1.38295
rna18993	925	890	110.712	27.4416
rna18995	824	789	174.247	48.7184
rna18994	923	888	60.0417	14.9158
rna18996	1770	1735	364	46.2815
rna18997	2036	2001	267	29.4354
rna18998	1973	1938	0	0
rna18999	2015	1980	0	0
rna19001	1398	1363	615.043	99.5441
rna19000	1382	1347	371.957	60.9159
rna19002	1108	1073	396	81.4144
rna19003	1462	1427	253.915	39.2527
rna19004	1181	1146	162.085	31.2007
rna19005	1262	1227	137	24.631
rna19008	1843	1808	77.5576	9.46306
rna19006	2027	1992	181.518	20.1019
rna19007	1736	1701	153.924	19.9622
rna19009	3940	3905	467	26.3816
rna19010	3769	3734	81.0176	4.78642
rna19011	4699	4664	1222.53	57.8239
rna19012	1861	1826	20.4397	2.46934
rna19013	2210	2175	106.533	10.8052
rna19014	1697	1662	27	3.58376
rna19015	724	689	629.898	201.677
rna19016	783	748	114.102	33.6509
rna19020	2259	2224	125.335	12.4321
rna19019	2358	2323	42.294	4.01639
rna19018	2698	2663	179.371	14.8589
rna19017	2722	2687	0	0
rna19021	1071	1036	411	87.516
rna19022	3462	3427	817	52.5913
rna19023	3491	3456	9.99469e-007	6.37971e-008
rna19024	1301	1266	293	51.0551
rna19025	1192	1157	0	0
rna19026	1578	1543	0	0
rna19028	1525	1490	113.853	16.8564
rna19027	1309	1274	0	0
rna19029	1256	1221	0	0
rna19030	1193	1158	0	0
rna19031	1133	1098	124.457	25.0048
rna19032	1141	1106	34.5741	6.89607
rna19033	1255	1220	12.5108	2.26221
rna19034	1405	1370	16.605	2.67377
rna19036	3400	3365	2944.6	193.04
rna19037	3418	3383	651.438	42.4792
rna19038	3547	3512	450.741	28.3125
rna19035	3631	3596	0	0
rna19041	3002	2967	795.217	59.1253
rna19039	3323	3288	0	0
rna19040	3341	3306	0	0
rna19042	3581	3546	1008	62.7086
rna19043	5038	5003	5439.6	239.851
rna19044	4072	4037	1051.4	57.4531
rna19045	3858	3823	1208	69.7057
rna19047	3200	3165	92.3879	6.43942
rna19046	3556	3521	223.612	14.0099
rna19048	3604	3569	65.7371	4.06321
rna19049	3172	3137	0	0
rna19050	3077	3042	6.80075	0.493177
rna19051	3588	3553	0	0
rna19052	1713	1678	34.4622	4.53061
rna19053	12467	12432	12258.1	217.514
rna19054	1041	1006	12	2.63141
rna19055	1570	1535	136	19.545
rna19056	5938	5903	0	0
rna19057	5332	5297	72.4503	3.01728
rna19058	5905	5870	31.4534	1.18205
rna19059	5806	5771	39.6139	1.51426
rna19060	5803	5768	0	0
rna19061	5739	5704	0	0
rna19062	5666	5631	67.1459	2.63051
rna19063	3792	3757	37.3735	2.19446
rna19064	5632	5597	0	0
rna19065	5546	5511	0	0
rna19066	5659	5624	0	0
rna19067	5649	5614	0	0
rna19068	5626	5591	0.00123064	4.85566e-005
rna19069	5533	5498	72.71	2.91739
rna19070	5633	5598	0	0
rna19071	5693	5658	0	0
rna19072	1033	998	28.2518	6.24483
rna19073	361	326	1	0.676687
rna19074	568	533	99	40.9745
rna19076	3118	3083	599.331	42.8843
rna19075	3239	3204	423.669	29.1703
rna19077	261	226	19	18.546
rna19078	2436	2401	304.144	27.9443
rna19079	2457	2422	41.8556	3.81228
rna19080	387	352	44	27.575
rna19081	1333	1298	0.00288453	0.000490237
rna19082	1320	1285	419.656	72.0436
rna19083	1361	1326	32.3416	5.38051
rna19093	3948	3913	402.684	22.7018
rna19092	4004	3969	141.445	7.86161
rna19090	4281	4246	0	0
rna19091	4032	3997	2.4483e-007	1.35125e-008
rna19089	4133	4098	0	0
rna19084	4157	4122	0	0
rna19085	4161	4126	0	0
rna19086	4268	4233	36.9269	1.92442
rna19087	4310	4275	0	0
rna19088	4433	4398	12.6721	0.635623
rna19095	3025	2990	212.272	15.6613
rna19094	3303	3268	0	0
rna19096	9248	9213	4.80335	0.115013
rna19097	9203	9168	1559.2	37.5173
rna19098	3793	3758	405	23.7741
rna19099	2104	2069	1	0.106622
rna19100	1765	1730	89	11.3488
rna19101	3737	3702	702	41.8318
rna19102	1433	1398	782	123.397
rna19103	2986	2951	1184.15	88.5202
rna19111	3872	3837	1375.69	79.0921
rna19112	3872	3837	0	0
rna19110	3901	3866	0	0
rna19108	3903	3868	509.814	29.0758
rna19109	3924	3889	0.418053	0.0237137
rna19107	3834	3799	52.2826	3.03594
rna19106	3931	3896	0	0
rna19105	3885	3850	375.652	21.5244
rna19104	3719	3684	0	0
rna19117	4294	4259	23665.5	1225.78
rna19116	4147	4112	243.164	13.0452
rna19115	4127	4092	26325.8	1419.22
rna19113	4133	4098	1692.12	91.0888
rna19114	4133	4098	586.921	31.5946
rna19118	1308	1273	272	47.1353
rna19119	5865	5830	2601.85	98.451
rna19120	4241	4206	599.146	31.4246
rna19121	1403	1368	61	9.8367
rna19122	2998	2963	926	68.9422
rna19123	852	817	100	27.0012
rna19124	5065	5030	305.439	13.3956
rna19129	1929	1894	54	6.28955
rna19130	82	47	1.36613	6.41207
rna19131	72	37	1	5.96216
rna19132	73	38	0.158746	0.921561
rna19133	74	39	1.75	9.89872
rna19125	4908	4873	167.442	7.58008
rna19126	5037	5002	1766.12	77.89
rna19127	4622	4587	0	0
rna19128	4733	4698	0	0
rna19134	925	890	252	62.462
rna19135	4004	3969	73.97	4.11131
rna19136	3986	3951	554.03	30.9337
rna19137	432	397	78	43.3421
rna19138	793	758	1940	564.597
rna19140	844	809	6.85092	1.86813
rna19139	518	483	603.148	275.475
rna19142	2329	2294	152.421	14.6574
rna19141	2581	2546	293.579	25.4374
rna19143	1485	1450	346	52.6397
rna19145	4180	4145	38.2576	2.0361
rna19144	5199	5164	1048.74	44.8011
rna19146	2284	2249	2.40933	0.236326
rna19147	1552	1517	22.5907	3.2851
rna19148	1407	1372	391	62.8678
rna19150	2570	2535	61.252	5.33026
rna19149	3446	3411	795.29	51.4339
rna19151	1669	1634	19.4578	2.62692
rna19152	2928	2893	27.0315	2.06124
rna19153	317	282	3	2.34681
rna19157	3434	3399	0	0
rna19154	3057	3022	0	0
rna19155	3346	3311	4	0.266506
rna19156	3068	3033	0	0
rna19163	4482	4447	7.05795	0.35012
rna19161	4606	4571	94.5973	4.56534
rna19162	4696	4661	39.3877	1.86418
rna19159	4642	4607	18.2456	0.873667
rna19160	4732	4697	7.75122	0.364045
rna19158	4493	4458	0	0
rna19164	1809	1774	6	0.746111
rna19165	1491	1456	862	130.603
rna19166	750	715	178	54.9186
rna19167	627	592	151	56.2679
rna19173	1370	1335	606.892	100.285
rna19172	1860	1825	0	0
rna19170	1717	1682	7.70433	1.01045
rna19171	1921	1886	72.8892	8.52565
rna19169	1382	1347	0.0156083	0.00255619
rna19168	1771	1736	34.4986	4.38386
rna19174	2070	2035	605	65.5838
rna19175	3619	3584	386	23.7588
rna19176	1334	1299	161	27.3415
rna19178	1468	1433	193.011	29.7127
rna19177	1185	1150	350.989	67.3288
rna19179	1884	1849	21.2529	2.53563
rna19180	1861	1826	0	0
rna19181	1797	1762	102.747	12.8638
rna19182	1961	1926	281	32.1852
rna19183	1921	1886	502.224	58.7437
rna19184	1884	1849	273.776	32.6636
rna19185	3966	3931	611	34.2881
rna19186	8877	8842	279.836	6.98166
rna19187	8880	8845	897.164	22.3759
rna19188	2537	2502	4170.34	367.696
rna19189	2687	2652	2438.66	202.854
rna19190	546	511	5	2.15851
rna19191	560	525	0	0
rna19192	3837	3802	37	2.14682
rna19193	1084	1049	0	0
rna19194	1208	1173	127	23.8842
rna19195	1502	1467	226	33.9847
rna19196	4286	4251	32.9535	1.71008
rna19197	4157	4122	730.048	39.0705
rna19199	924	889	1358	336.98
rna19198	996	961	0	0
rna19200	807	772	194	55.4358
rna19201	698	663	803	267.182
rna19202	565	530	1902	791.663
rna19203	3728	3693	18.7932	1.12261
rna19207	4158	4123	18.8978	1.01112
rna19206	4416	4381	21.5596	1.08561
rna19204	4518	4483	40.5846	1.99709
rna19205	4506	4471	3.13584e-005	1.54723e-006
rna19208	4532	4497	0.000132158	6.48301e-006
rna19209	4472	4437	838.297	41.6787
rna19210	4518	4483	408.24	20.0887
rna19211	4491	4456	139.627	6.91244
rna19212	8071	8036	18.5965	0.510503
rna19213	8023	7988	40.4017	1.11575
rna19214	8072	8037	1.9257e-006	5.28567e-008
rna19215	8027	7992	0.216925	0.0059877
rna19216	8060	8025	7.66845e-007	2.10799e-008
rna19217	8051	8016	0.550407	0.0151472
rna19218	8039	8004	0.225011	0.00620159
rna19219	8051	8016	429.309	11.8146
rna19220	8003	7968	9.69032e-006	2.68284e-007
rna19221	8023	7988	4.44943e-006	1.22878e-007
rna19222	8011	7976	1.76531e-006	4.88248e-008
rna19223	8002	7967	1.36439	0.0377789
rna19224	7147	7112	0.00200999	6.2346e-005
rna19225	7102	7067	979.858	30.5868
rna19226	7135	7100	0.000720997	2.24017e-005
rna19227	7090	7055	360.993	11.2878
rna19228	7114	7079	1008.3	31.4212
rna19229	1414	1379	3	0.479913
rna19230	1871	1836	4	0.48061
rna19232	2822	2787	1	0.0791532
rna19231	3584	3549	0	0
rna19233	778	743	0	0
rna19234	966	931	0	0
rna19235	933	898	0	0
rna19236	900	865	0	0
rna19237	2892	2857	133.045	10.2729
rna19238	2730	2695	232.413	19.0243
rna19239	2201	2166	139.8	14.2382
rna19240	679	644	0	0
rna19241	957	922	32	7.6564
rna19242	1270	1235	12	2.14348
rna19244	401	366	3.79961	2.29015
rna19243	291	256	0	0
rna19245	1983	1948	251	28.4243
rna19246	2271	2236	37.2017	3.67026
rna19247	1851	1816	221.208	26.8714
rna19248	2215	2180	11.1986	1.13322
rna19249	1631	1596	62.8301	8.68441
rna19250	1706	1671	58.562	7.73116
rna19251	1752	1717	0	0
rna19252	4747	4712	225.045	10.5359
rna19253	4718	4683	11.5087	0.542134
rna19254	4712	4677	52.3108	2.46735
rna19255	4694	4659	104.473	4.94673
rna19259	3274	3239	1156.27	78.7509
rna19257	3314	3279	539.528	36.2976
rna19258	3317	3282	3.83461e-006	2.57743e-007
rna19256	3309	3274	247.565	16.6808
rna19260	3038	3003	48.9287	3.5943
rna19261	430	395	30.366	16.9588
rna19262	631	596	4	1.48054
rna19273	5432	5397	75.1266	3.07077
rna19272	7391	7356	463.622	13.9036
rna19271	7395	7360	0	0
rna19268	5552	5517	0	0
rna19269	5206	5171	631.861	26.9558
rna19270	5555	5520	0	0
rna19267	5905	5870	0	0
rna19266	5799	5764	350.894	13.4294
rna19265	5419	5384	0.246208	0.010088
rna19264	5421	5386	179.563	7.35455
rna19263	5643	5608	328.688	12.9295
rna19274	631	596	4.77487e-005	1.76734e-005
rna19275	626	591	0.999952	0.373248
rna19276	1116	1081	7	1.42849
rna19277	2504	2469	5	0.44674
rna19278	2603	2568	10.2746	0.882627
rna19279	2363	2328	0.959006	0.0908749
rna19280	2353	2318	154.794	14.7314
rna19281	1326	1291	150.973	25.7975
rna19282	938	903	19	4.64164
rna19283	2791	2756	135.519	10.8474
rna19284	3281	3246	89.0471	6.05169
rna19286	1935	1900	5.01538	0.582312
rna19287	1932	1897	32.4182	3.76988
rna19288	1959	1924	1.82861e-006	2.09663e-007
rna19285	2051	2016	0	0
rna19289	186	151	0	0
rna19290	1498	1463	511	77.0517
rna19291	1165	1130	3	0.585664
rna19292	687	652	6	2.03006
rna19294	635	600	0	0
rna19293	487	452	0	0
rna19295	1700	1665	280	37.0979
rna19296	1836	1801	0	0
rna19297	1801	1766	0	0
rna19298	1197	1162	8	1.51876
rna19299	1195	1160	10	1.90172
rna19300	1373	1338	15407.8	2540.33
rna19303	5623	5588	39.0168	1.54028
rna19304	5611	5576	0	0
rna19302	6969	6934	127.221	4.04745
rna19301	7354	7319	100.793	3.03799
rna19305	7277	7242	277.304	8.44701
rna19306	6383	6348	30.104	1.04615
rna19307	2446	2411	774.91	70.9022
rna19308	2341	2306	254.09	24.3071
rna19309	1733	1698	10127	1315.68
rna19310	1628	1593	18.2057	2.52114
rna19312	1097	1062	24.7266	5.13625
rna19313	1103	1068	75.0677	15.5056
rna19311	1485	1450	0	0
rna19314	816	781	26	7.34392
rna19315	1428	1393	17.8271	2.82316
rna19316	1578	1543	153.173	21.8989
rna19318	3802	3767	972.999	56.98
rna19317	3845	3810	0.00146738	8.49619e-005
rna19319	852	817	16	4.3202
rna19320	4745	4710	15.1138	0.707878
rna19322	681	646	0	0
rna19321	688	653	15.1807	5.12842
rna19323	580	545	0	0
rna19324	545	510	2	0.865098
rna19325	3815	3780	317.398	18.5233
rna19326	4270	4235	762.308	39.7084
rna19327	2820	2785	11	0.871311
rna19328	3469	3434	0	0
rna19329	3677	3642	25.4571	1.54196
rna19330	3740	3705	107.879	6.42324
rna19331	2099	2064	0	0
rna19332	1995	1960	1	0.112551
rna19333	3352	3317	0	0
rna19334	3534	3499	0	0
rna19335	3419	3384	0	0
rna19336	3278	3243	1.5734e-007	1.07028e-008
rna19337	3230	3195	7	0.483318
rna19338	4170	4135	321.417	17.1474
rna19339	4326	4291	357.583	18.3833
rna19340	2848	2813	3342.23	262.103
rna19341	3006	2971	60.6028	4.49983
rna19342	3011	2976	373.853	27.7124
rna19343	2101	2066	7.31142	0.780687
rna19344	2198	2163	0	0
rna19346	3997	3962	71.0554	3.95629
rna19345	4153	4118	0	0
rna19347	2012	1977	15.0925	1.68407
rna19348	1756	1721	21.5931	2.76784
rna19349	1101	1066	0	0
rna19350	1240	1205	1	0.183071
rna19351	1273	1238	0	0
rna19354	530	495	67.2662	29.9776
rna19352	831	796	1.60674	0.445286
rna19353	668	633	9.29009	3.23759
rna19356	1017	982	107.205	24.083
rna19355	1462	1427	9.62022	1.48719
rna19357	1631	1596	165.682	22.9006
rna19358	1367	1332	575.318	95.2817
rna19359	2045	2010	0	0
rna19360	2129	2094	32.0114	3.37236
rna19361	1293	1258	28	4.91002
rna19362	1054	1019	66.1665	14.3242
rna19363	1102	1067	107.691	22.2649
rna19364	1066	1031	797.142	170.562
rna19365	1150	1115	0	0
rna19368	1248	1213	93	16.9133
rna19366	1106	1071	0	0
rna19367	1119	1084	14	2.84908
rna19369	1008	973	76.6833	17.3857
rna19372	2338	2303	23.3685	2.23843
rna19371	2111	2076	27.2177	2.89221
rna19370	2336	2301	30.5503	2.9289
rna19373	2116	2081	3019	320.034
rna19374	1420	1385	140	22.2989
rna19375	2354	2319	136	12.9373
rna19376	1992	1957	28	3.15626
rna19377	6799	6764	890.728	29.0501
rna19378	6802	6767	5.36814	0.174998
rna19379	5113	5078	10.4654	0.454642
rna19384	4209	4174	5.19039	0.274317
rna19383	3453	3418	217.455	14.0347
rna19382	3966	3931	191.704	10.758
rna19380	4677	4642	146.07	6.94165
rna19381	5029	4994	50.8448	2.24597
rna19385	1673	1638	21	2.82821
rna19386	1872	1837	54.0293	6.48822
rna19387	1855	1820	5.37754e-005	6.51806e-006
rna19388	1270	1235	0	0
rna19389	1804	1769	42.9706	5.35858
rna19390	2802	2767	214	17.0612
rna19391	353	318	3	2.08113
rna19392	1783	1748	95.9951	12.1147
rna19393	2514	2479	91.5636	8.14802
rna19394	1546	1511	130.671	19.0774
rna19395	2196	2161	132.654	13.5416
rna19396	2269	2234	150.117	14.8235
rna19397	2266	2231	0	0
rna19398	2609	2574	677.079	58.0278
rna19399	4160	4125	3529.37	188.746
rna19400	932	897	2350	577.938
rna19401	2356	2321	237.263	22.5507
rna19402	2626	2591	140.737	11.9825
rna19403	3983	3948	187.177	10.4588
rna19404	3527	3492	0	0
rna19405	3491	3456	0	0
rna19406	3363	3328	319.488	21.1776
rna19407	3084	3049	1139.34	82.4328
rna19408	3048	3013	10.4713	0.766668
rna19409	2873	2838	341.528	26.5472
rna19411	2466	2431	65.8789	5.97815
rna19410	2479	2444	0.121133	0.0109337
rna19412	2921	2886	20.0194	1.53024
rna19413	3400	3365	55.2766	3.62378
rna19414	3403	3368	19.2965	1.2639
rna19415	3593	3558	18.5108	1.14769
rna19417	3240	3205	0	0
rna19418	3065	3030	84.6537	6.16324
rna19419	3257	3222	0.00372588	0.000255099
rna19420	3329	3294	1.45443e-005	9.74034e-007
rna19416	3334	3299	44.2569	2.9594
rna19421	3047	3012	121.086	8.86836
rna19422	789	754	24.1584	7.06809
rna19423	902	867	57.9273	14.7391
rna19424	787	752	0	0
rna19426	635	600	0	0
rna19425	694	659	5.91432	1.97982
rna19427	1828	1793	278	34.2035
rna19428	5147	5112	401.419	17.3226
rna19429	5134	5099	463.9	20.0699
rna19432	857	822	82.8087	22.2234
rna19431	850	815	0	0
rna19430	719	684	425.221	137.14
rna19433	697	662	0	0
rna19434	561	526	214.723	90.0532
rna19435	559	524	46.2469	19.4696
rna19436	1844	1809	370	45.12
rna19437	1783	1748	512	64.6151
rna19438	1380	1345	7	1.1481
rna19439	2446	2411	30	2.74492
rna19440	2259	2224	3.71496	0.368489
rna19441	2261	2226	1.28504	0.12735
rna19442	1106	1071	11	2.26573
rna19443	1129	1094	169	34.0781
rna19444	1246	1211	925.677	168.625
rna19445	1183	1148	718.323	138.033
rna19446	7519	7484	1772.24	52.2389
rna19447	5866	5831	0	0
rna19448	5283	5248	6.7601	0.284161
rna19449	1751	1716	81.7296	10.5067
rna19450	1629	1594	9.27041	1.28297
rna19451	1436	1401	132	20.7846
rna19452	1149	1114	40.9455	8.10825
rna19453	533	498	1.05447	0.467101
rna19454	6642	6607	20.7963	0.694364
rna19455	10885	10850	114.077	2.31939
rna19456	7308	7273	0	0
rna19458	7309	7274	0	0
rna19457	3843	3808	4.60226	0.266612
rna19459	1989	1954	12.1692	1.37386
rna19460	5982	5947	0.240529	0.00892226
rna19461	5982	5947	0.240529	0.00892226
rna19462	6248	6213	22.8919	0.812804
rna19463	8140	8105	58.8543	1.60188
rna19464	8110	8075	0	0
rna19465	7984	7949	8.57139	0.237873
rna19466	8147	8112	0	0
rna19467	7211	7176	93.2938	2.86798
rna19468	2376	2341	0	0
rna19469	3520	3485	0	0
rna19470	3686	3651	0	0
rna19471	3849	3814	0	0
rna19472	3825	3790	0	0
rna19473	3643	3608	0	0
rna19474	3714	3679	82.2995	4.93484
rna19475	3552	3517	30.7005	1.92566
rna19476	5280	5245	457	19.221
rna19477	975	940	12	2.81617
rna19481	1972	1937	0	0
rna19480	1931	1896	300.125	34.9196
rna19479	1948	1913	10.8749	1.25405
rna19478	2258	2223	0	0
rna19482	4235	4200	189	9.927
rna19483	1882	1847	13	1.55268
rna19488	8215	8180	581.044	15.6697
rna19485	8711	8676	100.706	2.56059
rna19486	8571	8536	324.092	8.37566
rna19487	8028	7993	502.159	13.8592
rna19484	8860	8825	0	0
rna19502	2742	2707	229.476	18.7005
rna19501	2941	2906	0	0
rna19500	2972	2937	12.7696	0.959131
rna19499	3690	3655	158.075	9.54072
rna19498	5306	5271	40.8466	1.7095
rna19497	3540	3505	205.363	12.9253
rna19493	3837	3802	41.9784	2.43568
rna19494	4092	4057	14.4271	0.784475
rna19495	3916	3881	183.098	10.4075
rna19496	4171	4136	0	0
rna19492	3413	3378	73.6745	4.81131
rna19490	3492	3457	0	0
rna19491	3498	3463	31.1209	1.98247
rna19489	3344	3309	9.17156	0.611437
rna19503	1976	1941	2810	319.364
rna19504	1080	1045	3177	670.666
rna19505	735	700	17.881	5.63506
rna19507	663	628	0	0
rna19506	785	750	31	9.11814
rna19508	814	779	375.119	106.228
rna19509	2699	2664	527.606	43.6899
rna19510	2532	2497	0.00364749	0.000322241
rna19511	2530	2495	570.382	50.4314
rna19512	5895	5860	55.2714	2.0807
rna19513	5899	5864	17.3237	0.651709
rna19514	5816	5781	789.405	30.1233
rna19515	2194	2159	395	40.3599
rna19516	675	640	211	72.7291
rna19517	2154	2119	477	49.6584
rna19518	889	854	142	36.6806
rna19519	2723	2688	379	31.104
rna19520	1645	1610	572.343	78.4216
rna19521	1140	1105	409.657	81.7832
rna19523	604	569	32.0563	12.4282
rna19522	533	498	2.94366	1.30396
rna19524	2062	2027	447	48.6474
rna19527	4546	4511	154.823	7.57126
rna19526	4527	4492	0.000498069	2.446e-005
rna19525	5191	5156	6.89044e-008	2.94808e-009
rna19529	5230	5195	259.925	11.0374
rna19528	5228	5193	81.2639	3.45211
rna19530	4511	4476	44.7583	2.20591
rna19531	4392	4357	91.8706	4.65152
rna19532	4328	4293	151.359	7.77775
rna19533	1887	1852	135	16.0805
rna19534	4361	4326	398.804	20.3366
rna19535	4621	4586	70.5538	3.39385
rna19537	2618	2583	85.9483	7.34038
rna19536	2658	2623	1.12818e-006	9.48827e-008
rna19538	2444	2409	2347.67	214.984
rna19539	1899	1864	75.171	8.89632
rna19540	1672	1637	16.829	2.26785
rna19541	4191	4156	467.55	24.8175
rna19542	4107	4072	11.4498	0.620289
rna19544	1999	1964	0	0
rna19543	2349	2314	323.037	30.796
rna19545	1296	1261	304.963	53.3504
rna19546	862	827	301	80.291
rna19547	2192	2157	59.2141	6.05592
rna19548	2453	2418	329.452	30.0567
rna19549	2469	2434	380.334	34.4707
rna19550	1188	1153	105	20.0893
rna19551	2390	2355	671.858	62.935
rna19552	2426	2391	363.142	33.5045
rna19553	2280	2245	130.728	12.8457
rna19554	2286	2251	329.253	32.2671
rna19555	2179	2144	45.674	4.69948
rna19556	2089	2054	74.3449	7.98466
rna19558	1026	991	301.958	67.217
rna19557	1402	1367	36.0418	5.81626
rna19559	1174	1139	256	49.5818
rna19560	4858	4823	266.565	12.1925
rna19561	4430	4395	716.833	35.9803
rna19567	1062	1027	117.216	25.1781
rna19566	1050	1015	9.69804	2.10777
rna19565	1173	1138	1.77709e-006	3.44488e-007
rna19564	1048	1013	99.615	21.6931
rna19563	1179	1144	52.4706	10.118
rna19562	1093	1058	0	0
rna19568	1123	1088	0	0
rna19569	1106	1071	0	0
rna19570	1024	989	43	9.59131
rna19571	1335	1300	63	10.6906
rna19572	4101	4066	77.1666	4.18666
rna19573	3527	3492	49.8381	3.14842
rna19574	3467	3432	170.995	10.9911
rna19575	1822	1787	99	12.2213
rna19577	1424	1389	982.877	156.1
rna19576	1545	1510	0	0
rna19582	2093	2058	1565.28	167.784
rna19581	2132	2097	2325.27	244.613
rna19578	2148	2113	540.075	56.3846
rna19579	2151	2116	224.2	23.3735
rna19580	2211	2176	211.992	21.4915
rna19584	1439	1404	13.3106	2.0914
rna19583	1411	1376	0	0
rna19585	2683	2648	202	16.8283
rna19588	817	782	50.385	14.2135
rna19587	795	760	28.3456	8.22769
rna19586	717	682	290.179	93.8613
rna19589	1114	1079	347.091	70.9622
rna19590	6243	6208	0	0
rna19591	6159	6124	250.724	9.03163
rna19592	6234	6199	0	0
rna19593	5898	5863	931.284	35.0403
rna19594	5687	5652	0	0
rna19595	5470	5435	128.53	5.21687
rna19596	5440	5405	1683.75	68.7205
rna19597	5459	5424	804.717	32.7287
rna19598	3241	3206	1598.63	109.999
rna19599	4661	4626	1825.95	87.0742
rna19600	14569	14534	101.543	1.54124
rna19601	22762	22727	24.5369	0.238168
rna19602	2029	1994	53.5537	5.92475
rna19605	361	326	104	70.3755
rna19603	1435	1400	0	0
rna19604	1857	1822	35.4463	4.29168
rna19606	72	37	1	5.96216
rna19607	8440	8405	3	0.0787389
rna19619	102	67	0	0
rna19620	23	24	0	0
rna19621	3205	3170	0	0
rna19622	3443	3408	135.132	8.7471
rna19623	2987	2952	636.868	47.5925
rna19625	3362	3327	2.00133	0.1327
rna19624	3605	3570	0	0
rna19626	1162	1127	80	15.6593
rna19627	2939	2904	283	21.4979
rna19629	3372	3337	0	0
rna19630	3253	3218	0	0
rna19631	3236	3201	98.1724	6.76565
rna19628	3596	3561	569.828	35.3002
rna19632	2674	2639	940	78.5768
rna19633	3253	3218	48	3.29049
rna19634	5570	5535	12	0.478266
rna19635	2291	2256	1193	116.656
rna19636	2255	2220	342	33.9843
rna19637	1111	1076	85.1833	17.4642
rna19638	871	836	33.8509	8.93242
rna19639	754	719	217.966	66.8752
rna19640	1371	1336	60	9.90719
rna19641	3159	3124	33	2.33028
rna19642	2753	2718	27.1607	2.20444
rna19643	2768	2733	0	0
rna19644	2791	2756	0	0
rna19645	2763	2728	0	0
rna19646	2750	2715	0	0
rna19647	2550	2515	232.839	20.4232
rna19648	2361	2326	240.837	22.8412
rna19649	2331	2296	183.163	17.5983
rna19652	783	748	5.17647	1.52664
rna19651	494	459	78.8235	37.8834
rna19650	633	598	0	0
rna19653	2149	2114	2215	231.14
rna19654	6116	6081	2089	75.7825
rna19655	972	937	97	22.8369
rna19661	2989	2954	0.258151	0.0192783
rna19657	2556	2521	85.8258	7.51019
rna19658	2858	2823	0.0358841	0.00280412
rna19659	2983	2948	1.36107e-005	1.0185e-006
rna19660	2986	2951	143.825	10.7516
rna19656	2610	2575	0	0
rna19662	1014	979	12	2.70398
rna19663	1581	1546	347	49.5137
rna19665	3159	3124	436.391	30.8156
rna19664	3181	3146	290.613	20.378
rna19666	8697	8662	1158.64	29.5078
rna19667	8718	8683	401.903	10.2107
rna19668	8937	8902	6.24655e-005	1.54795e-006
rna19669	8928	8893	300.95	7.46539
rna19670	8958	8923	2.27903e-005	5.63437e-007
rna19671	8233	8198	39.7672	1.0701
rna19672	8160	8125	53.7379	1.45903
rna19673	2524	2489	3	0.26589
rna19674	1265	1230	190	34.0764
rna19675	850	815	507	137.232
rna19676	4904	4869	326	14.7701
rna19677	4353	4318	0	0
rna19678	3935	3900	727	41.1221
rna19679	2481	2446	400	36.0752
rna19680	2449	2414	98	8.9556
rna19684	1274	1239	266.064	47.3719
rna19683	1411	1376	0	0
rna19682	1602	1567	7.15525	1.00731
rna19681	1383	1348	92.7805	15.1835
rna19685	937	902	920	225.002
rna19686	2964	2929	414.3	31.2033
rna19687	2882	2847	167.7	12.9943
rna19690	1224	1189	349.997	64.9364
rna19689	1285	1250	0	0
rna19688	1194	1159	198.003	37.6872
rna19691	1181	1146	219	42.1566
rna19694	1609	1574	48	6.72732
rna19695	1691	1656	0	0
rna19693	1754	1719	0	0
rna19692	1673	1638	0	0
rna19696	1753	1718	0	0
rna19697	1111	1076	176	36.0833
rna19698	1103	1068	168	34.7011
rna19699	1705	1670	7.02682e-005	9.28214e-006
rna19700	1693	1658	686.024	91.2768
rna19701	1917	1882	310.976	36.4512
rna19702	442	407	12	6.50418
rna19703	4421	4386	238.025	11.9718
rna19706	2126	2091	506.904	53.4783
rna19704	4355	4320	0.0876995	0.00447836
rna19705	4570	4535	525.535	25.5641
rna19707	1742	1707	353	45.6191
rna19708	1514	1479	132	19.6884
rna19714	2582	2547	12.5124	1.08372
rna19713	2430	2395	48.287	4.44765
rna19712	2577	2542	0	0
rna19710	2430	2395	48.287	4.44765
rna19711	2888	2853	68.5218	5.29825
rna19709	2930	2895	0	0
rna19715	695	660	41.4817	13.865
rna19716	651	616	12.4199	4.44778
rna19717	82	47	1.36613	6.41207
rna19718	3003	2968	27	2.00681
rna19719	2871	2836	0	0
rna19720	2977	2942	0	0
rna19721	2978	2943	0	0
rna19722	3903	3868	108.158	6.16849
rna19723	3905	3870	717.392	40.8932
rna19724	3965	3930	4.04939e-006	2.27302e-007
rna19725	3937	3902	0.00150848	8.52824e-005
rna19726	3678	3643	87.5553	5.30187
rna19727	1616	1581	183.893	25.6589
rna19728	764	729	261	78.9803
rna19729	4828	4793	328.432	15.1162
rna19730	1678	1643	794.568	106.684
rna19731	73	38	0	0
rna19733	2507	2472	276.489	24.6738
rna19732	1871	1836	178.511	21.4485
rna19734	488	453	0	0
rna19737	3025	2990	0	0
rna19735	3724	3689	0	0
rna19736	3858	3823	13	0.750144
rna19738	1427	1392	238	37.7175
rna19739	2739	2704	28.2884	2.30785
rna19740	2954	2919	34.0436	2.57281
rna19741	2801	2766	417.668	33.3108
rna19742	1354	1319	44.6286	7.46405
rna19743	975	940	8.16131	1.9153
rna19745	691	656	2.82813	0.951046
rna19744	1307	1272	14.3819	2.49423
rna19746	2507	2472	89	7.94232
rna19748	871	836	0	0
rna19747	823	788	3	0.839848
rna19749	3093	3058	264	19.0446
rna19750	2176	2141	2.76231e-006	2.84618e-007
rna19751	2131	2096	451.892	47.5607
rna19756	3664	3629	49.3133	2.99766
rna19755	4015	3980	71.1271	3.94237
rna19754	4438	4403	275.787	13.8176
rna19753	4243	4208	29.6384	1.55376
rna19752	4918	4883	168.293	7.60299
rna19757	2861	2826	9.1181	0.711767
rna19759	2868	2833	0.490928	0.0382276
rna19758	3071	3036	45.2104	3.28506
rna19760	2787	2752	92.1805	7.38918
rna19761	2510	2475	3.1034	0.27661
rna19762	975	940	2	0.469362
rna19763	5887	5852	21.4694	0.809323
rna19764	5922	5887	410.531	15.3836
rna19765	2362	2327	240.335	22.7838
rna19769	2501	2466	199.581	17.8538
rna19768	2473	2438	630.844	57.0813
rna19767	2477	2442	35.2793	3.18698
rna19766	2352	2317	749.961	71.4033
rna19770	3891	3856	798	45.6532
rna19774	5614	5579	1117.43	44.1843
rna19772	5477	5442	63.1271	2.55896
rna19773	5652	5617	679.802	26.6983
rna19771	6474	6439	34.6443	1.18691
rna19775	3749	3714	0	0
rna19776	2570	2535	232.561	20.2379
rna19778	3900	3865	0	0
rna19779	3429	3394	215.4	14.0004
rna19777	2325	2290	16.0312	1.54432
rna19780	3779	3744	0.038618	0.00227541
rna19781	3597	3562	59.1395	3.6626
rna19782	3772	3737	3.89089e-005	2.29685e-006
rna19783	3590	3555	34.3817	2.13351
rna19796	2004	1969	0	0
rna19795	2231	2196	0	0
rna19794	2313	2278	0	0
rna19793	2586	2551	0	0
rna19792	1589	1554	0	0
rna19790	1912	1877	0	0
rna19791	1958	1923	6.89338	0.790786
rna19789	2183	2148	19.0933	1.96089
rna19788	2172	2137	0	0
rna19787	1755	1720	0	0
rna19785	2078	2043	51.0133	5.50834
rna19786	2124	2089	0	0
rna19784	2349	2314	0	0
rna19797	1227	1192	20	3.70134
rna19800	1205	1170	5	0.942735
rna19798	1273	1238	0	0
rna19799	1278	1243	0	0
rna19802	3003	2968	0	0
rna19801	3005	2970	16.4863	1.22454
rna19803	816	781	76	21.4668
rna19804	1130	1095	275	55.4018
rna19805	4118	4083	864.23	46.6934
rna19816	3594	3559	0	0
rna19813	3580	3545	0	0
rna19814	3583	3548	6.85774	0.426386
rna19815	3759	3724	21.8157	1.29231
rna19812	3991	3956	17.0513	0.950836
rna19811	3257	3222	12.2302	0.837361
rna19810	3555	3520	50.1561	3.14331
rna19809	3690	3655	10.4961	0.633502
rna19817	3025	2990	190.163	14.0301
rna19819	1473	1438	0	0
rna19818	1255	1220	72.0188	13.0224
rna19806	4498	4463	249.001	12.3078
rna19807	4460	4425	0	0
rna19808	4388	4353	0	0
rna19820	1959	1924	6.3537	0.728496
rna19821	2420	2385	111	10.2669
rna19822	3653	3618	469	28.5963
rna19823	1822	1787	223	27.5287
rna19824	1420	1385	0	0
rna19825	1405	1370	0	0
rna19826	1379	1344	234.925	38.56
rna19827	1217	1182	99.0745	18.4906
rna19829	3010	2975	0	0
rna19830	2937	2902	7	0.532116
rna19831	1635	1600	9.07806	1.25164
rna19832	1743	1708	65.9897	8.52302
rna19833	1459	1424	0	0
rna19834	1843	1808	45.0103	5.49186
rna19835	1915	1880	0	0
rna19836	1894	1859	0	0
rna19837	1748	1713	21	2.70438
rna19828	1521	1486	0	0
rna19839	1090	1055	62.0569	12.9761
rna19838	1123	1088	0	0
rna19840	1107	1072	212.245	43.6765
rna19841	1039	1004	0	0
rna19842	987	952	14.6957	3.40532
rna19843	991	956	0.00240346	0.000554607
rna19844	991	956	0	0
rna19845	3298	3263	118	7.97757
rna19846	618	583	2	0.756776
rna19847	489	454	10	4.85903
rna19848	1474	1439	0	0
rna19849	1341	1306	0	0
rna19850	1445	1410	0	0
rna19851	1388	1353	0	0
rna19852	1360	1325	17.6304	2.93529
rna19853	1326	1291	31.3696	5.3603
rna19856	1020	985	6.15015	1.37739
rna19855	1063	1028	30.2278	6.48663
rna19854	1140	1105	98.622	19.6887
rna19857	72	37	0	0
rna19859	1110	1075	422	86.5984
rna19858	1495	1460	0	0
rna19870	11928	11893	6.72695e-005	1.24776e-006
rna19862	11787	11752	1332.11	25.0054
rna19863	11817	11782	372.155	6.96804
rna19864	11868	11833	0.0122841	0.00022901
rna19865	11907	11872	603.668	11.2171
rna19866	11727	11692	137.8	2.59995
rna19867	11889	11854	0.000929817	1.73037e-005
rna19868	11757	11722	38.0493	0.716063
rna19869	11919	11884	0.000266669	4.95011e-006
rna19861	11997	11962	0.000916244	1.68971e-005
rna19860	12281	12246	122.786	2.21187
rna19871	963	928	14.4177	3.42732
rna19872	125	90	0	0
rna19873	21	22	0	0
rna19874	1306	1271	11	1.90921
rna19875	1053	1018	0	0
rna19876	855	820	5	1.34512
rna19877	1373	1338	166	27.3689
rna19880	2199	2164	89.5118	9.12492
rna19879	2268	2233	60.9597	6.02226
rna19878	2642	2607	348.528	29.4919
rna19881	2298	2263	5	0.487406
rna19882	2758	2723	0.113387	0.0091859
rna19883	2746	2711	20.8866	1.69959
rna19884	1671	1636	2	0.269682
rna19885	522	487	9	4.0768
rna19886	5435	5400	0	0
rna19887	5326	5291	299.738	12.4971
rna19888	5328	5293	269.745	11.2423
rna19889	5335	5300	0	0
rna19890	5337	5302	0	0
rna19893	1547	1512	9	1.3131
rna19891	5083	5048	2904.55	126.93
rna19892	5240	5205	380.965	16.1462
rna19894	1624	1589	0	0
rna19895	1621	1586	81	11.2665
rna19896	94	59	20	74.7797
rna19897	21	22	0	0
rna19898	3024	2989	167.111	12.3335
rna19899	1066	1031	81.8886	17.5215
rna19900	2117	2082	268	28.3962
rna19901	4472	4437	711.794	35.3892
rna19902	4289	4254	0.00499493	0.000259023
rna19903	4283	4248	63.9859	3.32281
rna19904	4121	4086	265.215	14.3188
rna19905	4420	4385	422	21.2299
rna19906	706	671	149	48.9857
rna19911	1929	1894	134.406	15.6547
rna19912	1905	1870	0.0530324	0.00625613
rna19908	1821	1786	2.76959e-006	3.42089e-007
rna19909	1824	1789	0	0
rna19910	1965	1930	28.5324	3.26127
rna19907	1816	1781	0.000154493	1.9136e-005
rna19913	1371	1336	0	0
rna19914	1398	1363	7.00829	1.13428
rna19915	6522	6487	19	0.646123
rna19916	1744	1709	1	0.129081
rna19917	1082	1047	0	0
rna19918	5496	5461	184.751	7.46313
rna19919	6773	6738	43.9814	1.43994
rna19920	6373	6338	0	0
rna19921	6083	6048	25.589	0.933356
rna19922	878	843	1	0.261685
rna19924	4139	4104	1.11586	0.0599803
rna19925	4140	4105	0.836854	0.044972
rna19926	4150	4115	0.0472839	0.00253483
rna19927	4223	4188	0	0
rna19928	4227	4192	0	0
rna19923	5945	5910	0	0
rna19929	1064	1029	3	0.643149
rna19930	1094	1059	0	0
rna19931	1116	1081	0	0
rna19932	1557	1522	7	1.01459
rna19933	1464	1429	0	0
rna19934	2748	2713	0	0
rna19935	2639	2604	0	0
rna19936	2644	2609	48.2212	4.07727
rna19937	3145	3110	1.44845e-005	1.02742e-006
rna19938	3138	3103	0.000207322	1.4739e-005
rna19939	2831	2796	60.0401	4.73707
rna19940	8687	8652	91.8143	2.34099
rna19941	4345	4310	5.06761	0.259377
rna19942	2172	2137	0	0
rna19943	1799	1764	1	0.125057
rna19944	2826	2791	0	0
rna19945	2769	2734	14.93	1.20466
rna19946	2590	2555	0.082696	0.00714002
rna19947	2680	2645	0	0
rna19948	1087	1052	0	0
rna19949	1113	1078	2.5702	0.52596
rna19950	1387	1352	2.4298	0.396461
rna19951	1113	1078	0	0
rna19952	463	428	0	0
rna19953	1706	1671	3	0.39605
rna19954	2096	2061	0	0
rna19955	1919	1884	2	0.234183
rna19956	1526	1491	7.16614e-005	1.06026e-005
rna19957	1514	1479	0.999928	0.149144
rna19958	2174	2139	0	0
rna19959	1284	1249	0	0
rna19960	1802	1767	6	0.749066
rna19961	1430	1395	70	11.0695
rna19962	1657	1622	0	0
rna19963	1616	1581	18	2.51158
rna19964	1531	1496	615.675	90.7874
rna19965	1259	1224	1.66858	0.300727
rna19966	1930	1895	372.374	43.3487
rna19967	1386	1351	3.51352	0.573711
rna19968	280	245	0	0
rna19969	1599	1564	0	0
rna19970	1544	1509	19.5594	2.85938
rna19971	1433	1398	73.2093	11.5522
rna19972	1326	1291	97	16.5749
rna19973	1798	1763	2	0.250255
rna19974	1803	1768	3	0.374321
rna19975	2891	2856	0	0
rna19976	2187	2152	0	0
rna19977	2604	2569	8	0.68696
rna19978	1712	1677	0	0
rna19979	5052	5017	1	0.0439705
rna19980	1875	1840	119.259	14.2982
rna19981	1659	1624	114.443	15.5456
rna19982	1828	1793	21.2189	2.61065
rna19983	1803	1768	40.079	5.0008
rna19984	1158	1123	0	0
rna19985	658	623	50	17.7047
rna19986	2238	2203	1549.65	155.176
rna19987	2157	2122	1412.09	146.799
rna19989	4282	4247	374.691	19.4624
rna19988	4511	4476	605.922	29.8629
rna19990	1872	1837	34.1678	4.10311
rna19991	1876	1841	233.895	28.0267
rna19992	1561	1526	76.5375	11.0643
rna19994	3174	3139	176	12.3688
rna19993	1790	1755	0	0
rna20004	3682	3647	213.925	12.9399
rna19995	3662	3627	0.00134168	8.16031e-005
rna19996	3668	3633	131.811	8.00369
rna19997	3686	3651	368.229	22.2491
rna19998	3707	3672	6.6403e-005	3.98924e-006
rna19999	3359	3324	0	0
rna20000	3559	3524	0.00017213	1.07752e-005
rna20001	3577	3542	1.1539	0.0718663
rna20002	3695	3660	2.01249	0.1213
rna20003	3713	3678	5.8674	0.351917
rna20005	363	328	0	0
rna20006	640	605	2	0.729256
rna20007	1185	1150	361	69.2492
rna20009	2368	2333	281.745	26.6408
rna20008	3101	3066	178.272	12.8268
rna20010	1285	1250	7	1.23536
rna20012	1118	1083	7.06952	1.44002
rna20011	1679	1644	2.93048	0.393226
rna20013	1013	978	21.9006	4.93996
rna20015	1182	1147	198.178	38.1151
rna20014	1379	1344	6.82234	1.1198
rna20016	650	615	132	47.3483
rna20021	3658	3623	0.00377973	0.000230143
rna20022	3636	3601	89.5578	5.48638
rna20023	3723	3688	0	0
rna20024	3753	3718	0	0
rna20025	3767	3732	53.5738	3.16677
rna20020	3748	3713	0	0
rna20017	3718	3683	411.271	24.6338
rna20018	3694	3659	0.168815	0.0101778
rna20019	3724	3689	1460.01	87.3077
rna20026	2314	2279	296.415	28.6921
rna20029	2617	2582	173.771	14.8466
rna20028	2623	2588	102.341	8.7235
rna20027	2371	2336	69.4353	6.55712
rna20030	2378	2343	25.1206	2.36517
rna20032	2317	2282	5.92206	0.572483
rna20033	2328	2293	0.0202328	0.00194651
rna20031	2167	2132	28.3903	2.93757
rna20034	757	722	236	72.1075
rna20035	72	37	0.277778	1.65616
rna20036	1040	1005	197	43.242
rna20037	2245	2210	9.82212	0.980434
rna20038	2126	2091	31.6647	3.34062
rna20039	2202	2167	28.5132	2.90263
rna20040	2181	2146	390	40.0904
rna20041	4382	4347	115.87	5.88012
rna20042	4379	4344	0.00449263	0.000228148
rna20043	947	912	2.12575	0.514189
rna20044	798	763	452	130.683
rna20045	4228	4193	3895.76	204.962
rna20047	1730	1695	0	0
rna20046	3987	3952	3523.24	196.667
rna20048	567	532	1	0.414662
rna20049	1782	1747	341.316	43.0992
rna20050	1879	1844	427.684	51.1644
rna20052	1914	1879	388.591	45.6217
rna20051	1819	1784	51.409	6.35696
rna20053	852	817	173.861	46.9445
rna20054	935	900	3290.14	806.45
rna20055	3745	3710	630.319	37.4794
rna20056	3664	3629	42.0722	2.55749
rna20057	3669	3634	0	0
rna20058	3763	3728	332.608	19.6817
rna20059	2541	2506	0	0
rna20060	2784	2749	282.238	22.6488
rna20061	2390	2355	189.762	17.7756
rna20062	1309	1274	1024.71	177.435
rna20063	4715	4680	2958.29	139.444
rna20065	759	724	0	0
rna20064	1186	1151	93.2144	17.8654
rna20069	10471	10436	254.475	5.3792
rna20068	12540	12505	0	0
rna20066	12526	12491	0	0
rna20067	12637	12602	28.0566	0.491135
rna20070	11656	11621	12.0221	0.228213
rna20071	11752	11717	0	0
rna20072	11716	11681	21.2316	0.400966
rna20073	1024	989	673	150.115
rna20074	4953	4918	343	15.3855
rna20075	5734	5699	156.909	6.07374
rna20076	5515	5480	152.715	6.14764
rna20077	5377	5342	60.1718	2.48482
rna20078	7235	7200	0	0
rna20079	7217	7182	0	0
rna20080	7097	7062	128.768	4.02241
rna20081	7079	7044	13.6383	0.427118
rna20082	7019	6984	0	0
rna20083	6881	6846	0	0
rna20086	1860	1825	0	0
rna20084	5320	5285	293.797	12.2633
rna20085	5182	5147	113.999	4.88601
rna20087	1435	1400	886.218	139.643
rna20088	4988	4953	160.686	7.15673
rna20089	4888	4853	103.009	4.68243
rna20090	4464	4429	140.283	6.98721
rna20091	4584	4549	0	0
rna20092	4624	4589	0	0
rna20093	3913	3878	0	0
rna20097	496	461	15	7.17787
rna20098	502	467	3.49662e-006	1.65172e-006
rna20094	4395	4360	188.279	9.52621
rna20095	4341	4306	213.438	10.9346
rna20096	4353	4318	3089.31	157.828
rna20099	1617	1582	3	0.418331
rna20100	1773	1738	166.644	21.1517
rna20101	1200	1165	78.0154	14.7727
rna20102	790	755	155.985	45.5764
rna20103	3741	3706	270.05	16.0747
rna20104	2444	2409	63.9503	5.85614
rna20105	601	566	33.9861	13.2462
rna20106	595	560	41.0139	16.1566
rna20107	813	778	930	263.699
rna20108	4036	4001	1059.18	58.399
rna20109	3929	3894	1635.82	92.6715
rna20110	2359	2324	25	2.37306
rna20111	100	65	0	0
rna20112	21	22	0	0
rna20113	1840	1805	3109.13	379.986
rna20114	1765	1730	826.868	105.438
rna20115	3857	3822	446.191	25.7535
rna20116	3639	3604	462.505	28.3098
rna20130	1709	1674	40.0509	5.27792
rna20131	1620	1585	76.9491	10.7098
rna20132	1602	1567	11	1.54856
rna20117	5407	5372	336.408	13.8145
rna20118	5350	5315	0.0183679	0.000762363
rna20119	5251	5216	0	0
rna20120	3793	3758	211.031	12.3878
rna20121	5042	5007	31.2576	1.37716
rna20122	4588	4553	156.749	7.59472
rna20123	3600	3565	392.088	24.2622
rna20124	1575	1540	0	0
rna20125	3846	3811	37.6481	2.17926
rna20126	3583	3548	0	0
rna20127	3712	3677	547.648	32.8559
rna20128	3719	3684	47.472	2.84265
rna20129	3709	3674	0	0
rna20133	486	451	6	2.93481
rna20134	4528	4493	122	5.99003
rna20135	405	370	0	0
rna20136	2760	2725	5	0.404771
rna20137	103	68	0	0
rna20138	21	22	0	0
rna20139	5430	5395	224.983	9.19949
rna20140	1059	1024	3.53519	0.761586
rna20142	604	569	65.617	25.4396
rna20141	597	562	644.299	252.905
rna20143	1399	1364	68.2846	11.0437
rna20144	704	669	373.17	123.051
rna20145	863	828	50.4871	13.451
rna20146	911	876	16.1423	4.06507
rna20147	2826	2791	291	23.0006
rna20148	806	771	39.3607	11.2619
rna20149	1050	1015	16.6393	3.61639
rna20150	11831	11796	152	2.84259
rna20152	1426	1391	77.4784	12.2874
rna20151	1431	1396	54.5216	8.61567
rna20153	2304	2269	43.9763	4.27553
rna20154	2340	2305	64.0237	6.12739
rna20156	1770	1735	1000.86	127.256
rna20155	2101	2066	235.143	25.1077
rna20157	1535	1500	0	0
rna20158	2109	2074	165.732	17.6281
rna20159	2116	2081	53.4463	5.66566
rna20160	2719	2684	105.821	8.69754
rna20161	1477	1442	244	37.3276
rna20162	1827	1792	0.14633	0.0180137
rna20163	1942	1907	0	0
rna20164	1819	1784	28.8537	3.56789
rna20167	2249	2214	237.1	23.6243
rna20165	2221	2186	192.855	19.462
rna20166	2255	2220	0.0452928	0.00450071
rna20168	953	918	118	28.356
rna20169	1202	1167	126	23.818
rna20170	686	651	111.631	37.8278
rna20171	2213	2178	399.369	40.4503
rna20172	1824	1789	477	58.8185
rna20173	1409	1374	0	0
rna20177	412	377	0	0
rna20175	1649	1614	0	0
rna20174	1467	1432	0	0
rna20176	1789	1754	0	0
rna20178	1973	1938	231.3	26.3285
rna20179	1671	1636	0	0
rna20180	1686	1651	63.7004	8.51139
rna20181	2275	2240	302.77	29.8174
rna20182	2404	2369	15.8376	1.47479
rna20183	2274	2239	0	0
rna20184	2995	2960	0	0
rna20185	2992	2957	89.3924	6.66891
rna20186	2391	2356	2239	209.645
rna20187	1048	1013	1	0.217769
gene8765	1171	1136	0	0
gene8766	533	498	618.58	274.014
rna20188	297	262	0	0
rna20189	770	735	187	56.1255
rna20190	513	478	2	0.923013
rna20191	2665	2630	55	4.61331
rna20192	1639	1604	85	11.6902
rna20195	3057	3022	72.1505	5.26685
rna20196	2973	2938	0.000202652	1.52161e-005
rna20193	3205	3170	409.778	28.5164
rna20194	3204	3169	455.071	31.6784
rna20197	929	894	617	152.249
rna20198	1065	1030	375	80.3156
rna20199	1819	1784	481	59.4779
rna20200	2843	2808	101.998	8.01309
rna20201	2728	2693	2.27479	0.186342
rna20202	2658	2623	51.8294	4.35896
rna20203	2758	2723	0	0
rna20204	2656	2621	25.9065	2.18045
rna20205	2689	2654	15.9915	1.32921
rna20206	2058	2023	244	26.6072
rna20208	4055	4020	51.6118	2.83223
rna20207	5087	5052	55.3882	2.41858
rna20209	362	327	0	0
rna20210	1523	1488	290	42.9933
rna20211	3058	3023	41.047	2.99536
rna20212	3134	3099	0	0
rna20213	4692	4657	82.2523	3.89626
rna20214	4523	4488	916.466	45.0474
rna20215	2724	2689	154.727	12.6935
rna20223	11783	11748	12.9579	0.24332
rna20224	11906	11871	0.00544456	0.000101177
rna20225	12020	11985	2927.61	53.8866
rna20222	11638	11603	771.127	14.6609
rna20221	12662	12627	174.235	3.04398
rna20217	12668	12633	280.926	4.9056
rna20218	12878	12843	169.575	2.91274
rna20219	12941	12906	709.35	12.1248
rna20220	13016	12981	1.28858e-005	2.18982e-007
rna20216	12943	12908	4.8852e-005	8.34889e-007
rna20226	8381	8346	0	0
rna20227	824	789	0	0
rna20228	3070	3035	1127	81.9164
rna20229	2633	2598	0	0
rna20230	418	383	329	189.497
rna20231	566	531	197	81.8422
rna20232	1078	1043	87	18.401
rna20234	2763	2728	31	2.50682
rna20233	2631	2596	0	0
rna20235	343	308	0	0
rna20239	1777	1742	164.873	20.8789
rna20236	1919	1884	86.068	10.0778
rna20237	1976	1941	0	0
rna20238	1931	1896	758.059	88.2003
rna20240	2377	2342	593.56	55.9092
rna20241	2607	2572	158.636	13.6061
rna20242	2482	2447	1.80431	0.162661
rna20244	4592	4557	2125.06	102.872
rna20243	4641	4606	95.7816	4.58737
rna20245	759	724	45	13.7113
rna20246	604	569	15	5.81547
rna20247	1324	1289	317.968	54.4172
rna20249	1442	1407	166.744	26.1434
rna20248	1490	1455	58.3929	8.85324
rna20251	1537	1502	0	0
rna20250	1422	1387	0	0
rna20253	1521	1486	38.4269	5.70456
rna20254	1499	1464	46.7172	7.03949
rna20255	1496	1461	32.1055	4.84769
rna20252	1533	1498	19.6451	2.893
rna20256	3299	3264	178	12.0303
rna20257	3196	3161	192.643	13.4442
rna20258	3521	3486	64.3562	4.07257
rna20259	3349	3314	0.000627377	4.1762e-005
rna20260	773	738	9	2.69024
rna20261	980	945	3	0.700318
rna20262	1615	1580	31	4.32823
rna20263	885	850	102	26.472
rna20264	655	620	46	16.3671
rna20266	2124	2089	491.507	51.9035
rna20267	2386	2351	108.097	10.143
rna20265	2122	2087	34.8382	3.68246
rna20268	1985	1950	146.557	16.5798
rna20269	1005	970	182.976	41.613
rna20270	996	961	4.9003	1.12488
rna20271	6812	6777	956.29	31.1285
rna20272	6815	6780	83.8701	2.72887
rna20273	6185	6150	1122.96	40.2806
rna20274	1582	1547	300	42.7796
rna20275	6738	6703	1.86198	0.0612789
rna20276	6589	6554	0.586795	0.0197509
rna20277	6711	6676	218.846	7.2315
rna20278	6562	6527	76.8798	2.59839
rna20279	6702	6667	1076.6	35.623
rna20280	6553	6518	392.224	13.2747
rna20281	1371	1336	326	53.8291
rna20282	2301	2266	51.5241	5.01599
rna20283	2360	2325	16.4126	1.55726
rna20284	2184	2149	0	0
rna20285	1976	1941	753.063	85.5877
rna20286	1575	1540	315.248	45.1583
rna20287	1716	1681	190.752	25.0326
rna20288	1863	1828	187.217	22.593
rna20289	1954	1919	382.783	44.0031
rna20290	4414	4379	946.453	47.6793
rna20291	4371	4336	114.39	5.81975
rna20292	4482	4447	199.157	9.87946
rna20295	1294	1259	8.1064	1.42039
rna20293	1774	1739	73.9293	9.37827
rna20294	1669	1634	71.4944	9.65218
rna20297	1485	1450	69.6225	10.5922
rna20296	1321	1286	7.93536	1.36123
rna20298	1597	1562	47.1635	6.66086
rna20299	1717	1682	183.749	24.0993
rna20300	1147	1112	0	0
rna20301	1170	1135	0	0
rna20302	1073	1038	248.351	52.7806
rna20303	1074	1039	79.6488	16.911
rna20304	1245	1210	287	52.3241
rna20305	1885	1850	0	0
rna20306	1764	1729	9.9013	1.26329
rna20307	1962	1927	68.1263	7.79899
rna20308	1856	1821	0	0
rna20309	1931	1896	144	16.7544
rna20310	1704	1669	280	37.009
rna20312	3465	3430	207.032	13.3152
rna20311	3361	3326	25.537	1.69376
rna20313	2261	2226	447	44.2984
rna20314	4295	4260	7	0.362488
rna20315	3119	3084	789.665	56.4851
rna20316	1015	980	259	58.3014
rna20317	2518	2483	321	28.519
rna20318	813	778	1	0.283548
rna20319	2895	2860	122	9.41021
rna20320	1714	1679	33.2383	4.3671
rna20321	1874	1839	757.762	90.8985
rna20322	5694	5659	1820	70.9475
rna20323	5607	5572	0	0
rna20324	1193	1158	312.543	59.5398
rna20325	1184	1149	126.765	24.3381
rna20326	1567	1532	20.8257	2.99879
rna20327	1734	1699	0	0
rna20328	1839	1804	101.866	12.4565
rna20329	542	507	15	6.52663
rna20330	3276	3241	879	59.8295
rna20331	4361	4326	247	12.5955
rna20333	2306	2271	448.353	43.5521
rna20332	2439	2404	778.647	71.4515
rna20338	776	741	98.1195	29.2107
rna20337	805	770	0	0
rna20335	719	684	192.881	62.2068
rna20336	755	720	0	0
rna20334	877	842	0	0
rna20339	1255	1220	206	37.2489
rna20340	830	795	68.3709	18.9718
rna20341	798	763	264.629	76.5101
rna20342	1343	1308	234	39.4651
rna20343	693	658	266	89.1787
rna20344	881	846	106	27.6402
rna20345	794	759	738	214.497
rna20346	1360	1325	6	0.998944
rna20347	1273	1238	182	32.4307
rna20348	1430	1395	162.887	25.7584
rna20349	1326	1291	1.57539	0.269196
rna20350	1331	1296	0.0163974	0.0027911
rna20351	1449	1414	34.5209	5.38566
rna20352	1807	1772	973	121.131
rna20353	3467	3432	296	19.0261
rna20354	2721	2686	420.312	34.5201
rna20355	2679	2644	78.262	6.52973
rna20356	2696	2661	4.42602	0.366922
rna20357	793	758	192	55.8776
rna20361	5734	5699	535.001	20.7091
rna20362	5737	5702	807.165	31.2278
rna20363	5989	5954	8.40876	0.311551
rna20364	5992	5957	12.5466	0.464628
rna20365	6348	6313	0	0
rna20359	6053	6018	0	0
rna20360	6050	6015	134.925	4.94836
rna20358	6051	6016	96.2475	3.52929
rna20368	3021	2986	112.707	8.32655
rna20366	3695	3660	0	0
rna20367	3950	3915	0	0
rna20369	1559	1524	299	43.2805
rna20374	5124	5089	145.701	6.31589
rna20373	5215	5180	260.084	11.0762
rna20372	5259	5224	151.055	6.37879
rna20371	5067	5032	391.403	17.1589
rna20370	5270	5235	72.7569	3.06593
rna20375	2538	2503	62.7561	5.53096
rna20376	2317	2282	623.244	60.2487
rna20377	7023	6988	0.0011588	3.65816e-005
rna20378	6927	6892	4.21349e-005	1.34866e-006
rna20379	7017	6982	0.000347915	1.09926e-005
rna20380	6996	6961	312.952	9.91773
rna20381	7001	6966	1202.48	38.0801
rna20382	6905	6870	55.7513	1.79021
rna20383	6256	6221	632.594	22.4321
rna20384	2100	2065	0	0
rna20385	1902	1867	1.57061	0.18558
rna20386	2057	2022	180.429	19.6848
rna20387	1977	1942	187.419	21.2898
rna20388	1054	1019	106.581	23.0733
rna20389	1630	1595	0	0
rna20390	1790	1755	23.1279	2.90713
rna20391	1656	1621	173.096	23.5565
rna20392	2497	2462	373.211	33.4404
rna20393	1584	1549	372.619	53.0664
rna20394	1447	1412	16.9459	2.64749
rna20402	11345	11310	356.111	6.9459
rna20401	12280	12245	243.385	4.3847
rna20400	11610	11575	0.0010615	2.02304e-005
rna20398	13021	12986	0.00896299	0.000152259
rna20399	13069	13034	0.00632302	0.000107017
rna20397	11972	11937	36.9597	0.683028
rna20395	11447	11412	216.855	4.19192
rna20396	11495	11460	140.342	2.70152
rna20403	11627	11592	333.331	6.34342
rna20404	2938	2903	268.102	20.3732
rna20405	979	944	145	33.8845
rna20406	2075	2040	563.396	60.9241
rna20407	1758	1723	939.604	120.3
rna20408	926	891	19	4.70415
rna20409	1840	1805	110.11	13.4572
rna20410	2372	2337	326.89	30.8567
rna20411	875	840	0	0
rna20412	905	870	45	11.4103
rna20413	369	334	0	0
rna20414	363	328	12.5562	8.44482
rna20415	382	347	0	0
rna20418	912	877	28.3156	7.1225
rna20417	912	877	28.3156	7.1225
rna20416	944	909	56.8125	13.7875
rna20420	2134	2099	204	21.4399
rna20419	2149	2114	2.546e-007	2.6568e-008
rna20421	2782	2747	22.3333	1.7935
rna20423	3100	3065	8.61131	0.61979
rna20422	3621	3586	327.142	20.1248
rna20424	2659	2624	426.913	35.8906
rna20425	2537	2502	8.33997	0.735331
rna20426	2055	2020	38.66	4.22198
rna20427	8270	8235	1400.89	37.5271
rna20428	8110	8075	0	0
rna20429	2322	2287	1034	99.7379
rna20430	5899	5864	0	0
rna20431	5905	5870	4.34417	0.163258
rna20432	5899	5864	14.5357	0.546824
rna20433	5904	5869	0	0
rna20434	5598	5563	0.120117	0.00476323
rna20435	6094	6059	0	0
rna20436	5755	5720	0	0
rna20437	5755	5720	0	0
rna20438	826	791	1	0.278888
rna20439	23616	23581	1	0.00935499
rna20440	1446	1411	0	0
rna20441	2014	1979	77.3876	8.62643
rna20442	1992	1957	9.36133	1.05524
rna20443	1988	1953	104.895	11.8483
rna20444	3029	2994	22.3564	1.64724
rna20447	1787	1752	0	0
rna20446	1775	1740	0	0
rna20445	1698	1663	14	1.85713
rna20448	1115	1080	0	0
rna20449	958	923	2.36031	0.564122
rna20450	964	929	0.00112104	0.000266201
rna20451	1060	1025	0	0
rna20452	1066	1031	0	0
rna20453	1241	1206	0	0
rna20456	1181	1146	0	0
rna20455	1140	1105	20.6386	4.12024
rna20454	1201	1166	0	0
rna20458	1018	983	6.5	1.4587
rna20457	1018	983	6.5	1.4587
rna20459	1063	1028	63	13.5193
rna20460	1365	1330	986	163.543
rna20461	1547	1512	346.416	50.5419
rna20462	867	832	111.226	29.491
rna20463	865	830	55.0205	14.6235
rna20464	1235	1200	122.338	22.4897
rna20465	788	753	74	21.6792
rna20468	1696	1661	2644.96	351.282
rna20467	1777	1742	129.037	16.3407
rna20466	1735	1700	0	0
rna20469	521	486	101.813	46.2138
rna20470	609	574	6.18711	2.37784
rna20471	2717	2682	783	64.4034
rna20472	2866	2831	0	0
rna20473	2998	2963	26.2212	1.95221
rna20475	1897	1862	51.6765	6.12237
rna20476	1966	1931	82.9913	9.48104
rna20474	2891	2856	0	0
rna20477	2772	2737	359.111	28.9441
rna20479	1060	1025	3	0.645659
rna20478	1062	1027	0	0
rna20480	2592	2557	15	1.2941
rna20481	2746	2711	0	0
rna20482	6191	6156	141.236	5.06118
rna20489	5173	5138	0	0
rna20485	5606	5571	228.092	9.03196
rna20486	5624	5589	1.48771e-008	5.87204e-010
rna20487	5348	5313	151.672	6.29756
rna20488	5993	5958	0	0
rna20483	6177	6142	0	0
rna20484	6195	6160	0	0
rna20490	6121	6086	0	0
rna20491	5351	5316	0	0
rna20492	2284	2249	4	0.392352
rna20493	3300	3265	2556.72	172.745
rna20494	3209	3174	92.2759	6.41338
rna20496	1296	1261	124.383	21.7597
rna20495	1379	1344	199.072	32.6751
rna20497	1375	1340	27.5447	4.5346
rna20499	14042	14007	1781.13	28.0514
rna20498	14799	14764	176.374	2.63534
rna20500	4412	4377	5.53173	0.278798
rna20501	968	933	1	0.236442
rna20502	3054	3019	205.67	15.0284
rna20503	3050	3015	3464.08	253.458
rna20504	2506	2471	1276.06	113.921
rna20505	2483	2448	1638.28	147.632
rna20506	5871	5836	0	0
rna20507	5856	5821	0	0
rna20508	5826	5791	126.25	4.80932
rna20509	5859	5824	0	0
rna20510	5841	5806	0	0
rna20511	5829	5794	0	0
rna20512	5769	5734	2.48081e-005	9.54424e-007
rna20513	5784	5749	0	0
rna20514	4973	4938	0	0
rna20515	6873	6838	78.5985	2.53566
rna20516	6786	6751	549.601	17.9591
rna20517	4235	4200	561.152	29.4738
rna20518	4891	4856	0	0
rna20519	4804	4769	19.3985	0.89732
rna20520	2170	2135	37.3761	3.8619
rna20521	2173	2138	184.417	19.0283
rna20522	2197	2162	57.0315	5.81922
rna20523	2200	2165	273.175	27.8349
rna20525	3429	3394	292	18.9791
rna20524	3409	3374	0	0
rna20526	631	596	21	7.77282
rna20527	679	644	0	0
rna20528	651	616	229.623	82.2319
rna20529	834	799	183.377	50.6295
rna20530	3658	3623	580.875	35.3688
rna20531	3684	3649	0.124868	0.00754891
rna20532	1157	1122	516	101.452
rna20533	2478	2443	880.355	79.495
rna20534	7128	7093	364.571	11.3386
rna20536	4302	4267	3.20392	0.16564
rna20535	4703	4668	0	0
rna20538	4261	4226	0	0
rna20537	4796	4761	27.0559	1.25363
rna20539	4312	4277	0	0
rna20540	946	911	23.1692	5.61047
rna20541	6233	6198	7.00063	0.249168
rna20543	6407	6372	0.00461274	0.000159694
rna20542	6342	6307	837.291	29.2859
rna20544	3464	3429	29.7802	1.91587
rna20545	574	539	0	0
rna20546	411	376	0	0
rna20547	490	455	99	47.9987
rna20548	1104	1069	506	104.419
rna20549	4275	4240	102	5.30689
rna20550	1190	1155	7.22503	1.37995
rna20551	1196	1161	59.0366	11.2175
rna20552	3527	3492	722.738	45.6575
rna20554	4410	4375	595.274	30.0154
rna20555	4428	4393	0.00704685	0.000353867
rna20553	4464	4429	174.719	8.70242
rna20556	1454	1419	392	60.941
rna20557	2139	2104	343	35.9628
rna20558	4136	4101	55.621	2.99195
rna20559	4241	4206	635.379	33.3249
rna20560	3710	3675	817	49.0422
rna20562	3842	3807	251	14.5444
rna20561	3375	3340	0	0
rna20563	1858	1823	65	7.86561
rna20564	5252	5217	67.9051	2.87136
rna20565	5237	5202	673.095	28.5438
rna20566	5740	5705	291.518	11.2724
rna20567	1216	1181	172.422	32.2069
rna20568	1224	1189	0.0594226	0.0110249
rna20571	4133	4098	0	0
rna20570	4140	4105	0.000135096	7.25997e-006
rna20569	4088	4053	467	25.4183
rna20572	1297	1262	2.11777e-005	3.70191e-006
rna20574	1312	1277	69.9723	12.0876
rna20573	1239	1204	14.0276	2.57018
rna20575	3616	3581	171.13	10.5421
rna20576	1823	1788	473	58.3578
rna20577	4861	4826	495.52	22.6506
rna20578	5025	4990	0	0
rna20583	1893	1858	7	0.831109
rna20579	4717	4682	0.0523877	0.00246833
rna20580	5109	5074	0.00312904	0.00013604
rna20581	4823	4788	35.6278	1.6415
rna20582	4930	4895	202.796	9.1393
rna20585	2664	2629	74.2383	6.22936
rna20584	3102	3067	0	0
rna20586	2136	2101	0.981731	0.103079
rna20587	2490	2455	155.07	13.9342
rna20588	2472	2437	166.71	15.0908
rna20589	1562	1527	12	1.7336
rna20593	467	432	914.992	467.239
rna20592	601	566	3.75439	1.46328
rna20591	602	567	0.466822	0.181624
rna20590	622	587	3.7871	1.42323
rna20594	4416	4381	662	33.3342
rna20595	6138	6103	5341	193.057
rna20596	864	829	79	21.0222
rna20597	3037	3002	99	7.27495
rna20598	1440	1405	0.0790634	0.0124138
rna20599	1464	1429	0	0
rna20600	1517	1482	0	0
rna20601	1429	1394	849.921	134.5
rna20602	2805	2770	243	19.3523
rna20603	1205	1170	6.79874	1.28188
rna20604	1084	1049	28.2013	5.9306
rna20605	904	869	1.64803e-006	4.1836e-007
rna20608	2601	2566	22.9908	1.97653
rna20607	3533	3498	95.5602	6.02647
rna20606	2007	1972	0	0
rna20609	1877	1842	8.44897	1.01186
rna20610	2515	2480	10	0.889516
rna20611	73	38	0	0
rna20612	2535	2500	23.1514	2.04288
rna20613	2808	2773	0	0
rna20614	1820	1785	10	1.23585
rna20618	7607	7572	3671.81	106.973
rna20617	8125	8090	30.2122	0.823834
rna20616	7335	7300	7674.25	231.91
rna20615	9093	9058	10.2274	0.24908
rna20619	2703	2668	0	0
rna20620	304	269	0	0
rna20621	4523	4488	25.6761	1.26207
rna20622	4606	4571	35.4626	1.71145
rna20623	4636	4601	287.77	13.7974
rna20624	4485	4450	260.248	12.9013
rna20625	4710	4675	25.8435	1.21948
rna20626	1418	1383	60.0157	9.573
rna20627	1493	1458	156.984	23.7522
rna20635	1796	1761	303.086	37.9676
rna20634	1963	1928	44.8805	5.13519
rna20631	2140	2105	0	0
rna20632	2258	2223	27.8748	2.76617
rna20633	2327	2292	17.3539	1.67028
rna20630	2434	2399	31.3456	2.88238
rna20629	2508	2473	1.81817	0.162187
rna20628	2440	2405	1.64055	0.15048
rna20636	1752	1717	785.687	100.945
rna20637	1774	1739	653.313	82.8758
rna20638	4579	4544	18.3226	0.889516
rna20639	4331	4296	1040.68	53.4389
rna20640	1760	1725	812	103.842
rna20641	2683	2648	12.7654	1.06347
rna20642	2318	2283	0	0
rna20643	2192	2157	12.3047	1.25842
rna20644	2097	2062	3.94081	0.421602
rna20645	2188	2153	13.9805	1.43247
rna20646	2034	1999	726.019	80.12
rna20647	6575	6540	3771.16	127.204
rna20648	653	618	82	29.2706
rna20649	78	43	2	10.2605
rna20650	22	23	0	0
rna20651	2215	2180	482.701	48.8458
rna20652	1574	1539	168.205	24.1105
rna20653	2212	2177	637.53	64.6023
rna20654	1571	1536	251.152	36.0704
rna20655	2119	2084	46.3904	4.91062
rna20656	1478	1443	4.69048	0.717062
rna20657	1475	1440	7.33038	1.12297
rna20658	1302	1267	0	0
rna20659	2587	2552	345	29.8225
rna20661	1165	1130	161	31.4306
rna20660	1302	1267	0	0
rna20662	2648	2613	190	16.0406
rna20663	1408	1373	29	4.65943
rna20667	4739	4704	305.535	14.3285
rna20665	4731	4696	2.39232e-007	1.12382e-008
rna20666	4761	4726	169.014	7.88925
rna20664	4702	4667	0.450504	0.0212944
rna20668	6991	6956	60.6617	1.9238
rna20669	7388	7353	2612.34	78.3737
rna20670	619	584	145	54.7723
rna20671	826	791	510.991	142.509
rna20672	402	367	148.837	89.4646
rna20673	5654	5619	190	7.45934
rna20674	4122	4087	45.9483	2.48011
rna20675	4158	4123	287.281	15.3709
rna20677	3890	3855	0	0
rna20676	3739	3704	38.3579	2.28449
rna20678	4046	4011	72.4131	3.98263
rna20679	1140	1105	324.484	64.7794
rna20680	1014	979	173.943	39.195
rna20681	1852	1817	786	95.4274
rna20682	1066	1031	183	39.156
rna20684	1224	1189	0	0
rna20683	1199	1164	1062.23	201.312
rna20685	645	610	14.7749	5.34319
rna20687	3275	3240	885.192	60.2696
rna20686	3370	3335	188.808	12.4891
rna20688	2065	2030	649.412	70.5715
rna20689	2023	1988	5242.96	581.789
rna20690	2152	2117	20.2244	2.10746
rna20691	2137	2102	0	0
rna20692	2712	2677	835.661	68.8632
rna20693	2566	2531	977.747	85.2197
rna20694	1124	1089	8.12687	1.64627
rna20695	1068	1033	13.2436	2.82821
rna20696	990	955	50.6295	11.6952
rna20697	1311	1276	241.694	41.785
rna20699	1304	1269	357.678	62.1779
rna20698	1281	1246	0	0
rna20701	1103	1068	136.919	28.2812
rna20700	1345	1310	36.7093	6.18174
rna20703	8295	8260	0	0
rna20702	9020	8985	41	1.00663
rna20704	4255	4220	55.9099	2.92268
rna20705	4173	4138	229.675	12.2442
rna20706	4237	4202	688.479	36.1443
rna20708	4364	4329	5.78909	0.295004
rna20707	2934	2899	44.2109	3.36424
rna20709	2990	2955	2623	195.815
rna20710	2847	2812	459	36.0083
rna20711	5467	5432	668	27.1283
rna20716	1008	973	0	0
rna20715	969	934	76.0833	17.97
rna20714	1089	1054	43.9167	9.19167
rna20713	1083	1048	0	0
rna20712	1039	1004	0	0
rna20717	1900	1865	128	15.1404
rna20718	2875	2840	414.985	32.2344
rna20719	2899	2864	379.03	29.1948
rna20720	2748	2713	29.9858	2.43821
rna20721	1331	1296	837	142.471
rna20722	5567	5532	7.44079	0.296717
rna20734	5832	5797	0	0
rna20723	6509	6474	2113.38	72.0128
rna20724	6584	6549	0	0
rna20725	6590	6555	7.64188e-008	2.57178e-009
rna20726	6455	6420	345.171	11.8606
rna20727	6452	6417	156.774	5.3895
rna20728	6572	6537	0	0
rna20729	6554	6519	0	0
rna20730	6590	6555	0	0
rna20731	6443	6408	0	0
rna20732	6551	6516	0	0
rna20733	6329	6294	1171.18	41.0491
rna20735	6107	6072	402.368	14.6183
rna20736	5927	5892	201.761	7.55404
rna20737	5810	5775	7120.93	272.013
rna20738	3508	3473	467	29.6632
rna20739	873	838	230	60.5466
rna20746	1606	1571	2.0014e-007	2.81037e-008
rna20747	1647	1612	0	0
rna20744	1642	1607	0	0
rna20745	1838	1803	15.8855	1.94361
rna20742	1584	1549	230.629	32.845
rna20743	1618	1583	0	0
rna20741	1566	1531	0	0
rna20740	1611	1576	44.4853	6.22681
rna20748	2110	2075	303	32.2129
rna20750	900	865	0	0
rna20749	1226	1191	39	7.22368
rna20751	1577	1542	10	1.43061
rna20752	513	478	2.502	1.15469
rna20755	2017	1982	0	0
rna20753	1973	1938	5	0.569144
rna20754	2057	2022	0	0
rna20756	1479	1444	7.498	1.14547
rna20757	1556	1521	0	0
rna20758	1293	1258	2	0.350716
rna20759	1558	1523	191.973	27.8065
rna20760	1554	1519	74.1372	10.7667
rna20761	1351	1316	282.889	47.4205
rna20762	3592	3557	102.606	6.36346
rna20763	3488	3453	236.394	15.1024
rna20764	3259	3224	168	11.4953
rna20765	3488	3453	0	0
rna20766	3531	3496	40.4162	2.55029
rna20767	3358	3323	129.584	8.60253
rna20768	3874	3839	111.49	6.40653
rna20771	5126	5091	115.515	5.00544
rna20770	5902	5867	60.4845	2.27423
rna20769	5851	5816	0	0
rna20772	4505	4470	90.0608	4.44461
rna20773	1132	1097	1	0.201094
rna20774	9779	9744	281.573	6.37468
rna20775	9429	9394	212.422	4.98831
rna20776	4803	4768	4	0.185067
rna20777	3915	3880	362	20.5818
rna20778	3210	3175	1097	76.2199
rna20779	10967	10932	2364.87	47.7215
rna20782	3287	3252	194.568	13.1986
rna20781	2663	2628	0	0
rna20780	3292	3257	4.2914	0.290661
rna20783	598	563	10	3.9183
rna20784	6144	6109	1	0.0361107
rna20785	645	610	2.17464	0.786437
rna20786	640	605	0	0
rna20788	4961	4926	89.4775	4.00705
rna20787	4638	4603	369.781	17.7219
gene9021	538	503	0	0
rna20789	526	491	22	9.88432
rna20790	2645	2610	0	0
rna20791	2632	2597	37	3.14294
rna20792	10400	10365	92.4614	1.96787
rna20794	6186	6151	0	0
rna20795	6221	6186	76.5228	2.72889
rna20796	6286	6251	0	0
rna20793	6177	6142	0.0158181	0.000568132
rna20797	1533	1498	571	84.0872
rna20798	808	773	258	73.6285
rna20799	6896	6861	147.711	4.74931
rna20800	6268	6233	279.698	9.89916
rna20801	6065	6030	417.157	15.2612
rna20802	3162	3127	1118.43	78.902
rna20803	11307	11272	47.8974	0.937382
rna20804	11316	11281	29.5971	0.578771
rna20805	11319	11284	2795.38	54.6491
rna20806	10905	10870	3606.16	73.1848
rna20807	11130	11095	4259.39	84.6887
rna20808	11334	11299	223.803	4.36949
rna20809	11142	11107	0.176401	0.00350355
rna20810	11367	11332	0.253209	0.00492922
rna20811	87	52	2	8.48462
rna20812	25	26	0	0
rna20816	4339	4304	394.321	20.2108
rna20817	4343	4308	1005.77	51.5024
rna20814	4442	4407	335.039	16.771
rna20815	4659	4624	163.873	7.818
rna20813	4656	4621	6.3959e-005	3.05331e-006
rna20822	6165	6130	3088.74	111.154
rna20821	7085	7050	663.895	20.7738
rna20820	6266	6231	328.825	11.6416
rna20819	6273	6238	0	0
rna20818	6371	6336	26.2118	0.912616
rna20825	6450	6415	86.9574	2.9903
rna20826	6455	6420	34.6493	1.1906
rna20824	6309	6274	1178.16	41.4253
rna20823	6244	6209	0.124768	0.00443291
rna20827	1379	1344	11.2141	1.84065
rna20828	1035	1000	64.3228	14.1896
rna20829	2649	2614	732	61.7748
rna20830	77	42	4	21.0095
rna20831	23	24	0	0
rna20833	10539	10504	2.97354e-006	6.2449e-008
rna20834	10611	10576	97.2523	2.02854
rna20832	11661	11626	129.748	2.46193
rna20835	381	346	1	0.637572
rna20836	1045	1010	2	0.436832
rna20837	1055	1020	661	142.957
rna20838	3043	3008	0.105466	0.00773466
rna20839	3026	2991	85.1235	6.27825
rna20840	3093	3058	29.6319	2.13761
rna20841	3105	3070	0.290405	0.0208675
rna20842	1013	978	762.849	172.07
rna20843	1865	1830	85	10.2465
rna20844	320	285	640	495.383
rna20845	720	685	86	27.6958
rna20846	2285	2250	0	0
rna20847	2277	2242	114	11.217
rna20849	1674	1639	188.459	25.3654
rna20848	1751	1716	0	0
rna20850	1485	1450	0.541451	0.0823752
rna20851	1729	1694	236.108	30.747
rna20852	1664	1629	482.892	65.3935
rna20853	5526	5491	1207	48.491
rna20854	1678	1643	483.244	64.8835
rna20855	1699	1664	20.7246	2.7475
rna20856	1750	1715	61.0947	7.8586
rna20857	1776	1741	326.959	41.4286
rna20858	2021	1986	15.9776	1.77476
rna20859	1535	1500	0	0
rna20860	2937	2902	576	43.7855
rna20861	2607	2572	1060	90.916
rna20862	1379	1344	439	72.0561
rna20863	2518	2483	695	61.7467
rna20864	1565	1530	282	40.6596
rna20865	4234	4199	0	0
rna20866	4156	4121	39.4984	2.11438
rna20867	3922	3887	0	0
rna20868	3843	3808	63.3144	3.66784
rna20869	9833	9798	14.5322	0.327191
rna20870	9104	9069	0	0
rna20871	8757	8722	0	0
rna20872	7659	7624	1.72652e-008	4.99569e-010
rna20873	7193	7158	19.3473	0.596257
rna20874	6027	5992	0	0
rna20875	7529	7494	11.4366	0.336658
rna20876	5412	5377	0	0
rna20877	5477	5442	0	0
rna20878	3884	3849	0	0
rna20879	4943	4908	12.5172	0.56261
rna20880	4354	4319	7.35396	0.375616
rna20881	1114	1079	165	33.734
rna20882	2629	2594	405	34.4422
rna20883	3474	3439	236.144	15.1478
rna20884	2685	2650	0	0
rna20885	2739	2704	25.955	2.11749
rna20886	2742	2707	553.33	45.0922
rna20887	2761	2726	0	0
rna20888	2151	2116	0.0689594	0.00718925
rna20889	2170	2135	0	0
rna20890	2058	2023	7.50225	0.81809
rna20891	5618	5583	172	6.7962
rna20892	3341	3306	540.687	36.0785
rna20893	3575	3540	1411.49	87.959
rna20894	3412	3377	312.822	20.4349
rna20895	4101	4066	548.454	29.7563
rna20896	4702	4667	0	0
rna20897	4630	4595	195.331	9.37758
rna20898	4621	4586	0	0
rna20899	4622	4587	104.216	5.01198
rna20901	1387	1352	178.847	29.1818
rna20900	1353	1318	348.153	58.272
rna20904	3360	3325	1990.57	132.066
rna20903	3501	3466	87.9117	5.5953
rna20902	3459	3424	325.521	20.9725
rna20905	461	426	3	1.55352
rna20906	1456	1421	0.000193251	3.00008e-005
rna20907	1443	1408	9.99981	1.56673
rna20908	5431	5396	1951	79.7611
rna20909	3268	3233	160.85	10.9754
rna20911	1197	1162	2.10918	0.400418
rna20910	1851	1816	2.81309	0.341722
rna20912	3222	3187	253.66	17.558
rna20920	2085	2050	0.00216189	0.000232641
rna20919	2110	2075	0	0
rna20918	2068	2033	40.3552	4.37893
rna20917	2640	2605	0	0
rna20916	3687	3652	117.963	7.12561
rna20915	3475	3440	169.972	10.9
rna20914	3298	3263	0	0
rna20913	3584	3549	54.2744	3.37361
rna20921	8825	8790	1945.02	48.8137
rna20922	8719	8684	605.862	15.3907
rna20923	5983	5948	2764.05	102.513
rna20924	7548	7513	5.15089	0.151243
rna20925	7014	6979	380.044	12.0128
rna20926	5753	5718	0.819569	0.0316189
rna20927	5219	5184	225.382	9.59091
rna20928	5582	5547	234.767	9.3365
rna20931	3551	3516	0	0
rna20930	3560	3525	0	0
rna20929	2986	2951	99	7.40068
rna20932	1322	1287	2	0.342813
rna20933	758	723	3.14462	0.959478
rna20940	6122	6087	582.223	21.1005
rna20939	5961	5926	1540.07	57.3302
rna20937	6320	6285	7.08071e-007	2.48529e-008
rna20938	6568	6533	0	0
rna20936	6212	6177	549.88	19.6379
rna20934	6980	6945	277.943	8.82855
rna20935	6989	6954	97.8887	3.1053
rna20941	4094	4059	17.3284	0.941773
rna20942	2949	2914	778.672	58.9482
rna20943	3785	3750	130.477	7.67553
rna20944	3849	3814	0	0
rna20945	3703	3668	68.1669	4.09968
rna20950	2706	2671	0	0
rna20949	3011	2976	33	2.44617
rna20946	3071	3036	166.107	12.0695
rna20947	2985	2950	282.047	21.0914
rna20948	2902	2867	499.202	38.4109
rna20951	150	115	0	0
rna20952	1601	1566	642.204	90.4663
rna20953	684	649	917.061	311.716
rna20954	1685	1650	305.735	40.8758
rna20955	1323	1288	429	73.4763
rna20956	1259	1224	97	17.4822
rna20957	2580	2545	28.9061	2.50558
rna20958	2519	2484	0	0
rna20959	2274	2239	0	0
rna20962	2566	2531	35.7005	3.11163
rna20961	2393	2358	177.523	16.608
rna20960	2234	2199	0	0
rna20963	1565	1530	0	0
rna20964	1475	1440	18.3228	2.80696
rna20965	1586	1551	13.973	1.98739
rna20966	4585	4550	11.7042	0.56746
rna20967	6459	6424	3593.23	123.392
rna20968	5324	5289	544.27	22.7011
rna20969	6646	6611	154.497	5.15536
rna20971	1337	1302	398	67.4338
rna20970	1392	1357	0	0
rna20973	1954	1919	0	0
rna20972	2608	2573	72.2593	6.19526
rna20974	73	38	0	0
rna20975	73	38	0	0
rna20976	2672	2637	262.081	21.9246
rna20977	2654	2619	130.384	10.9823
rna20979	1034	999	3.76577	0.83156
rna20978	1450	1415	30.613	4.7726
rna20980	2291	2256	273	26.695
rna20981	1618	1583	3085	429.912
rna20984	4468	4433	970.591	48.2997
rna20983	5141	5106	445.023	19.2268
rna20982	4758	4723	173.386	8.09846
rna20985	1974	1939	59	6.71243
rna20986	902	867	0	0
rna20987	931	896	0	0
rna20988	914	879	83.835	21.0398
rna20989	597	562	2.39901	0.941677
rna20990	2602	2567	217.766	18.7141
rna20991	3943	3908	282.006	15.9188
rna20992	2805	2770	1158.99	92.3011
rna20993	3197	3162	1.82073e-006	1.27025e-007
rna20994	3167	3132	404.642	28.5006
rna20996	2624	2589	0	0
rna20995	2917	2882	153.422	11.7436
rna20997	3040	3005	398.936	29.2863
rna20998	1527	1492	414	61.2121
rna20999	2227	2192	2	0.201277
rna21000	3143	3108	813	57.7052
rna21001	877	842	4	1.04798
rna21002	4505	4470	45	2.22081
rna21003	4427	4392	409.993	20.593
rna21004	4481	4446	112.772	5.59547
rna21005	2072	2037	6.40566	0.693711
rna21006	1754	1719	31.5943	4.05452
rna21007	1146	1111	91.3239	18.1333
rna21008	1473	1438	64.5178	9.89752
rna21009	1629	1594	336.158	46.5223
rna21010	2119	2084	480.923	50.9077
rna21011	1963	1928	382.077	43.7169
rna21023	6311	6276	116.731	4.10306
rna21021	7450	7415	0	0
rna21022	7465	7430	18.4544	0.54792
rna21016	7498	7463	0	0
rna21017	7550	7515	0	0
rna21018	7468	7433	0	0
rna21019	7554	7519	0	0
rna21020	7598	7563	42.3608	1.23559
rna21014	7567	7532	0	0
rna21015	7550	7515	0	0
rna21013	7726	7691	9.45405	0.271169
rna21012	7474	7439	0	0
rna21024	314	279	3	2.37204
rna21025	2515	2480	8	0.711613
rna21027	10139	10104	45.7043	0.997859
rna21026	8675	8640	500.706	12.7842
rna21028	2450	2415	9.69984	0.886039
rna21029	2714	2679	0	0
rna21030	1686	1651	10.3002	1.37627
rna21031	1050	1015	2	0.43468
rna21032	1861	1826	1	0.120811
rna21033	1675	1640	1	0.134512
rna21034	6058	6023	17.898	0.655538
rna21035	6062	6027	8.17127	0.299084
rna21036	1549	1514	1	0.145707
rna21037	5324	5289	0.0117364	0.000489516
rna21038	5288	5253	37.3747	1.56955
rna21039	6627	6592	681.555	22.8081
rna21040	5150	5115	0	0
rna21041	5362	5327	35.6101	1.47467
rna21042	5440	5405	23.7486	0.969277
rna21043	258	223	0	0
rna21044	1868	1833	0	0
rna21045	1811	1776	347.77	43.1972
rna21046	1844	1809	72.6431	8.85852
rna21047	1787	1752	11.2572	1.41743
rna21048	1757	1722	227.613	29.1588
rna21049	1883	1848	0	0
rna21050	1826	1791	393.564	48.4759
rna21051	1859	1824	0	0
rna21052	1828	1793	0	0
rna21053	1801	1766	18.2162	2.27548
rna21054	1771	1736	348.797	44.323
rna21055	1843	1808	0	0
rna21056	1858	1823	0	0
rna21057	1833	1798	0	0
rna21058	1776	1741	541.988	68.6747
rna21059	1814	1779	0	0
rna21060	1732	1697	205.359	26.6954
rna21061	1714	1679	0	0
rna21062	1702	1667	4285.27	567.085
rna21063	1786	1751	464.604	58.5332
rna21064	1799	1764	0	0
rna21065	1773	1738	654.917	83.127
rna21066	2515	2480	61	5.42605
rna21068	1813	1778	8	0.992576
rna21067	1632	1597	0	0
rna21069	1694	1659	0	0
rna21070	1199	1164	871	165.071
rna21071	1261	1226	0	0
rna21072	1445	1410	29.229	4.57299
rna21073	1368	1333	59.0526	9.7727
rna21074	4275	4240	181.424	9.43918
rna21075	3452	3417	323.24	20.8682
rna21076	3007	2972	48.0548	3.56693
rna21077	5741	5706	937.763	36.2549
rna21078	5723	5688	464.349	18.009
rna21079	5669	5634	175.885	6.88681
rna21080	5738	5703	0.00349206	0.000135078
rna21081	934	899	10	2.45384
rna21084	1400	1365	453	73.2101
rna21083	1464	1429	0	0
rna21082	1497	1462	0	0
rna21085	4665	4630	794.999	37.8783
rna21086	4686	4651	0.00139436	6.61353e-005
rna21087	898	863	0	0
rna21088	749	714	0	0
rna21089	734	699	0	0
rna21090	609	574	72	27.6711
rna21091	3263	3228	43.3591	2.96314
rna21092	3036	3001	54.6409	4.01659
rna21093	2581	2546	310.902	26.9383
rna21094	2507	2472	152.32	13.5929
rna21095	2468	2433	75.7786	6.87084
rna21097	659	624	30	10.6058
rna21096	588	553	0	0
rna21098	817	782	8822	2488.66
rna21099	2589	2554	31.262	2.70024
rna21100	3459	3424	100.738	6.49031
rna21101	1179	1144	5	0.964161
rna21102	1510	1475	0	0
rna21103	3304	3269	657	44.336
rna21104	3098	3063	64	4.60934
rna21105	1934	1899	229	26.6021
rna21106	1047	1012	4044	881.528
rna21107	1608	1573	860.836	120.725
rna21108	1637	1602	0.00518094	0.00071343
rna21109	1640	1605	2232.16	306.8
rna21111	1138	1103	17.6011	3.52021
rna21110	950	915	126.399	30.4739
rna21112	646	611	12	4.33257
rna21113	1458	1423	2075.12	321.695
rna21114	2268	2233	4.20022	0.414943
rna21115	2193	2158	0	0
rna21116	1632	1597	44.4315	6.1375
rna21117	1799	1764	7.24483	0.906015
rna21118	434	399	31	17.1394
rna21119	1924	1889	0.00877446	0.00102469
rna21120	1762	1727	142.655	18.2222
rna21121	1767	1732	255.336	32.5214
rna21122	2090	2055	21.5852	2.31712
rna21123	2191	2156	149.415	15.288
rna21124	98	63	0	0
rna21127	81	46	1	4.79565
rna21125	20	21	0	0
rna21126	22	23	0	0
rna21128	23	24	0	0
rna21129	79	44	2	10.0273
rna21130	20	21	0	0
rna21131	716	681	6	1.94361
rna21132	1954	1919	123	14.1396
rna21133	441	406	93	50.5315
rna21134	2017	1982	389.9	43.3966
rna21135	825	790	57.0922	15.9424
rna21136	967	932	10.0371	2.37573
rna21137	860	825	446.871	119.491
rna21138	1175	1140	218	42.1849
rna21139	1881	1846	468	55.9268
rna21140	708	673	2.62613	0.860809
rna21142	2681	2646	2.37387	0.197912
rna21141	3360	3325	0	0
rna21143	2200	2165	13	1.32462
rna21144	608	573	1	0.384991
rna21145	3084	3049	19.8406	1.4355
rna21147	2843	2808	312.304	24.535
rna21146	2936	2901	0	0
rna21148	1189	1154	137.856	26.3527
rna21149	1346	1311	110	18.5095
rna21150	1299	1264	231	40.3154
rna21151	2196	2161	110.715	11.3021
rna21152	2193	2158	427.285	43.6789
rna21153	1556	1521	11	1.5954
rna21154	1664	1629	0	0
rna21156	6611	6576	1670.14	56.0269
rna21155	6553	6518	514.698	17.4198
rna21158	9336	9301	36.6448	0.869137
rna21157	7719	7684	11.3702	0.326426
rna21160	72	37	0	0
rna21159	4271	4236	28.6415	1.49157
rna21161	2061	2026	1	0.108885
rna21162	5103	5068	5	0.21764
rna21163	1106	1071	2	0.411952
rna21164	817	782	3	0.846292
rna21165	1123	1088	17.8412	3.61744
rna21166	1008	973	61.4812	13.9391
rna21167	723	688	86.7067	27.8016
rna21168	1695	1660	337.971	44.9135
rna21169	3327	3292	2102.91	140.918
rna21170	870	835	0.00159707	0.000421932
rna21171	1095	1060	59.9984	12.4865
rna21172	3558	3523	0	0
rna21176	6997	6962	630.239	19.9699
rna21175	7021	6986	3.29838e-006	1.04154e-007
rna21174	7073	7038	567.614	17.7914
rna21173	7134	7099	0	0
rna21177	6693	6658	148.567	4.92249
rna21181	4691	4656	77.1806	3.6568
rna21180	4753	4718	0	0
rna21179	4771	4736	0	0
rna21178	4781	4746	0	0
rna21183	4547	4512	0	0
rna21184	4613	4578	0	0
rna21185	4639	4604	0	0
rna21186	4581	4546	56.4463	2.73912
rna21187	4587	4552	0	0
rna21182	4816	4781	182.158	8.40493
rna21188	3021	2986	35.4973	2.62247
rna21189	3896	3861	0	0
rna21190	3870	3835	153.347	8.82093
rna21191	2107	2072	3	0.319402
rna21192	2158	2123	288	29.926
rna21193	2734	2699	32.0424	2.61895
rna21194	2716	2681	80.9576	6.66142
rna21195	1430	1395	50	7.90681
rna21196	3270	3235	427	29.1178
rna21197	4086	4051	315.699	17.1916
rna21198	3972	3937	17.3012	0.969428
rna21199	1654	1619	245	33.383
rna21200	1413	1378	9	1.44078
rna21202	6456	6421	1543.13	53.0157
rna21201	7515	7480	247.891	7.31079
rna21203	4921	4886	54.7283	2.47095
rna21204	4506	4471	8.33664	0.411332
rna21205	3090	3055	5.11827e-008	3.69588e-009
rna21206	3039	3004	8.09545	0.594493
rna21207	1821	1786	0	0
rna21208	1770	1735	24.1766	3.07398
rna21209	2069	2034	0	0
rna21210	2829	2794	529.728	41.8246
rna21211	1028	993	388	86.1962
rna21212	2653	2618	1695	142.825
rna21215	1682	1647	0	0
rna21216	1706	1671	75.9546	10.0273
rna21213	1628	1593	29.25	4.05057
rna21214	1772	1737	65.7955	8.35606
rna21217	4904	4869	0.00010019	4.53932e-006
rna21218	4746	4711	160.46	7.51379
rna21219	4647	4612	467.943	22.3825
rna21220	4650	4615	0	0
rna21221	4693	4658	73.2735	3.47019
rna21222	5222	5187	125.018	5.31696
rna21223	5225	5190	817.468	34.7463
rna21225	1749	1714	87.0051	11.198
rna21224	1552	1517	101.995	14.832
rna21233	9535	9500	29.4211	0.683188
rna21234	10137	10102	216.666	4.73138
rna21226	9607	9572	0.281344	0.00648397
rna21227	9520	9485	985.652	22.9241
rna21228	9661	9626	142.75	3.27141
rna21229	9619	9584	1.12937	0.0259953
rna21230	9397	9362	1166.75	27.4926
rna21231	9724	9689	0.00110829	2.52337e-005
rna21232	9760	9725	0.000404476	9.17507e-006
rna21235	2831	2796	339.545	26.7896
rna21236	1657	1622	0	0
rna21237	1787	1752	0	0
rna21238	1675	1640	9	1.21061
rna21239	1511	1476	474.466	70.9127
rna21240	2580	2545	265.054	22.9748
rna21241	2474	2439	264.481	23.9215
rna21242	7263	7228	1055.3	32.2081
rna21243	2769	2734	12	0.968252
rna21244	2568	2533	0	0
rna21245	706	671	0	0
rna21246	2844	2809	16	1.25653
rna21252	2807	2772	1	0.0795816
rna21250	2961	2926	0	0
rna21251	3033	2998	0	0
rna21247	2966	2931	0	0
rna21248	2940	2905	0	0
rna21249	2873	2838	0	0
rna21253	2216	2181	2	0.202293
rna21254	1926	1891	0	0
rna21255	700	665	0	0
rna21256	13053	13018	89.9231	1.52382
rna21257	85	50	1	4.412
rna21258	23	24	0	0
rna21262	2833	2798	0	0
rna21259	3439	3404	10	0.648061
rna21260	3485	3450	0	0
rna21261	3545	3510	0	0
rna21263	2147	2112	23.8315	2.48922
rna21264	435	400	52.1685	28.771
rna21265	3219	3184	0	0
rna21267	4089	4054	565.893	30.7933
rna21266	2988	2953	0	0
rna21268	5346	5311	798.187	33.1539
rna21271	3112	3077	85.0311	6.09615
rna21269	3627	3592	14.0587	0.863405
rna21270	3666	3631	0	0
rna21272	2094	2059	1	0.107139
rna21273	2090	2055	551	59.1487
rna21274	533	498	129	57.1434
rna21275	2897	2862	527.913	40.691
rna21276	2875	2840	410.087	31.8539
rna21277	761	726	69	20.9661
rna21278	1134	1099	11	2.20801
rna21279	1179	1144	2	0.385664
rna21283	2269	2234	32.4355	3.20289
rna21282	2544	2509	0	0
rna21280	2470	2435	21.5645	1.95365
rna21281	2536	2501	0	0
rna21284	820	785	357	100.324
rna21285	1202	1167	168.393	31.8316
rna21286	1014	979	0	0
rna21287	904	869	303.607	77.0723
rna21288	438	403	0	0
rna21289	3250	3215	960	65.8712
rna21290	1996	1961	0	0
rna21292	7217	7182	403.71	12.4002
rna21293	7214	7179	0.000507646	1.55992e-005
rna21294	7204	7169	6.48399	0.199521
rna21291	6499	6464	21.0599	0.71872
rna21295	5804	5769	625.013	23.8998
rna21296	644	609	229.902	83.2781
rna21297	1016	981	44.8306	10.0812
rna21298	2387	2352	0	0
rna21299	2424	2389	36	3.32424
rna21300	3063	3028	1506	109.717
rna21301	3201	3166	500	34.8389
rna21302	5191	5156	151.443	6.47952
rna21303	5169	5134	319.718	13.7378
rna21304	5195	5160	373.156	15.9532
rna21305	5132	5097	106.019	4.58855
rna21306	5105	5070	113.663	4.94556
rna21307	2269	2234	344	33.9689
rna21313	2319	2284	55.1161	5.32338
rna21312	2454	2419	203.249	18.5352
rna21311	2573	2538	144.523	12.5618
rna21308	2448	2413	260.885	23.8505
rna21309	2563	2528	0	0
rna21310	2776	2741	467.564	37.6303
rna21314	2240	2205	23.1346	2.31451
rna21315	267	232	11.178	10.6287
rna21316	563	528	9.39453	3.92506
rna21321	694	659	13.2165	4.42422
rna21320	962	927	0	0
rna21319	851	816	48.6735	13.1586
rna21318	802	767	29.5158	8.48916
rna21317	806	771	0	0
rna21322	581	546	7.0232	2.83758
rna21323	743	708	0	0
rna21325	745	710	0	0
rna21324	715	680	108.231	35.1113
rna21326	480	445	12.3171	6.10596
rna21327	6273	6238	4034.7	142.683
rna21328	5793	5758	147.101	5.6357
rna21332	2660	2625	238.795	20.0679
rna21329	5608	5573	0	0
rna21330	5530	5495	295.938	11.8806
rna21331	5500	5465	660.438	26.6592
rna21333	2173	2138	91	9.38943
rna21334	575	540	0	0
rna21335	3166	3131	42.6463	3.00472
rna21336	2359	2324	0	0
rna21337	2388	2353	0	0
rna21338	3194	3159	765.253	53.4393
rna21339	2299	2264	83.6269	8.14845
rna21340	2560	2525	17.474	1.52664
rna21341	2583	2548	0	0
rna21342	1885	1850	0.00661782	0.00078913
rna21343	1873	1838	14.404	1.72879
rna21344	1303	1268	58.3263	10.1473
rna21345	1909	1874	4.36794e-008	5.14177e-009
rna21346	1336	1301	0	0
rna21347	1860	1825	423.47	51.1877
rna21348	1293	1258	475.793	83.434
rna21349	1437	1402	120	18.8816
rna21350	3313	3278	286	19.247
rna21351	3331	3296	0	0
rna21352	1766	1731	22.2602	2.83686
rna21353	2253	2218	739.499	73.5498
rna21354	2301	2266	1553.75	151.261
rna21355	1824	1789	207.325	25.565
rna21356	1900	1865	2596.81	307.162
rna21358	2016	1981	834.362	92.9128
rna21357	2207	2172	338.638	34.3939
rna21360	2603	2568	3.8507	0.330789
rna21359	3238	3203	151.061	10.404
rna21364	921	886	39	9.71039
rna21361	2566	2531	22.0104	1.91841
rna21362	2451	2416	336.89	30.7607
rna21363	2640	2605	77.188	6.53654
rna21365	2936	2901	913	69.427
rna21366	4073	4038	355	19.394
rna21367	1367	1332	331	54.8188
rna21368	1606	1571	35	4.91471
rna21369	1511	1476	164	24.5111
rna21370	411	376	10	5.86702
rna21371	2529	2494	387	34.231
rna21372	1566	1531	197.215	28.4165
rna21373	1576	1541	601.785	86.1478
rna21374	1058	1023	34.1326	7.36036
rna21375	1239	1204	32.5038	5.95543
rna21376	1283	1248	28.3636	5.01364
rna21377	4898	4863	194.835	8.83828
rna21378	3102	3067	39	2.80515
rna21379	3002	2967	955	71.0054
rna21381	1689	1654	71.6895	9.56149
rna21380	1765	1730	87.3105	11.1334
rna21382	4565	4530	133.797	6.51561
rna21383	4328	4293	271.203	13.936
rna21384	1889	1854	339	40.3363
rna21386	1304	1269	9.12353e-008	1.58601e-008
rna21385	1255	1220	56.7075	10.2538
rna21387	1227	1192	124.292	23.0025
rna21388	8869	8834	0	0
rna21389	8070	8035	0	0
rna21390	7124	7089	321.84	10.0152
rna21391	8722	8687	2.63924e-007	6.70215e-009
rna21392	8253	8218	748.816	20.1009
rna21394	10075	10040	160.071	3.51709
rna21395	9174	9139	7.9331	0.191492
rna21396	9382	9347	0	0
rna21397	9535	9500	0	0
rna21398	9466	9431	0	0
rna21399	9522	9487	0	0
rna21400	8850	8815	0	0
rna21401	9516	9481	13.1681	0.306389
rna21402	9165	9130	0	0
rna21403	9280	9245	5.82832	0.139073
rna21404	9591	9556	0	0
rna21405	9536	9501	0	0
rna21406	9103	9068	0	0
rna21407	9487	9452	0	0
rna21408	9404	9369	0	0
rna21409	9510	9475	0	0
rna21410	9475	9440	0	0
rna21411	9535	9500	0	0
rna21412	9553	9518	0	0
rna21413	9498	9463	0	0
rna21414	9544	9509	0	0
rna21415	9565	9530	0	0
rna21416	9611	9576	0	0
rna21393	4845	4810	1478.66	67.8154
rna21417	2090	2055	0	0
rna21418	2178	2143	132	13.5881
rna21419	5527	5492	2.00986e-007	8.07312e-009
rna21420	5486	5451	0.000142663	5.77353e-006
rna21421	5469	5434	0.0560574	0.00227572
rna21422	5427	5392	534.944	21.8859
rna21423	1512	1477	3	0.448071
rna21426	2509	2474	2.68674	0.239569
rna21425	3632	3597	0	0
rna21424	4038	4003	8.31326	0.458133
rna21427	1195	1160	0	0
rna21428	1046	1011	1	0.2182
rna21429	727	692	0	0
rna21430	121	86	33	84.6489
rna21431	21	22	0	0
rna21432	451	416	12	6.36346
rna21433	2517	2482	492.654	43.7871
rna21435	3564	3529	17.1496	1.07203
rna21436	3478	3443	0	0
rna21434	4389	4354	1.12626	0.0570629
rna21437	3607	3572	25.0698	1.54827
rna21438	2596	2561	3	0.258415
rna21439	510	475	3	1.39326
rna21445	4647	4612	116.087	5.55263
rna21446	4795	4760	32.1652	1.49068
rna21444	4277	4242	5.61082	0.291784
rna21443	4270	4235	39.4546	2.05518
rna21440	4272	4237	308.18	16.0454
rna21441	4263	4228	122.71	6.40251
rna21442	4275	4240	9.79273	0.509499
rna21447	2056	2021	369.956	40.3821
rna21448	2443	2408	738	67.6091
rna21449	396	361	3.04441	1.86038
rna21450	4746	4711	0	0
rna21451	5449	5414	57.4427	2.34057
rna21452	5264	5229	1493.56	63.0099
rna21454	656	621	23.2938	8.27475
rna21453	722	687	4.70618	1.51118
rna21455	853	818	230	62.0269
rna21456	3748	3713	1424	84.604
rna21457	1163	1128	36.8627	7.20915
rna21458	1010	975	171.137	38.7209
rna21459	2498	2463	8.23892	0.737924
rna21460	2507	2472	174.597	15.5809
rna21461	2582	2547	801.165	69.3902
rna21462	1253	1218	841	152.319
rna21464	815	780	342.151	96.7675
rna21463	1137	1102	326.185	65.2962
rna21465	839	804	479.664	131.609
rna21466	1343	1308	395	66.6185
rna21467	756	721	61	18.6638
rna21469	4300	4265	728.591	37.6852
rna21468	4346	4311	149.409	7.64547
rna21470	1025	990	68.1546	15.1868
rna21471	681	646	139.845	47.7553
rna21472	8082	8047	845	23.1648
rna21473	2390	2355	1333	124.866
rna21474	2782	2747	284	22.8069
rna21475	669	634	1144	398.054
rna21476	1039	1004	40	8.78885
rna21478	1593	1558	292.246	41.3797
rna21477	1657	1622	101.375	13.7875
rna21481	1652	1617	0	0
rna21480	1659	1624	0	0
rna21479	1658	1623	85.0417	11.559
rna21482	1331	1296	28.4835	4.84835
rna21483	1240	1205	397.397	72.7518
rna21484	1171	1136	6.17366	1.19886
rna21485	2764	2729	850.283	68.733
rna21486	1568	1533	741	106.631
rna21487	3945	3910	996.165	56.2031
rna21488	3917	3882	556.835	31.6429
rna21489	2532	2497	784	69.2633
rna21490	5540	5505	0	0
rna21491	5465	5430	0	0
rna21492	5110	5075	258.914	11.2545
rna21493	5251	5216	0	0
rna21494	5200	5165	101.283	4.32584
rna21495	4848	4813	438.294	20.0889
rna21496	4911	4876	24.5095	1.10886
rna21498	8815	8780	3.76129	0.0945036
rna21497	10283	10248	4366.24	93.9883
rna21502	7472	7437	2821.21	83.6841
rna21499	7690	7655	24.3659	0.70217
rna21500	7699	7664	1.39426e-005	4.01322e-007
rna21501	7732	7697	679.001	19.4605
rna21504	6201	6166	77.4248	2.77002
rna21503	6478	6443	0	0
rna21505	1652	1617	907.684	123.831
rna21506	1876	1841	136.974	16.4131
rna21507	1987	1952	70.3423	7.94955
rna21508	1921	1886	622	72.7536
rna21509	1234	1199	207.422	38.1629
rna21510	997	962	304.578	69.844
rna21511	3134	3099	569	40.5039
rna21512	1690	1655	1683	224.332
rna21513	1538	1503	595	87.33
rna21514	1206	1171	188	35.4166
rna21515	1265	1230	579	103.843
rna21517	1789	1754	108.954	13.7031
rna21516	1773	1738	49.4441	6.27581
rna21518	3631	3596	448.66	27.5235
rna21519	3324	3289	787.722	52.8341
rna21520	2880	2845	15546.2	1205.45
rna21521	368	333	40	26.4985
rna21522	5526	5491	550	22.0962
rna21523	2083	2048	353	38.0234
rna21524	1504	1469	591	88.7506
rna21525	2870	2835	139.908	10.8867
rna21526	2607	2572	110.773	9.50099
rna21527	2532	2497	12.3088	1.08743
rna21528	2541	2506	0	0
rna21529	2524	2489	227.01	20.1199
rna21532	5792	5757	2.67576	0.102531
rna21531	5751	5716	2241.53	86.5084
rna21530	5804	5769	761.56	29.1212
rna21533	2617	2582	415	35.4566
rna21535	4447	4412	0	0
rna21536	4076	4041	0	0
rna21537	4010	3975	0	0
rna21538	4230	4195	0	0
rna21539	4219	4184	0	0
rna21540	3998	3963	0	0
rna21541	4078	4043	0	0
rna21542	4141	4106	0	0
rna21534	5017	4982	55.0045	2.43557
rna21544	2990	2955	15.3717	1.14754
rna21543	3017	2982	72.4713	5.36123
rna21545	2980	2945	153.157	11.4725
rna21546	2503	2468	26.9163	2.40589
rna21547	766	731	5	1.50889
rna21548	3404	3369	162.838	10.6625
rna21549	2911	2876	6.24618	0.479106
rna21550	1247	1212	2	0.364027
rna21551	1300	1265	0	0
rna21552	1748	1713	9.99991	1.28779
rna21553	1765	1730	8.60982e-005	1.09788e-005
rna21554	1801	1766	0	0
rna21555	1231	1196	438.321	80.8476
rna21556	1369	1334	275.418	45.5451
rna21557	2549	2514	936.252	82.1549
rna21558	2687	2652	207.769	17.2828
rna21559	1537	1502	38.7228	5.68725
rna21560	1306	1271	84.5165	14.669
rna21561	2851	2816	0	0
rna21562	2708	2673	0	0
rna21563	2410	2375	1216.99	113.04
rna21564	5167	5132	458.728	19.7185
rna21565	5049	5014	0.00964073	0.000424162
rna21566	5015	4980	236.383	10.4711
rna21567	4961	4926	513.627	23.0017
rna21568	5040	5005	361.252	15.9225
rna21569	4386	4351	0	0
rna21570	4260	4225	70	3.65491
rna21573	3796	3761	137.354	8.05645
rna21572	3722	3687	365.05	21.8416
rna21571	4185	4150	98.5961	5.24104
rna21574	5134	5099	991	42.874
rna21575	1363	1328	99	16.4453
rna21576	1756	1721	333	42.6844
rna21577	8852	8817	2116.3	52.9494
rna21578	9143	9108	147.361	3.56916
rna21579	8849	8814	2416.34	60.4771
rna21580	2870	2835	355.28	27.6455
rna21581	2281	2246	379.058	37.2307
rna21582	2229	2194	63.6619	6.40101
rna21583	1415	1380	274.71	43.9137
rna21584	1697	1662	68.2885	9.06405
rna21585	1686	1651	0.0019012	0.000254031
rna21586	2749	2714	142	11.5421
rna21587	3700	3665	1.58001e-007	9.51022e-009
rna21591	2479	2444	57.2737	5.16964
rna21590	3579	3544	261.863	16.2999
rna21589	3671	3636	0	0
rna21588	3579	3544	261.863	16.2999
rna21592	3644	3609	896.195	54.7799
rna21593	3197	3162	377.396	26.3294
rna21594	2923	2888	29.5814	2.25957
rna21596	2366	2331	625.877	59.2314
rna21597	2908	2873	41.5438	3.1899
rna21598	3014	2979	0	0
rna21595	3304	3269	76.4075	5.15616
rna21599	996	961	388	89.0664
rna21600	1576	1541	232.49	33.2818
rna21601	1353	1318	17.5101	2.93075
rna21602	901	866	463	117.942
rna21603	2014	1979	1832.14	204.229
rna21604	1180	1145	257.537	49.6181
rna21605	7705	7670	836.326	24.0539
rna21606	7663	7628	0.000117138	3.3876e-006
rna21615	3355	3320	585.842	38.9267
rna21614	3957	3922	312.718	17.5894
rna21613	3794	3759	0	0
rna21612	3647	3612	0	0
rna21611	3476	3441	0	0
rna21610	4223	4188	292.086	15.3854
rna21609	4066	4031	93.912	5.13942
rna21608	3756	3721	66.6102	3.949
rna21607	3599	3564	17.0887	1.05773
rna21616	3424	3389	0	0
rna21617	1069	1034	2	0.426693
rna21618	651	616	88	31.5143
rna21619	637	602	87	31.8807
rna21620	1597	1562	22.8101	3.22145
rna21621	2254	2219	2.18991	0.217708
rna21622	3804	3769	0	0
rna21623	3867	3832	0	0
rna21624	3884	3849	0	0
rna21625	6256	6221	2522.47	89.4483
rna21626	3361	3326	59	3.91323
rna21627	980	945	9	2.10095
rna21628	1173	1138	22	4.26468
rna21629	839	804	0	0
rna21630	701	666	0	0
rna21631	670	635	0	0
rna21633	2627	2592	0	0
rna21632	2649	2614	58	4.89472
rna21634	739	704	0	0
rna21635	805	770	17	4.87039
rna21636	100	65	0	0
rna21637	21	22	0	0
rna21638	2579	2544	192.765	16.7154
rna21639	2715	2680	453.235	37.3074
rna21640	803	768	37	10.6279
rna21641	1201	1166	19	3.59468
rna21643	1124	1089	14.2391	2.88444
rna21644	1151	1116	32.3543	6.39547
rna21642	1017	982	385.407	86.5792
rna21645	1213	1178	1316	246.443
rna21646	1485	1450	1	0.152138
rna21648	1325	1290	52.3434	8.95112
rna21647	1735	1700	98.3847	12.7669
rna21649	1064	1029	102.272	21.9254
rna21652	1762	1727	429.397	54.8494
rna21651	1862	1827	18.6854	2.25616
rna21650	2143	2108	13.2703	1.38872
rna21653	2216	2181	741	74.9494
rna21654	2218	2183	183.352	18.5283
rna21655	2230	2195	662.648	66.5969
rna21656	2991	2956	592	44.1797
rna21657	1986	1951	329	37.2001
rna21665	2636	2601	0	0
rna21664	2717	2682	0	0
rna21662	2739	2704	0	0
rna21663	2729	2694	57.1884	4.68291
rna21658	2930	2895	0	0
rna21659	2821	2786	70.5323	5.58486
rna21660	2722	2687	0	0
rna21661	2712	2677	140.922	11.6128
rna21666	3514	3479	212.217	13.4565
rna21667	3162	3127	0	0
rna21668	2808	2773	0	0
rna21669	725	690	52.6535	16.8338
rna21670	1606	1571	125.713	17.6526
rna21671	1050	1015	159.774	34.7253
rna21672	1124	1089	0	0
rna21673	2553	2518	84.2634	7.38226
rna21674	2192	2157	148.354	15.1725
rna21675	2140	2105	597.382	62.6045
rna21676	1428	1393	325.038	51.4742
rna21677	2611	2576	37.1878	3.18464
rna21678	2498	2463	1019.83	91.3413
rna21679	1991	1956	0.218449	0.024637
rna21680	2014	1979	245.73	27.3916
rna21681	5188	5153	312.752	13.3889
rna21682	5107	5072	1477.25	64.251
rna21683	3372	3337	76	5.02415
rna21686	1318	1283	57.4557	9.87898
rna21685	1179	1144	597.525	115.222
rna21684	1303	1268	0.0192159	0.00334307
rna21687	3281	3246	413	28.0677
rna21688	2650	2615	277	23.3676
rna21689	941	906	44	10.7135
rna21690	6032	5997	1726	63.491
rna21691	2455	2420	34.5714	3.15143
rna21692	2385	2350	562.429	52.7965
rna21693	5951	5916	617.302	23.0184
rna21694	5963	5928	601.698	22.3911
rna21695	2969	2934	409	30.7517
rna21696	590	555	295	117.256
rna21698	2990	2955	13.8251	1.03209
rna21697	3447	3412	0	0
rna21699	8220	8185	14.2643	0.384449
rna21700	8217	8182	21.9926	0.592957
rna21701	8108	8073	38.2294	1.04464
rna21702	1706	1671	207.962	27.4545
rna21703	1739	1704	14.0378	1.81734
rna21704	1680	1645	0	0
rna21707	1371	1336	94.1948	15.5534
rna21706	1570	1535	100.805	14.4871
rna21705	1500	1465	0	0
rna21708	883	848	42.7005	11.1082
rna21709	888	853	76.2995	19.7323
rna21710	3079	3044	369.701	26.7924
rna21711	3083	3048	399.224	28.894
rna21712	2671	2636	41.0751	3.43747
rna21713	890	855	27.1498	7.00496
rna21714	1095	1060	27.4963	5.72234
rna21715	978	943	288.354	67.4559
rna21717	2862	2827	188.981	14.7468
rna21716	2834	2799	0	0
rna21718	2785	2750	380.508	30.5237
rna21720	669	634	263.511	91.6886
rna21719	680	645	3.96451e-007	1.35592e-007
rna21722	3908	3873	459.288	26.1603
rna21721	4560	4525	107.347	5.23331
rna21723	4390	4355	81.2132	4.11381
rna21724	4031	3996	1383.15	76.3572
rna21725	1928	1893	779	90.7805
rna21726	3158	3123	256	18.0831
rna21727	1405	1370	827	133.165
rna21728	819	784	437	122.962
rna21729	2351	2316	26.6207	2.53563
rna21730	2264	2229	39.7856	3.93751
rna21731	1221	1186	46.5937	8.66658
rna21732	1680	1645	552	74.0251
rna21733	6087	6052	1301.05	47.4242
rna21734	6099	6064	2844.11	103.465
rna21735	6119	6084	1774.17	64.3298
rna21736	3375	3340	93.3338	6.1645
rna21737	3382	3347	85.3394	5.6247
rna21738	2497	2462	96.599	8.65546
rna21741	4037	4002	548.725	30.2471
rna21740	4172	4137	736.498	39.2728
rna21739	4431	4396	117.178	5.88023
rna21742	1671	1636	0	0
rna21743	1757	1722	64.2826	8.23505
rna21744	1849	1814	19.7174	2.39783
rna21745	8338	8303	10273	272.94
rna21746	454	419	0.000444019	0.000233772
rna21747	450	415	36.9284	19.6299
rna21748	598	563	7.07119	2.7707
rna21758	6967	6932	696.96	22.1797
rna21757	8264	8229	1017.79	27.2846
rna21756	7005	6970	107.39	3.39888
rna21752	7774	7739	14.1228	0.402571
rna21753	7096	7061	5082.67	158.793
rna21754	7768	7733	0	0
rna21755	7777	7742	0	0
rna21749	8719	8684	0.160174	0.00406891
rna21750	8805	8770	1689	42.485
rna21751	8808	8773	998.651	25.1114
rna21759	1816	1781	1001.86	124.094
rna21760	3223	3188	1153.14	79.7938
rna21761	3388	3353	429.423	28.2525
rna21762	2995	2960	284.577	21.2087
rna21769	2612	2577	68.5372	5.86702
rna21768	2424	2389	79.1866	7.31208
rna21767	3123	3088	53.0129	3.78713
rna21766	3018	2983	20.0875	1.48552
rna21765	2547	2512	20.4228	1.7935
rna21764	3004	2969	366.218	27.2104
rna21763	2770	2735	66.8616	5.39293
rna21770	1611	1576	142.673	19.9706
rna21771	73	38	0.366222	2.12602
rna21772	74	39	0	0
rna21773	1423	1388	250	39.7334
rna21775	3767	3732	232.105	13.7198
rna21774	3862	3827	191.581	11.0433
rna21776	3711	3676	124.314	7.46022
rna21778	1195	1160	220	41.8379
rna21777	1230	1195	0	0
rna21779	3675	3640	75.8002	4.59383
rna21780	3404	3369	0	0
rna21781	2948	2913	65.1998	4.93755
rna21782	5457	5422	904.579	36.8038
rna21783	5280	5245	260.421	10.9531
rna21784	6537	6502	5664.87	192.198
rna21785	6739	6704	2754.61	90.6426
rna21787	846	811	13	3.53613
rna21786	6637	6602	372.543	12.4482
rna21788	1770	1735	189.553	24.1012
rna21789	1782	1747	461.16	58.2324
rna21790	1922	1887	48.7709	5.70157
rna21791	2030	1995	247.516	27.3694
rna21792	2267	2232	191.729	18.9495
rna21793	2040	2005	49.561	5.45295
rna21794	2069	2034	315.855	34.2565
rna21795	2069	2034	315.855	34.2565
rna21796	4254	4219	316	16.5228
rna21798	1752	1717	843.497	108.372
rna21797	1841	1806	164.13	20.0482
rna21799	2204	2169	311.374	31.6685
rna21800	1273	1238	442.798	78.9026
rna21802	2374	2339	478.855	45.1626
rna21801	2423	2388	487.347	45.0204
rna21803	1449	1414	1868	291.429
rna21804	1760	1725	238	30.4364
rna21805	3544	3509	518.049	32.5681
rna21806	3520	3485	183.287	11.6021
rna21807	3572	3537	35.1198	2.1904
rna21808	3482	3447	0	0
rna21809	3482	3447	1163.91	74.4878
rna21810	3227	3192	453.235	31.3232
rna21811	6766	6731	210.861	6.91072
rna21812	1243	1208	309.358	56.4937
rna21813	1097	1062	339.4	70.5007
rna21817	1948	1913	40.0047	4.6132
rna21819	2665	2630	404.335	33.915
rna21818	2890	2855	24.6647	1.9058
rna21822	1731	1696	105.71	13.7498
rna21821	2546	2511	649.29	57.0424
rna21820	2690	2655	221.25	18.3833
rna21823	1948	1913	256.915	29.6265
rna21824	1876	1841	188.835	22.6274
rna21814	1193	1158	268.61	51.1705
rna21815	1296	1261	0	0
rna21816	1294	1259	139.675	24.4736
rna21830	3149	3114	26.447	1.87354
rna21829	2678	2643	267.51	22.3279
rna21828	2693	2658	0.334705	0.0277788
rna21827	4351	4316	0	0
rna21826	3766	3731	132.758	7.84951
rna21825	3613	3578	94.4204	5.82145
rna21831	4160	4125	32.4183	1.73369
rna21832	3985	3950	0	0
rna21833	3762	3727	5.69105	0.336852
rna21834	1987	1952	760.071	85.8974
rna21835	1761	1726	790.649	101.053
rna21836	2790	2755	18.7415	1.50068
rna21837	1925	1890	957.107	111.713
rna21838	1093	1058	215.893	45.0152
rna21839	4921	4886	1143.12	51.6111
rna21840	4846	4811	304.981	13.9844
rna21841	4754	4719	6.59387e-005	3.08245e-006
rna21842	4739	4704	70.7256	3.31677
rna21843	4622	4587	83.1739	4.00004
rna21844	4607	4572	0.0014651	7.06912e-005
rna21845	1054	1019	334	72.3066
rna21846	1901	1866	13.445	1.58948
rna21847	2452	2417	43.7011	3.98861
rna21848	1821	1786	22.5528	2.78564
rna21849	2141	2106	66.2138	6.93579
rna21850	2081	2046	100.525	10.8386
rna21851	1795	1760	22.543	2.82557
rna21852	1648	1613	0	0
rna21855	589	554	0.00162631	0.000647587
rna21854	584	549	72.6601	29.1964
rna21853	626	591	70.3574	26.262
rna21860	2896	2861	60.8388	4.69103
rna21859	2945	2910	0	0
rna21858	2687	2652	0	0
rna21857	3104	3069	1011.05	72.6744
rna21856	3292	3257	27.3749	1.85413
rna21861	2581	2546	888.736	77.0052
rna21862	2154	2119	0	0
rna21863	2784	2749	74.0875	5.94533
rna21864	2778	2743	8.38721e-007	6.74524e-008
rna21865	2766	2731	69.8465	5.64194
rna21868	72	37	0	0
rna21866	2646	2611	182.526	15.4214
rna21869	162	127	20	34.7402
rna21867	2513	2478	20.3704	1.81345
rna21870	3298	3263	1102.46	74.5332
rna21871	3289	3254	141.433	9.58821
rna21872	3310	3275	6.281	0.423081
rna21873	361	326	57.6702	39.0247
rna21874	3879	3844	399.33	22.9168
rna21875	2128	2093	206.681	21.784
rna21876	2290	2255	87.7462	8.58396
rna21877	2272	2237	0	0
rna21878	2320	2285	233.067	22.5009
rna21879	2326	2291	37.3208	3.59362
rna21880	2362	2327	0.0123991	0.00117544
rna21881	2356	2321	0.00029439	2.79803e-005
rna21882	2176	2141	215.113	22.1643
rna21883	2389	2354	591.059	55.3898
rna21884	2179	2144	0	0
rna21885	2284	2249	4.03057e-008	3.9535e-009
rna21886	2320	2285	0	0
rna21887	2392	2357	1.19989e-007	1.12302e-008
rna21888	4537	4502	3030.7	148.506
rna21889	8326	8291	1064.91	28.3343
rna21890	8199	8164	651.443	17.6027
rna21891	4611	4576	2834.64	136.652
rna21892	70	35	5	31.5143
rna21893	22	23	0	0
rna21894	3010	2975	306	22.6903
rna21898	3761	3726	169.44	10.0318
rna21897	3875	3840	0	0
rna21896	3960	3925	466.816	26.2368
rna21895	3219	3184	254.744	17.6497
rna21899	1201	1166	544	102.921
rna21900	4498	4463	209.14	10.3375
rna21901	4454	4419	324.352	16.1919
rna21902	5005	4970	523	23.2141
rna21903	11725	11690	605	11.4169
rna21904	1571	1536	79.6444	11.4385
rna21905	1436	1401	171.356	26.9815
rna21906	1231	1196	67.0559	12.3683
rna21907	1294	1259	404.944	70.9537
rna21908	1377	1342	0	0
rna21909	3672	3637	546.027	33.119
rna21910	3680	3645	1140.19	69.0056
rna21911	1676	1641	47.1399	6.33703
rna21912	2637	2602	257	21.7887
rna21913	4489	4454	3.96423	0.196342
rna21914	5112	5077	311.036	13.5148
rna21915	1210	1175	315	59.1396
rna21916	5541	5506	93.6395	3.7517
rna21917	5247	5212	792.879	33.5589
rna21918	6121	6086	341.244	12.3691
rna21919	5464	5429	0	0
rna21920	1366	1331	200.871	33.2924
rna21924	2516	2481	574.218	51.0571
rna21923	3129	3094	72.4436	5.16518
rna21922	3154	3119	0.010917	0.000772133
rna21921	2709	2674	0	0
rna21925	2882	2847	63.3274	4.90693
rna21926	1715	1680	90.3005	11.8573
rna21927	1702	1667	0.557209	0.0737374
rna21928	1567	1532	1595.14	229.692
rna21929	4039	4004	246.757	13.5951
rna21930	3811	3776	245.243	14.3275
rna21931	5659	5624	361.676	14.1867
rna21932	5677	5642	689.324	26.9523
rna21933	3040	3005	0	0
rna21934	2955	2920	312	23.571
rna21935	2308	2273	531.42	51.5755
rna21937	1984	1949	177.232	20.0602
rna21936	2136	2101	298.946	31.3886
rna21938	556	521	64.6286	27.3648
rna21939	770	735	114.774	34.4478
rna21940	5253	5218	4644.06	196.336
rna21941	3181	3146	4367.01	306.218
rna21942	4495	4460	7007.47	346.603
rna21943	1301	1266	1619.74	282.24
rna21946	3569	3534	38.9475	2.43119
rna21945	3393	3358	613.337	40.2925
rna21944	3589	3554	1439.49	89.3503
rna21947	6664	6629	1015	33.7772
rna21948	1695	1660	413.883	55.0016
rna21951	2003	1968	2.54032	0.284754
rna21952	1872	1837	0	0
rna21949	3643	3608	2309.26	141.193
rna21950	3403	3368	942.713	61.7466
rna21953	1641	1606	6.992	0.960421
rna21954	2514	2479	2646	235.461
rna21955	1144	1109	790	157.145
rna21956	2195	2160	1624.66	165.926
rna21957	1130	1095	62.0842	12.5076
rna21958	1209	1174	1263	237.324
rna21960	7479	7444	7863.6	233.035
rna21961	7750	7715	111.904	3.19975
rna21962	7861	7826	3451.56	97.2929
rna21959	7863	7828	637.096	17.954
rna21963	3007	2972	84.6618	6.28412
rna21967	1607	1572	115.749	16.2432
rna21965	1497	1462	146.741	22.1417
rna21966	1909	1874	147.84	17.4032
rna21964	1609	1574	50.24	7.04126
rna21968	1488	1453	264.449	40.1496
rna21970	1107	1072	2.14526	0.441459
rna21969	1220	1185	0	0
rna21971	2411	2376	1906.75	177.032
rna21972	2406	2371	846.253	78.7362
rna21973	2185	2150	3103	318.382
rna21974	3022	2987	0.000327671	2.41996e-005
rna21975	3024	2989	93.9997	6.93755
rna21976	2663	2628	1231.95	103.412
rna21979	3463	3428	8.83379e-008	5.68475e-009
rna21978	3481	3446	45.5787	2.91778
rna21977	4037	4002	31.3442	1.72777
rna21980	940	905	325.753	79.4045
rna21981	1265	1230	314.247	56.3602
rna21982	5842	5807	8.66046e-007	3.28999e-008
rna21983	5839	5804	1.88925	0.0718073
rna21984	5704	5669	0.000291726	1.13521e-005
rna21985	5701	5666	842.727	32.8107
rna21986	5839	5804	367.212	13.9571
rna21987	5782	5747	27.5883	1.05898
rna21994	3644	3609	83.2564	5.08905
rna21988	8750	8715	262.28	6.63902
rna21989	8747	8712	393.871	9.97337
rna21990	8432	8397	598.203	15.7156
rna21991	8387	8352	40.4067	1.06725
rna21992	8325	8290	506.904	13.4889
rna21993	5101	5066	6020.75	262.175
rna21999	2822	2787	991.3	78.4646
rna21998	3148	3113	305.571	21.654
rna21997	2901	2866	110.202	8.48237
rna21996	3537	3502	0	0
rna21995	3542	3507	514.928	32.3904
rna22000	1806	1771	53.3116	6.64062
rna22001	1817	1782	362.688	44.8985
rna22002	2394	2359	802.375	75.0335
rna22003	1835	1800	984.625	120.671
rna22004	5908	5873	955.027	35.8725
rna22005	5962	5927	41.0092	1.52634
rna22006	4756	4721	46.893	2.19119
rna22007	3970	3935	17.0708	0.957007
rna22008	1276	1241	353.242	62.7922
rna22018	8046	8011	1432.65	39.4511
rna22017	8579	8544	287.751	7.42954
rna22016	8385	8350	694.653	18.3522
rna22015	8864	8829	260.42	6.5068
rna22012	8948	8913	0	0
rna22013	8847	8812	51.705	1.29439
rna22014	8850	8815	9.61077e-006	2.40515e-007
rna22010	8830	8795	168.58	4.2284
rna22011	8953	8918	0	0
rna22009	8951	8916	0	0
rna22019	8119	8084	0	0
rna22020	7474	7439	0	0
rna22021	4173	4138	266	14.1807
rna22022	1997	1962	196	22.0375
rna22024	4517	4482	744.401	36.6388
rna22023	4457	4422	162.893	8.12624
rna22025	6115	6080	4862.1	176.411
rna22026	6055	6020	125.898	4.61348
rna22027	245	210	24	25.2114
rna22028	2683	2648	937.64	78.1131
rna22053	3895	3860	141.06	8.06161
rna22054	3909	3874	414.148	23.5831
rna22055	3908	3873	0	0
rna22056	3893	3858	174.8	9.99506
rna22057	4007	3972	241.801	13.4293
rna22058	3985	3950	0	0
rna22059	3804	3769	0	0
rna22060	3927	3892	0	0
rna22061	3912	3877	0	0
rna22062	3879	3844	0	0
rna22063	4003	3968	0	0
rna22064	3988	3953	318.819	17.7919
rna22065	3985	3950	1395.97	77.9623
rna22066	5179	5144	1321.51	56.6731
rna22067	3785	3750	0	0
rna22068	3606	3571	70.7446	4.37028
rna22069	3731	3696	1034.48	61.7441
rna22074	1741	1706	32	4.13787
rna22070	4513	4478	6322.83	311.482
rna22071	4387	4352	985.808	49.9699
rna22072	4334	4299	3369.03	172.88
rna22073	4208	4173	475.177	25.1196
rna22075	628	593	4	1.48803
rna22076	7476	7441	27.1885	0.806044
rna22077	7366	7331	44.8062	1.34828
rna22078	7530	7495	0.00531682	0.00015649
rna22079	12285	12250	1327.06	23.8979
rna22080	2777	2742	0	0
rna22081	2142	2107	3.00042	0.31414
rna22082	2836	2801	0	0
rna22084	2710	2675	4	0.329869
rna22083	2800	2765	0	0
rna22085	1026	991	2	0.445207
rna22086	1652	1617	1	0.136426
rna22087	2965	2930	3.00036	0.225897
rna22088	3064	3029	3	0.218488
rna22089	2038	2003	0	0
rna22090	3055	3020	0	0
rna22091	1883	1848	5	0.596862
rna22092	1971	1936	0	0
rna22093	2967	2932	2	0.150478
rna22095	1352	1317	23.2965	3.9022
rna22094	1402	1367	29.7035	4.79342
rna22096	1774	1739	3	0.380564
rna22097	2023	1988	0	0
rna22098	3171	3136	0	0
rna22099	1544	1509	0	0
rna22100	1469	1434	3	0.461506
rna22101	1430	1395	0	0
rna22102	1555	1520	0	0
rna22103	1535	1500	0	0
rna22104	1183	1148	1	0.19216
rna22105	2181	2146	0	0
rna22106	3899	3864	0	0
rna22107	1152	1117	435	85.9096
rna22108	3535	3500	12	0.756343
rna22109	3713	3678	883	52.9608
rna22110	1249	1214	0	0
rna22111	1296	1261	198	34.6382
rna22112	4909	4874	0	0
rna22113	4782	4747	241.853	11.2393
rna22114	4385	4350	232.147	11.7728
rna22115	2040	2005	125	13.7531
rna22116	1576	1541	145	20.7573
rna22117	1890	1855	1613	191.821
rna22119	3780	3745	0	0
rna22118	3375	3340	1046	69.0861
rna22121	3264	3229	0	0
rna22120	3481	3446	0	0
rna22122	1672	1637	414	55.7901
rna22123	1829	1794	76.9959	9.46783
rna22124	1844	1809	0.00412876	0.000503486
rna22125	452	417	0	0
rna22126	1675	1640	3.00139	0.403724
rna22127	7735	7700	9.05527	0.259428
rna22128	7673	7638	0	0
rna22129	7922	7887	0	0
rna22130	5184	5149	38.9447	1.66852
rna22131	706	671	0	0
rna22132	1441	1406	3	0.470697
rna22133	2182	2147	3	0.308244
rna22134	853	818	2606	702.792
rna22135	838	803	112.975	31.0364
rna22136	552	517	149.172	63.6506
rna22137	3400	3365	354.065	23.2115
rna22138	3421	3386	101.582	6.61812
rna22139	3433	3398	0	0
rna22140	3220	3185	923.351	63.9533
rna22141	3436	3401	0	0
rna22142	3457	3422	0	0
rna22143	3253	3218	0	0
rna22144	3158	3123	71.428	5.04548
rna22145	3433	3398	0	0
rna22146	3194	3159	0	0
rna22147	3466	3431	125.072	8.04162
rna22148	3469	3434	0	0
rna22149	3055	3020	45.1311	3.29666
rna22150	3056	3021	11.963	0.873564
rna22151	3356	3321	94.171	6.25538
rna22152	1462	1427	6.34222	0.980445
rna22153	1237	1202	7.65778	1.40541
rna22156	1878	1843	0	0
rna22155	1869	1834	0	0
rna22154	1923	1888	17	1.98634
rna22157	506	471	2	0.936731
rna22158	1400	1365	41	6.62608
rna22161	1238	1203	26	4.76775
rna22160	1257	1222	0	0
rna22159	1308	1273	0	0
rna22162	2611	2576	64.46	5.52014
rna22163	2681	2646	75.925	6.32996
rna22164	2617	2582	150.615	12.8682
rna22165	1224	1189	2	0.371068
rna22166	4587	4552	162	7.85088
rna22167	1368	1333	112	18.535
rna22168	1748	1713	4	0.51512
rna22169	1173	1138	0	0
rna22170	1292	1257	390	68.4439
rna22171	1325	1290	254	43.436
rna22172	4128	4093	9.98695	0.538266
rna22173	4046	4011	41.7166	2.29436
rna22174	4121	4086	0	0
rna22175	4121	4086	0	0
rna22176	4151	4116	83.9698	4.50042
rna22178	4195	4160	0	0
rna22177	4364	4329	252.213	12.8524
rna22179	4228	4193	2760.11	145.214
rna22180	129	94	0	0
rna22181	21	22	0	0
rna22182	1359	1324	0	0
rna22183	1427	1392	414.951	65.7601
rna22185	2454	2419	0	0
rna22186	2498	2463	0	0
rna22187	2997	2962	0	0
rna22184	4002	3967	61.4764	3.41863
rna22188	2998	2963	171	12.7312
rna22192	10123	10088	0	0
rna22191	10293	10258	0	0
rna22190	10593	10558	311.527	6.50908
rna22189	10933	10898	108.726	2.20086
rna22193	11068	11033	54.8871	1.09744
rna22194	11013	10978	0	0
rna22195	10890	10855	1280.41	26.0211
rna22196	10944	10909	336.253	6.79966
rna22197	11007	10972	0	0
rna22198	10932	10897	192.988	3.90688
rna22199	10971	10936	42.0586	0.848402
rna22200	10992	10957	285.439	5.74682
rna22201	10983	10948	97.0535	1.95561
rna22202	10965	10930	0	0
rna22203	10672	10637	0	0
rna22204	10437	10402	139.208	2.95224
rna22205	8812	8777	3552.45	89.2868
rna22208	2003	1968	0	0
rna22207	1868	1833	4.33007e-006	5.2112e-007
rna22206	1842	1807	92	11.2314
rna22209	1638	1603	810	111.47
rna22210	890	855	0	0
rna22211	1082	1047	1	0.210697
rna22212	1264	1229	2	0.358991
rna22213	3012	2977	2843.45	210.704
rna22220	1176	1141	2	0.386678
rna22215	2799	2764	0	0
rna22214	3729	3694	1337.56	79.8769
rna22216	2516	2481	0	0
rna22217	3444	3409	3454.72	223.559
rna22218	2713	2678	0	0
rna22219	2758	2723	0	0
rna22221	2417	2382	1549.31	143.483
rna22222	1805	1770	204.234	25.4543
rna22223	947	912	143.297	34.6616
rna22224	1319	1284	193.469	33.2392
rna22225	820	785	189	53.1126
rna22226	2190	2155	351.741	36.0065
rna22227	1338	1303	1.25892	0.213137
rna22228	1185	1150	22	4.22018
rna22229	1251	1216	0	0
rna22230	7763	7728	1151.4	32.8675
rna22236	1441	1406	0	0
rna22237	1243	1208	0	0
rna22238	859	824	0	0
rna22231	8481	8446	419.449	10.9555
rna22239	979	944	3	0.70106
rna22232	7837	7802	64.4154	1.82133
rna22233	7982	7947	0	0
rna22234	7748	7713	698.43	19.9759
rna22240	354	319	0	0
rna22235	7778	7743	7.12922	0.203113
rna22241	1592	1557	3.00072	0.42515
rna22242	82	47	0	0
rna22243	1325	1290	73.5843	12.5835
rna22244	1017	982	126.416	28.3985
rna22245	72	37	0	0
rna22246	1237	1202	256	46.983
rna22247	582	547	203	81.868
rna22248	72	37	0	0
rna22249	2733	2698	3.76057e-007	3.07481e-008
rna22250	2697	2662	2063.36	170.991
rna22251	3511	3476	2423.71	153.818
rna22261	3373	3338	24.4413	1.61526
rna22260	1678	1643	736.297	98.8601
rna22258	1856	1821	34.832	4.21963
rna22259	1799	1764	137.59	17.2065
rna22257	1792	1757	28.5864	3.58916
rna22256	1930	1895	0	0
rna22255	1961	1926	0	0
rna22254	1869	1834	45.1306	5.42847
rna22253	1860	1825	173.054	20.9182
rna22252	1957	1922	0	0
rna22262	638	603	6	2.19503
rna22263	75	40	3	16.545
rna22264	21	22	0	0
rna22265	1575	1540	57.9795	8.30537
rna22266	1380	1345	252.021	41.3351
rna22267	1565	1530	463	66.7568
rna22270	705	670	0	0
rna22268	2621	2586	0	0
rna22269	2375	2340	1	0.0942735
rna22271	990	955	146	33.7252
rna22272	1880	1845	9	1.0761
rna22273	4311	4276	0	0
rna22274	4293	4258	0	0
rna22275	4323	4288	26.6791	1.37253
rna22276	4541	4506	253.968	12.4335
rna22277	4444	4409	32.6645	1.63434
rna22278	4789	4754	1622.69	75.2979
rna22279	1438	1403	263	41.3527
rna22280	729	694	181	57.534
rna22281	2399	2364	0	0
rna22282	1805	1770	0	0
rna22284	2566	2531	134.57	11.729
rna22283	1690	1655	166.43	22.1839
rna22285	1144	1109	0	0
rna22286	1107	1072	311.46	64.0934
rna22287	1233	1198	47.5397	8.75397
rna22288	720	685	178	57.3238
rna22289	2275	2240	62	6.10589
rna22290	1369	1334	471.888	78.035
rna22291	1336	1301	302.112	51.2266
rna22293	1524	1489	16.2777	2.41159
rna22292	1730	1695	495.722	64.517
rna22294	1422	1387	491	78.0927
rna22295	2185	2150	903	92.652
rna22296	1495	1460	323	48.804
rna22297	6052	6017	953	34.9396
rna22298	2214	2179	0	0
rna22299	2199	2164	0	0
rna22300	2124	2089	173	18.2689
rna22301	1701	1666	347.726	46.0434
rna22302	1680	1645	949.274	127.301
rna22303	1408	1373	808	129.821
rna22305	2482	2447	47.3453	4.26824
rna22306	2485	2450	11.1391	1.00297
rna22307	2519	2484	68.3748	6.07225
rna22304	2556	2521	31.0441	2.71651
rna22308	1624	1589	2.09679	0.291096
rna22309	1712	1677	0	0
rna22310	1534	1499	0	0
rna22311	3876	3841	0	0
rna22312	3945	3910	0	0
rna22316	3766	3731	6.60194	0.390348
rna22317	3724	3689	5.96196e-007	3.56522e-008
rna22313	4073	4038	1.84695	0.100901
rna22314	4031	3996	15.7737	0.870789
rna22315	4061	4026	606.777	33.2477
rna22318	3856	3821	0	0
rna22319	1614	1579	9	1.25738
rna22320	1156	1121	566	111.382
rna22321	1177	1142	0	0
rna22322	1537	1502	214.642	31.5247
rna22323	1523	1488	1073.36	159.128
rna22324	9764	9729	8641	195.93
rna22325	2542	2507	466	41.005
rna22329	2506	2471	352.75	31.492
rna22327	2509	2474	1.6737	0.149239
rna22328	2603	2568	104.272	8.95733
rna22326	3008	2973	308.304	22.8765
rna22330	5863	5828	0	0
rna22331	5854	5819	0	0
rna22335	5964	5929	207.341	7.71454
rna22336	5877	5842	107.371	4.05443
rna22337	5781	5746	0.387947	0.0148941
rna22332	5990	5955	20.1301	0.74571
rna22333	5915	5880	433.758	16.2733
rna22334	5915	5880	488.012	18.3087
rna22338	5157	5122	94	4.0485
rna22340	1334	1299	0	0
rna22339	1197	1162	279	52.9668
rna22341	1173	1138	1308.55	253.66
rna22342	1161	1126	32.4539	6.35819
rna22343	1050	1015	55.0008	11.9539
rna22344	1470	1435	103	15.834
rna22345	2654	2619	0	0
rna22346	2758	2723	509	41.2359
rna22347	120	85	6.30597e-008	1.63658e-007
rna22348	119	84	0.0740741	0.194533
rna22349	119	84	0.0740741	0.194533
rna22350	119	84	0.0740741	0.194533
rna22351	119	84	0.0740741	0.194533
rna22352	120	85	0	0
rna22353	119	84	0.0740741	0.194533
rna22354	119	84	0.0740741	0.194533
rna22355	119	84	0.0740741	0.194533
rna22356	121	86	0	0
rna22357	119	84	0.0740741	0.194533
rna22358	5656	5621	114.392	4.48938
rna22359	6364	6329	231.461	8.06766
rna22360	5647	5612	0	0
rna22361	6372	6337	2154.15	74.9889
rna22362	6060	6025	0.00176425	6.45965e-005
rna22363	1975	1940	3	0.341134
rna22364	1296	1261	88.3226	15.4512
rna22365	1451	1416	45.6774	7.11613
rna22366	3480	3445	5.05115e-006	3.2345e-007
rna22367	3430	3395	781	50.7478
rna22371	1473	1438	55.606	8.53038
rna22372	1485	1450	4.83688e-005	7.35873e-006
rna22370	1434	1399	0	0
rna22368	2963	2928	232.925	17.5489
rna22369	3049	3014	0	0
rna22373	1461	1426	340.469	52.67
rna22374	2314	2279	506	48.9792
rna22375	3616	3581	712.414	43.8868
rna22376	3348	3313	50.8215	3.38401
rna22377	3285	3250	12.2641	0.832448
rna22378	3282	3247	36.5007	2.47985
rna22379	3341	3306	0	0
rna22380	1802	1767	537	67.0414
rna22381	2310	2275	49.3973	4.78991
rna22382	2487	2452	544.603	48.9965
rna22383	1942	1907	156	18.0459
rna22384	1002	967	18	4.10631
rna22385	930	895	8	1.97184
rna22386	1008	973	1	0.226722
rna22387	1029	994	2	0.443863
rna22388	636	601	4	1.46822
rna22389	672	637	18.2193	6.30953
rna22390	1130	1095	953	191.993
rna22391	3675	3640	592	35.8778
rna22393	4179	4144	115.116	6.12806
rna22394	4182	4147	261.534	13.9123
rna22395	4320	4285	89.1411	4.58915
rna22392	4318	4283	0	0
rna22396	340	305	8.20861	5.93712
rna22397	1132	1097	81.3	16.3489
rna22398	1182	1147	114.7	22.06
rna22399	2653	2618	62.4446	5.26176
rna22400	1388	1353	29.5554	4.81886
rna22401	1334	1299	0	0
rna22402	1316	1281	177	30.481
rna22403	641	606	118	42.9551
rna22404	107	72	0	0
rna22405	1448	1413	501	78.217
rna22406	5535	5500	1641	65.819
rna22407	1988	1953	144	16.2654
rna22408	6395	6360	954	33.09
rna22409	3029	2994	510.5	37.614
rna22410	3029	2994	510.5	37.614
rna22411	4333	4298	2144.12	110.05
rna22412	4054	4019	45.8753	2.51806
rna22413	678	643	0	0
rna22414	824	789	148	41.38
rna22415	913	878	0	0
rna22420	10154	10119	158.234	3.44959
rna22419	12922	12887	2645.86	45.2919
rna22418	13927	13892	367.27	5.83212
rna22417	13710	13675	999.976	16.1312
rna22416	12824	12789	343.72	5.9289
rna22421	97	62	0	0
rna22422	22	23	0	0
rna22423	2332	2297	48	4.60984
rna22424	4354	4319	795	40.6059
rna22425	3077	3042	3.88243e-007	2.81546e-008
rna22426	3092	3057	99.739	7.19739
rna22427	3074	3039	1.24501e-006	9.03749e-008
rna22430	597	562	8	3.14021
rna22428	2361	2326	56.3879	5.34788
rna22429	1866	1831	309.873	37.3337
rna22431	1317	1282	5.99998	1.03245
rna22432	1331	1296	1.61213e-005	2.74411e-006
rna22433	1002	967	1	0.228128
rna22434	1093	1058	2	0.417013
rna22435	125	90	0	0
rna22436	22	23	0	0
rna22437	1140	1105	8	1.5971
rna22438	107	72	0	0
rna22439	759	724	0	0
rna22440	4415	4380	81.0151	4.08035
rna22441	2707	2672	1	0.0825599
rna22442	2278	2243	1	0.0983505
rna22446	1695	1660	0	0
rna22447	1625	1590	0	0
rna22443	1847	1812	1.4602	0.17777
rna22444	1749	1714	0	0
rna22445	1664	1629	1.5398	0.208521
rna22448	1176	1141	10	1.93339
rna22449	2081	2046	0	0
rna22450	1361	1326	0	0
rna22451	1383	1348	0	0
rna22452	1174	1139	1	0.193679
rna22453	1471	1436	0	0
rna22454	3854	3819	0	0
rna22455	4006	3971	42.8585	2.38091
rna22456	3984	3949	487.112	27.2112
rna22457	4206	4171	548.029	28.9847
rna22458	4049	4014	1.38909e-006	7.63414e-008
rna22459	4033	3998	0.000155335	8.57101e-006
rna22460	4002	3967	1112.87	61.8856
rna22461	4407	4372	94.43	4.7647
rna22462	3578	3543	218.337	13.5945
rna22464	1437	1402	0	0
rna22463	1403	1368	3	0.483772
rna22465	2556	2521	2	0.17501
rna22467	4137	4102	667.603	35.9028
rna22466	4468	4433	231.506	11.5205
rna22469	3291	3256	0	0
rna22468	3551	3516	0	0
rna22470	3276	3241	4.24876	0.289194
rna22471	3856	3821	90.2598	5.21103
rna22472	3939	3904	0	0
rna22473	3936	3901	0	0
rna22474	3856	3821	0	0
rna22475	3729	3694	526.987	31.4708
rna22477	2276	2241	567.753	55.8886
rna22476	2311	2276	6.39081e-006	6.19426e-007
rna22478	672	637	13.9762	4.84011
rna22479	690	655	103.024	34.6978
rna22483	3261	3226	114.884	7.85601
rna22484	3264	3229	13.5892	0.928389
rna22482	2927	2892	1023.66	78.0841
rna22481	3162	3127	137.21	9.67975
rna22480	3166	3131	358.658	25.2698
rna22485	1032	997	428	94.7009
rna22486	629	594	579.007	215.032
rna22487	788	753	27.9929	8.20083
rna22488	129	94	0	0
rna22489	2482	2447	579	52.1976
rna22490	1337	1302	8.90369	1.50857
rna22491	1342	1307	0.0963105	0.0162556
rna22492	5435	5400	1538.85	62.8649
rna22493	2754	2719	298.855	24.247
rna22494	570	535	0	0
rna22495	11971	11936	389.913	7.20634
rna22496	11356	11321	179.167	3.49123
rna22497	11327	11292	676.041	13.2071
rna22498	11323	11288	1027.29	20.0762
rna22512	6105	6070	3028.16	110.051
rna22510	6078	6043	822.285	30.0176
rna22511	6114	6079	526.334	19.1001
rna22509	6723	6688	1906.6	62.8882
rna22507	6685	6650	43.0931	1.42953
rna22508	6766	6731	6.02638e-007	1.97507e-008
rna22506	6730	6695	89.3796	2.94505
rna22502	6907	6872	89.5095	2.87337
rna22503	6967	6932	0	0
rna22504	6964	6929	0	0
rna22505	7003	6968	0	0
rna22501	7001	6966	19.6563	0.622479
rna22500	8071	8036	320.772	8.80567
rna22499	6862	6827	315.927	10.2085
rna22513	4251	4216	0	0
rna22514	4609	4574	0	0
rna22516	4495	4460	0	0
rna22515	5424	5389	23	0.941511
rna22517	4033	3998	0	0
rna22518	2084	2049	1	0.107662
rna22519	5519	5484	4.874	0.196062
rna22520	5536	5501	0.126005	0.00505301
rna22521	1195	1160	1	0.190172
rna22522	2521	2486	0	0
rna22523	2358	2323	7	0.664744
rna22524	434	399	4.16267	2.30147
rna22525	225	190	4.83733	5.6164
rna22526	1683	1648	10	1.33859
rna22527	13338	13303	52.065	0.863379
rna22528	1320	1285	2	0.343346
rna22529	5883	5848	2	0.0754446
rna22530	893	858	136	34.9669
rna22531	1920	1885	253	29.6084
rna22532	8078	8043	0.0145028	0.000397778
rna22533	7886	7851	1086.08	30.5171
rna22538	1548	1513	0	0
rna22534	10151	10116	717.387	15.6441
rna22535	9561	9526	496.756	11.5037
rna22536	9561	9526	449.004	10.3979
rna22537	7242	7207	2477.41	75.8313
rna22539	1507	1472	239	35.8175
rna22540	1934	1899	43.3232	5.0327
rna22541	1671	1636	330.677	44.5888
rna22542	3836	3801	5	0.290187
rna22543	2427	2392	52	4.79565
rna22544	937	902	3	0.733703
rna22545	3303	3268	12	0.810037
rna22546	6849	6814	15.0268	0.486486
rna22547	578	543	0	0
rna22548	8454	8419	58.0436	1.5209
rna22549	8325	8290	1033.27	27.4958
rna22550	1002	967	0	0
rna22551	3663	3628	3	0.182415
rna22552	469	434	0	0
rna22553	322	287	0	0
rna22554	369	334	0	0
rna22555	304	269	0	0
rna22564	10179	10144	3603.36	78.3618
rna22565	10371	10336	2047.66	43.703
rna22560	13187	13152	109.329	1.83379
rna22561	13232	13197	61.6761	1.03097
rna22562	13505	13470	115.344	1.88901
rna22563	14716	14681	552.84	8.3071
rna22558	11880	11845	140.366	2.61416
rna22559	12540	12505	1.79025e-006	3.15818e-008
rna22557	12478	12443	129.988	2.30453
rna22556	12442	12407	3.75579e-006	6.67791e-008
rna22566	2275	2240	16	1.57571
rna22567	11561	11526	51606.5	987.715
rna22568	11573	11538	19606.5	374.865
rna22569	2764	2729	874.44	70.6858
rna22570	2590	2555	2693.68	232.574
rna22571	1079	1044	19.1629	4.04918
rna22572	1392	1357	7.26515	1.18106
rna22573	1389	1354	14.7348	2.40067
rna22574	2155	2120	90	9.3651
rna22575	5402	5367	70.4621	2.89621
rna22576	5233	5198	70	2.97076
rna22577	1108	1073	391	80.3864
rna22578	969	934	60	14.1713
rna22579	3592	3557	165	10.2331
rna22580	643	608	2.30796	0.837396
rna22582	632	597	0	0
rna22581	674	639	0	0
rna22583	453	418	5.69204	3.00398
rna22584	2758	2723	860	69.6717
rna22585	4519	4484	1942	95.5409
rna22586	3751	3716	7	0.415554
rna22587	3902	3867	0	0
rna22588	6661	6626	2654.02	88.3604
rna22589	3890	3855	88.9843	5.09207
rna22590	3834	3799	36.6984	2.131
rna22591	4023	3988	63.3016	3.50159
rna22592	764	729	103	31.1685
rna22593	2067	2032	104	11.2906
rna22594	2073	2038	2.00641e-005	2.17181e-006
rna22595	544	509	0	0
rna22596	3110	3075	0	0
rna22597	8043	8008	221.177	6.09285
rna22598	831	796	487	134.965
rna22599	2279	2244	0	0
rna22602	1918	1883	11.1219	1.30297
rna22600	2254	2219	0	0
rna22601	2134	2099	59.9151	6.29694
rna22603	2201	2166	115.52	11.7653
rna22604	2126	2091	76.443	8.06472
rna22605	1703	1668	355	46.9503
rna22606	1569	1534	86.9841	12.5089
rna22607	1512	1477	404.016	60.3425
rna22608	4055	4020	596	32.7059
rna22609	1414	1379	389	62.2287
rna22610	3198	3163	212.277	14.805
rna22611	2841	2806	226.294	17.7906
rna22612	2586	2551	1.42944	0.123612
rna22613	2575	2540	0	0
rna22614	616	581	179	67.9646
rna22615	1172	1137	18	3.49235
rna22616	1575	1540	1307.74	187.329
rna22617	871	836	1285.19	339.13
rna22626	5379	5344	49.3658	2.03782
rna22625	5403	5368	703.44	28.9081
rna22622	5681	5646	306.296	11.9676
rna22623	5708	5673	169.284	6.58278
rna22624	5735	5700	0	0
rna22621	6743	6708	82.8045	2.72312
rna22620	6014	5979	169.812	6.26533
rna22618	6085	6050	82.3393	3.00232
rna22619	6104	6069	2.02939	0.0737655
rna22627	3315	3280	75.8038	5.09827
rna22628	3466	3431	196.098	12.6083
rna22629	3268	3233	64.7272	4.41659
rna22630	102	67	0	0
rna22631	22	23	0	0
rna22632	73	38	1	5.80526
rna22634	2786	2751	429.618	34.4507
rna22633	2843	2808	487.203	38.2753
rna22635	2139	2104	8.17853	0.857502
rna22636	3920	3885	161.147	9.15033
rna22637	3917	3882	85.853	4.87872
rna22638	4233	4198	361.553	18.9992
rna22639	4163	4128	25.4469	1.35988
rna22640	1361	1326	552	91.8335
rna22641	1302	1267	0	0
rna22642	2289	2254	631	61.7563
rna22643	1123	1088	139	28.1833
rna22644	1534	1499	185	27.2255
rna22645	1202	1167	321	60.6792
rna22646	2250	2215	231	23.0061
rna22647	1770	1735	0	0
rna22648	1549	1514	155.639	22.6777
rna22649	1675	1640	0	0
rna22650	1550	1515	71.3606	10.3909
rna22651	1354	1319	153	25.5889
rna22652	2195	2160	8	0.817037
rna22653	3656	3621	51	3.10704
rna22654	1284	1249	316	55.8123
rna22655	6349	6314	846.074	29.5603
rna22656	6412	6377	138.102	4.77738
rna22658	6361	6326	299.991	10.4613
rna22659	6376	6341	0	0
rna22657	6400	6365	39.8335	1.38056
rna22660	1820	1785	0	0
rna22661	2191	2156	0	0
rna22662	2079	2044	0	0
rna22663	1967	1932	0	0
rna22664	1997	1962	13	1.46167
rna22665	1457	1422	12.1645	1.88713
rna22666	1667	1632	286.835	38.772
rna22667	928	893	622	153.654
rna22668	2082	2047	506.03	54.5336
rna22669	2121	2086	349.76	36.988
rna22670	572	537	26.2106	10.7674
rna22671	836	801	434	119.526
rna22674	1734	1699	478.889	62.1795
rna22673	1955	1920	241.111	27.7027
rna22672	2002	1967	0	0
rna22675	4023	3988	423	23.3987
rna22676	1170	1135	23	4.47031
rna22677	1937	1902	6	0.695899
rna22678	1403	1368	126	20.3184
rna22679	1295	1260	208	36.4165
rna22680	1552	1517	429.658	62.4803
rna22681	1595	1560	0	0
rna22682	1715	1680	238.342	31.2966
rna22683	704	669	44.5305	14.6838
rna22684	791	756	24.4695	7.14018
rna22685	1411	1376	115	18.4368
rna22686	1323	1288	775	132.737
rna22687	2722	2687	355.894	29.2186
rna22688	2118	2083	225.106	23.8398
rna22689	7692	7657	564.622	16.2669
rna22697	8162	8127	51.006	1.38451
rna22698	8311	8276	2.45058e-008	6.53212e-010
rna22694	7630	7595	55.4098	1.6094
rna22695	7787	7752	0	0
rna22696	7846	7811	0	0
rna22693	7664	7629	0.283556	0.00819931
rna22692	7881	7846	0	0
rna22690	7023	6988	62.679	1.97868
rna22691	7258	7223	0	0
rna22704	5643	5608	0	0
rna22705	5527	5492	0	0
rna22703	6556	6521	548.415	18.5524
rna22700	8244	8209	88.1179	2.36799
rna22701	7824	7789	1.39169e-005	3.94153e-007
rna22702	7725	7690	1.03118e-006	2.9581e-008
rna22699	6633	6598	10.8171	0.361663
rna22706	7727	7692	122.869	3.52378
rna22707	5095	5060	0	0
rna22708	7760	7725	0	0
rna22709	7403	7368	1440.78	43.1374
rna22710	2568	2533	8	0.696723
rna22711	1909	1874	0	0
rna22712	5240	5205	0	0
rna22713	5106	5071	2408.62	104.78
rna22714	5217	5182	339.563	14.4553
rna22715	486	451	5	2.44568
rna22716	2806	2771	232.715	18.5265
rna22717	2087	2052	46.2845	4.97581
rna22718	1993	1958	87.4398	9.85149
rna22719	1765	1730	54.8308	6.99172
rna22720	1942	1907	51.7294	5.98401
rna22721	1410	1375	117.947	18.923
rna22722	1419	1384	0.0531435	0.00847071
rna22723	905	870	3829	970.894
rna22724	3373	3338	103	6.80701
rna22725	2318	2283	565	54.5944
rna22726	4756	4721	2.4322e-006	1.1365e-007
rna22727	4721	4686	893.52	42.0637
rna22728	4801	4766	0.0250217	0.00115816
rna22729	4759	4724	42.3634	1.97827
rna22730	4660	4625	372.089	17.7476
rna22731	1551	1516	0.00283013	0.000411825
rna22732	2293	2258	38.7378	3.78457
rna22733	2691	2656	231.816	19.254
rna22734	2596	2561	498.407	42.9319
rna22735	3080	3045	239.691	17.3648
rna22736	3198	3163	413.33	28.8273
rna22737	3128	3093	68.2014	4.86429
rna22738	2634	2599	273.816	23.2411
rna22739	1105	1070	550	113.393
rna22740	3849	3814	828	47.8912
rna22741	1688	1653	0	0
rna22742	1667	1632	79	10.6786
rna22743	2452	2417	121	11.0437
rna22744	2222	2187	0	0
rna22749	2245	2210	0	0
rna22750	2261	2226	0	0
rna22748	1714	1679	1	0.131388
rna22746	1808	1773	0	0
rna22747	2061	2026	2	0.217769
rna22745	1630	1595	0	0
rna22751	2126	2091	22.9511	2.42134
rna22752	2127	2092	13.0489	1.37599
rna22753	683	648	6	2.04259
rna22754	6192	6157	692.617	24.8159
rna22755	5646	5611	224.423	8.82334
rna22756	5083	5048	600.938	26.2613
rna22757	4544	4509	102.763	5.02762
rna22758	4682	4647	0	0
rna22759	3989	3954	0.00122829	6.85282e-005
rna22760	4004	3969	4.25784	0.236654
rna22761	2911	2876	387.89	29.7526
rna22762	2790	2755	30.1103	2.41101
rna22763	1279	1244	552	97.8868
rna22764	2971	2936	436.099	32.7668
rna22765	3027	2992	66.4864	4.90204
rna22766	2243	2208	0.0744703	0.00744029
rna22767	2222	2187	541.581	54.6286
rna22768	2695	2660	33.387	2.76886
rna22769	4765	4730	499.127	23.2785
rna22770	4406	4371	0	0
rna22771	4414	4379	37.1887	1.87345
rna22772	4413	4378	0	0
rna22773	4395	4360	76.2535	3.85815
rna22774	3243	3208	34.4305	2.36764
rna22775	981	946	13.3239	3.10704
rna22776	910	875	10.6761	2.69159
rna22777	4314	4279	87.7287	4.52278
rna22778	5509	5474	2106.54	84.8929
rna22779	8008	7973	1578.54	43.6757
rna22780	4113	4078	608.295	32.9058
rna22782	3447	3412	39.3012	2.54099
rna22783	3565	3530	4.5951e-006	2.87161e-007
rna22781	3583	3548	55.0312	3.42161
rna22784	3937	3902	76.4431	4.32172
rna22785	2935	2900	34.2742	2.60721
rna22788	2052	2017	0.00129846	0.000142013
rna22786	2631	2596	130.718	11.108
rna22787	2643	2608	0.563523	0.0476661
rna22789	2309	2274	0	0
rna22790	2064	2029	65.366	7.10682
rna22791	2299	2264	7.29036	0.710359
rna22792	3265	3230	3.34369	0.228364
rna22793	1949	1914	2	0.230512
rna22794	6443	6408	1559.52	53.6876
rna22795	6254	6219	435.481	15.4474
rna22796	3871	3836	101.375	5.82986
rna22797	3674	3639	293.154	17.7713
rna22798	4441	4406	68.8529	3.44734
rna22799	4313	4278	623.556	32.1544
rna22800	3556	3521	6891.38	431.763
rna22801	4211	4176	1262.36	66.6852
rna22802	2704	2669	332.832	27.5095
rna22803	2904	2869	55.168	4.24192
rna22806	2746	2711	59.9673	4.87967
rna22804	2899	2864	131.033	10.0928
rna22805	2917	2882	0	0
rna22807	2625	2590	60.9412	5.19059
rna22808	2540	2505	540.878	47.6319
rna22809	2120	2085	2661.18	281.562
rna22810	1911	1876	108	12.6998
rna22811	1924	1889	0	0
rna22812	1825	1790	1	0.12324
rna22813	1915	1880	0	0
rna22814	1477	1442	361	55.2265
rna22815	1319	1284	188.127	32.3215
rna22816	1443	1408	67.8731	10.6341
rna22817	2231	2196	342	34.3557
rna22826	2630	2595	83.294	7.08079
rna22825	1215	1180	173.817	32.495
rna22824	1742	1707	95.188	12.3014
rna22819	1565	1530	0	0
rna22820	1677	1642	23.1823	3.1145
rna22821	1773	1738	1.56132e-006	1.98174e-007
rna22822	1771	1736	132.257	16.8064
rna22823	1801	1766	5.68965e-006	7.10723e-007
rna22818	1696	1661	15.2613	2.02688
rna22827	1050	1015	41	8.91094
rna22828	9356	9321	2754.54	65.1917
rna22832	3969	3934	0	0
rna22833	4000	3965	0	0
rna22834	4047	4012	0	0
rna22835	4060	4025	0	0
rna22830	3803	3768	7.10892e-006	4.16196e-007
rna22831	3881	3846	0	0
rna22829	3744	3709	305.46	18.1678
rna22836	3678	3643	70.8361	4.28945
rna22837	3318	3283	411.164	27.628
rna22839	2294	2259	288.377	28.1611
rna22838	2726	2691	241.623	19.8075
rna22840	1316	1281	218	37.5416
rna22841	2829	2794	31.2986	2.47118
rna22842	2807	2772	0	0
rna22843	2742	2707	0	0
rna22844	2756	2721	65.4225	5.30401
rna22845	2691	2656	1320.28	109.659
rna22846	1161	1126	11624	2277.31
rna22847	904	869	295	74.8872
rna22848	1234	1199	406	74.6986
rna22849	1091	1056	858	179.238
rna22850	1106	1071	215	44.2848
rna22852	1006	971	238	54.0709
rna22851	901	866	0	0
rna22853	1646	1611	396	54.2257
rna22854	2172	2137	300.721	31.043
rna22855	2240	2205	97.2794	9.73236
rna22857	1655	1620	6.07153e-006	8.26777e-007
rna22856	1760	1725	582	74.4285
rna22858	1282	1247	18.6119	3.29254
rna22859	1215	1180	582.234	108.848
rna22860	1280	1245	19.1538	3.39385
rna22886	3580	3545	54.9857	3.42168
rna22871	3071	3036	4.1785e-005	3.03616e-006
rna22872	3080	3045	1.2671e-006	9.1797e-008
rna22873	3142	3107	15.47	1.09838
rna22874	3537	3502	202.535	12.7582
rna22875	3181	3146	8.28512e-005	5.80959e-006
rna22876	3190	3155	2.83855e-006	1.98474e-007
rna22877	3252	3217	19.3739	1.32853
rna22878	3258	3223	0.0017876	0.000122353
rna22879	3267	3232	6.6378e-005	4.53063e-006
rna22880	3368	3333	0.000205577	1.36065e-005
rna22881	3377	3342	8.50879e-006	5.61652e-007
rna22882	3439	3404	23.7366	1.53828
rna22883	3541	3506	0.0034987	0.000220141
rna22884	3550	3515	0.000169418	1.06326e-005
rna22885	3612	3577	206.707	12.748
rna22868	3134	3099	0.861188	0.0613031
rna22869	3321	3286	18.9941	1.27513
rna22870	3604	3569	17.492	1.08118
rna22867	3261	3226	22.477	1.53702
rna22865	2854	2819	7.5578e-006	5.91434e-007
rna22866	2916	2881	294.228	22.5292
rna22863	2805	2770	12.3682	0.984989
rna22864	2814	2779	193.694	15.3756
rna22861	2825	2790	15.7189	1.24286
rna22862	2834	2799	241.353	19.0219
rna22887	839	804	210	57.6194
rna22888	1099	1064	270.6	56.1037
rna22889	1169	1134	32.4	6.30286
rna22893	3467	3432	632.881	40.68
rna22892	3492	3457	222.119	14.174
rna22891	3523	3488	4.20147e-008	2.65724e-009
rna22890	3549	3514	1.24096e-008	7.79044e-010
rna22894	807	772	269.561	77.0273
rna22895	4167	4132	71.0114	3.79117
rna22897	1581	1546	0	0
rna22896	2026	1991	27.776	3.07754
rna22898	4538	4503	729.224	35.7244
rna22899	821	786	192.999	54.1674
rna22900	829	794	0.00123472	0.000343047
rna22901	1826	1791	38	4.68052
rna22902	563	528	104	43.4515
rna22907	13344	13309	0	0
rna22903	14055	14020	1.63921e-008	2.57924e-010
rna22904	13872	13837	769.095	12.2615
rna22905	13863	13828	1851.23	29.5329
rna22906	14058	14023	123.196	1.93803
rna22908	13616	13581	389.137	6.32086
rna22909	13555	13520	91.1019	1.48647
rna22911	87	52	0	0
rna22912	23	24	0	0
rna22913	22	23	0	0
rna22910	13599	13564	7166.23	116.549
rna22914	1654	1619	437.796	59.6528
rna22915	1416	1381	297	47.4426
rna22916	2473	2438	61.6093	5.57466
rna22917	2334	2299	238.391	22.8747
rna22918	5905	5870	373.885	14.051
rna22919	1240	1205	1.1145	0.204033
rna22920	3371	3336	0	0
rna22921	2938	2903	0	0
rna22922	2725	2690	10	0.820075
rna22923	2910	2875	0	0
rna22924	3139	3104	0	0
rna22925	2992	2957	0	0
rna22926	4371	4336	0	0
rna22927	4467	4432	0	0
rna22928	4359	4324	0	0
rna22929	4456	4421	0	0
rna22930	73	38	0	0
rna22931	83	48	0	0
rna22932	2051	2016	541	59.1987
rna22933	548	513	0	0
rna22935	424	389	599	339.69
rna22934	532	497	0	0
rna22936	3085	3050	321	23.2173
rna22937	1075	1040	479	101.603
rna22938	10089	10054	690.941	15.1603
rna22939	5830	5795	12.0588	0.459045
rna22940	3060	3025	9.82186	0.716265
rna22941	3440	3405	0	0
rna22942	2324	2289	12.1781	1.17366
rna22943	923	888	8	1.98739
rna22944	1554	1519	13583	1972.62
rna22945	1271	1236	16.8969	3.01574
rna22946	1081	1046	30.5852	6.45038
rna22947	1044	1009	9.44847e-005	2.06574e-005
rna22949	6092	6057	441.518	16.0804
rna22948	6024	5989	0.000162429	5.98296e-006
rna22950	1677	1642	520.832	69.9729
rna22951	2728	2693	53.1759	4.35597
rna22954	4495	4460	18.5878	0.919386
rna22955	4600	4565	0	0
rna22956	4461	4426	0	0
rna22957	4346	4311	108.677	5.56115
rna22958	4350	4315	0	0
rna22959	4471	4436	49.0618	2.43982
rna22960	4328	4293	0	0
rna22961	4320	4285	0	0
rna22962	3680	3645	0	0
rna22963	3557	3522	0	0
rna22964	4352	4317	0	0
rna22965	4371	4336	0	0
rna22966	4266	4231	0	0
rna22952	5827	5792	78.323	2.98309
rna22953	5712	5677	251.616	9.77744
rna22967	2821	2786	306.526	24.2712
rna22968	1302	1267	55.7121	9.70015
rna22969	666	631	208	72.7176
rna22970	487	452	1146	559.309
rna22971	242	207	0	0
rna22972	384	349	39.8273	25.1745
rna22973	494	459	4.17273	2.00546
rna22974	1898	1863	12.6103	1.4932
rna22975	4883	4848	47.8547	2.17755
rna22976	2201	2166	0.00327156	0.000333198
rna22977	2186	2151	11.9967	1.23035
rna22978	9695	9660	0	0
rna22979	4771	4736	0	0
rna22980	4667	4632	2.00519	0.0954978
rna22981	3765	3730	18	1.06456
rna22992	16402	16367	1034.89	13.9486
rna22982	16537	16502	0.000637857	8.52692e-006
rna22983	16576	16541	485.375	6.47323
rna22984	16639	16604	1074.1	14.2705
rna22985	16663	16628	1.33869e-005	1.77601e-007
rna22986	16264	16229	0	0
rna22987	16432	16397	0	0
rna22988	16645	16610	56.5147	0.75058
rna22989	16663	16628	0.0346015	0.000459051
rna22990	16651	16616	93.483	1.24111
rna22991	16675	16640	1.13996e-006	1.51127e-008
rna22993	15102	15067	0	0
rna22994	1811	1776	338.66	42.0655
rna22995	2331	2296	12.9081	1.24021
rna22996	1830	1795	55.0285	6.76284
rna22997	3255	3220	221.462	15.1722
rna22998	3090	3055	57.5376	4.15476
rna23001	2162	2127	0	0
rna23000	2031	1996	0	0
rna22999	2172	2137	0	0
rna23003	3753	3718	0	0
rna23002	3591	3556	8	0.496288
rna23004	1084	1049	1	0.210296
rna23005	9730	9695	17.0027	0.38688
rna23006	3483	3448	177.879	11.3806
rna23007	3342	3307	51.9591	3.46603
rna23008	3435	3400	0	0
rna23009	3390	3355	0	0
rna23010	3393	3358	0.0366812	0.00240973
rna23011	3486	3451	0	0
rna23012	7288	7253	2590.92	78.8029
rna23013	7339	7304	93.7574	2.83172
rna23014	2567	2532	0	0
rna23016	2555	2520	0	0
rna23015	2169	2134	1	0.103374
rna23017	3307	3272	290	19.552
rna23018	6344	6309	11.5944	0.40541
rna23019	5888	5853	66.4056	2.50283
rna23020	8305	8270	974.276	25.9886
rna23021	1519	1484	59.3412	8.82121
rna23022	1365	1330	0	0
rna23023	306	271	0	0
rna23024	1750	1715	33	4.24478
rna23025	6485	6450	778	26.6088
rna23027	1640	1605	50.3892	6.92578
rna23026	1923	1888	165.611	19.3505
rna23028	1888	1853	0.000232278	2.76527e-005
rna23029	577	542	121	49.2484
rna23035	4451	4416	0	0
rna23034	4306	4271	540.594	27.9221
rna23032	5405	5370	0	0
rna23033	5273	5238	683.076	28.768
rna23030	5293	5258	0	0
rna23031	5430	5395	0	0
rna23036	3852	3817	7.38133	0.426597
rna23037	3841	3806	54.9037	3.18228
rna23038	3612	3577	239.045	14.7423
rna23040	1234	1199	153.952	28.3252
rna23039	1237	1202	8.04758	1.47695
rna23042	4881	4846	828.616	37.7204
rna23041	4954	4919	67.3836	3.02192
rna23043	891	856	936	241.217
rna23044	2541	2506	4337	381.781
rna23050	3534	3499	31.5034	1.98618
rna23051	3719	3684	742.251	44.4464
rna23045	4288	4253	116.474	6.04144
rna23046	4312	4277	0	0
rna23047	4303	4268	2.36019e-005	1.21991e-006
rna23048	4306	4271	56.4058	2.9134
rna23049	4330	4295	0	0
rna23052	4100	4065	477.366	25.9058
rna23053	1762	1727	278.899	35.6254
rna23055	1657	1622	68.0766	9.25876
rna23054	1677	1642	72.0248	9.67642
rna23056	1815	1780	474	58.7441
rna23057	1012	977	158	35.6753
rna23058	2429	2394	1457	134.258
rna23060	1302	1267	36	6.26804
rna23059	1300	1265	0	0
rna23061	691	656	319.868	107.565
rna23062	830	795	10.1321	2.81151
rna23063	1597	1562	185	26.1274
rna23064	10373	10338	0.513441	0.0109562
rna23065	10363	10328	265.857	5.67855
rna23066	10143	10108	0	0
rna23067	9839	9804	21.0028	0.472585
rna23068	10202	10167	38.2889	0.830779
rna23069	10139	10104	0	0
rna23070	9834	9799	38.3638	0.863666
rna23071	9799	9764	1080.25	24.4062
rna23072	9799	9764	154.728	3.4958
rna23073	2905	2870	764.9	58.7934
rna23076	1478	1443	0	0
rna23074	1477	1442	0	0
rna23075	1315	1280	7.09998	1.22364
rna23079	3516	3481	0	0
rna23078	2917	2882	8.58933	0.657462
rna23077	2929	2894	6.41099	0.488689
rna23080	11878	11843	0.0733482	0.00136626
rna23081	11845	11810	0.00528152	9.8654e-005
rna23082	11814	11779	44.121	0.826309
rna23083	11781	11746	3.23446	0.060746
rna23084	12497	12462	0.0155652	0.000275533
rna23085	12383	12348	157.031	2.8054
rna23086	12200	12165	48.8045	0.885021
rna23087	12464	12429	0.000490419	8.70436e-006
rna23088	10903	10868	0.750251	0.0152287
rna23089	12434	12399	1066.57	18.9762
rna23090	10840	10805	719.556	14.6908
rna23091	114	79	0	0
rna23092	21	22	0	0
rna23093	3594	3559	3	0.185951
rna23094	3285	3250	3.43134	0.232909
rna23095	3480	3445	0	0
rna23096	3302	3267	1.77998	0.120191
rna23097	5005	4970	550.853	24.4503
rna23103	3530	3495	135.062	8.52495
rna23102	3718	3683	39.1809	2.34681
rna23101	5230	5195	42.7824	1.81671
rna23100	5403	5368	0	0
rna23099	5282	5247	4.91034	0.206446
rna23098	5264	5229	0	0
rna23104	3338	3303	0	0
rna23105	1424	1389	21.9132	3.48023
rna23106	895	860	1.82439	0.467978
rna23107	1247	1212	13.2624	2.41394
rna23108	1449	1414	377	58.8163
rna23109	1584	1549	0	0
rna23110	3234	3199	609	41.9961
rna23111	1502	1467	151.599	22.7966
rna23112	1194	1159	33.4015	6.35752
rna23113	863	828	320.469	85.3809
rna23115	2694	2659	28.0482	2.32698
rna23114	2360	2325	144.289	13.6903
rna23116	2042	2007	569.273	62.5719
rna23117	2075	2040	1099.92	118.943
rna23118	4011	3976	397	22.0267
rna23119	2764	2729	479	38.7202
rna23120	2815	2780	1.52618e-007	1.21107e-008
rna23121	1086	1051	563	118.171
rna23122	1497	1462	21.1884	3.1971
rna23123	1428	1393	574.812	91.0291
rna23124	2887	2852	259	20.0335
rna23125	6115	6080	398	14.4406
rna23126	73	38	1	5.80526
rna23127	3935	3900	33.0215	1.86783
rna23131	6597	6562	1011.5	34.0046
rna23130	7685	7650	124.338	3.5855
rna23129	6747	6712	0	0
rna23128	8063	8028	94.4313	2.59486
rna23132	1933	1898	16	1.85964
rna23133	1154	1119	5	0.985702
rna23134	1476	1441	0	0
rna23136	2365	2330	29.5686	2.7995
rna23135	2399	2364	0	0
rna23137	9120	9085	0	0
rna23138	8969	8934	23.3992	0.577778
rna23139	8950	8915	289.171	7.15548
rna23140	8579	8544	494.456	12.7665
rna23141	10408	10373	74.9643	1.59425
rna23142	10150	10115	41.2964	0.900641
rna23143	9382	9347	53.2886	1.25767
rna23144	8582	8547	0.125377	0.00323602
rna23145	3338	3303	115	7.6806
rna23146	9209	9174	34	0.817572
rna23147	8801	8766	1405.28	35.3643
rna23148	1773	1738	0	0
rna23149	1806	1771	0	0
rna23150	1517	1482	4.22578e-008	6.2902e-009
rna23151	1493	1458	10	1.51303
rna23152	8232	8197	1624.6	43.7216
rna23153	939	904	99	24.1586
rna23154	1759	1724	129	16.5066
rna23155	2826	2791	601.321	47.5283
rna23156	2793	2758	133.679	10.6924
rna23157	915	880	90.4687	22.6789
rna23158	1179	1144	222.563	42.9173
rna23159	978	943	14.9683	3.50159
rna23160	4916	4881	2.7565e-006	1.24582e-007
rna23161	4841	4806	241.341	11.0778
rna23162	75	40	5	27.575
rna23163	24	25	0	0
rna23165	2107	2072	45.0435	4.79565
rna23164	2061	2026	70.9565	7.72607
rna23166	1946	1911	5883.4	679.162
rna23167	2066	2031	597.132	64.8583
rna23168	1386	1351	3024.47	493.854
rna23174	2606	2571	245.388	21.055
rna23173	2232	2197	41.7252	4.18961
rna23172	2766	2731	56.8528	4.59236
rna23171	3053	3018	94.4778	6.90583
rna23170	2525	2490	0.116431	0.0103151
rna23169	2255	2220	73.8548	7.3389
rna23175	2321	2286	3	0.289501
rna23176	110	75	1	2.94133
rna23177	23	24	0	0
rna23180	4165	4130	528.189	28.2127
rna23179	4314	4279	31.8227	1.64059
rna23178	4254	4219	139.989	7.31962
rna23181	1197	1162	786	149.218
rna23184	2106	2071	164.662	17.5395
rna23183	3724	3689	23.9445	1.43187
rna23182	3934	3899	135.89	7.68846
rna23186	971	936	0	0
rna23185	2482	2447	12.8719	1.16041
rna23187	83	48	0	0
rna23188	2119	2084	18	1.90537
rna23189	1918	1883	573	67.129
rna23191	1658	1623	22.5791	3.06897
rna23190	1602	1567	71.4209	10.0545
rna23193	2149	2114	129.952	13.5608
rna23194	2242	2207	0.22698	0.0226878
rna23192	2191	2156	299.821	30.6774
rna23195	583	548	0	0
rna23196	565	530	0	0
rna23197	852	817	0	0
rna23198	983	948	3	0.698101
rna23199	190	155	0	0
rna23200	1932	1897	0	0
rna23201	1469	1434	0	0
rna23202	2168	2133	0	0
rna23203	1831	1796	0	0
rna23204	2066	2031	0	0
rna23205	2232	2197	0	0
rna23206	2215	2180	0	0
rna23207	2162	2127	0	0
rna23208	2036	2001	1	0.110245
rna23209	1252	1217	0	0
rna23210	1957	1922	0	0
rna23211	1517	1482	28.6548	4.26536
rna23212	1176	1141	183.833	35.5422
rna23213	1216	1181	0	0
rna23214	1043	1008	376.105	82.3104
rna23215	1613	1578	14.7269	2.05877
rna23216	1559	1524	16.2731	2.35555
rna23217	1225	1190	14	2.59529
rna23219	517	482	11	5.03444
rna23218	848	813	0	0
rna23220	6539	6504	0	0
rna23221	6280	6245	2548.72	90.0317
rna23222	6456	6421	474.278	16.2943
rna23223	80	45	0	0
rna23224	22	23	0	0
rna23225	74	39	0	0
rna23226	366	331	0	0
rna23227	74	39	0	0
rna23228	1709	1674	0	0
rna23229	1674	1639	0	0
rna23230	1092	1057	0	0
rna23231	1337	1302	0	0
rna23232	1633	1598	0	0
rna23233	1155	1120	0	0
rna23234	1321	1286	0	0
gene10068	809	774	0	0
rna23235	1095	1060	0	0
rna23236	611	576	0	0
rna23237	1428	1393	0	0
rna23238	1382	1347	0	0
gene10073	5835	5800	103	3.91755
rna23239	1278	1243	12.8975	2.28897
rna23240	1076	1041	7.31809	1.55079
rna23241	994	959	13.7844	3.17084
rna23243	1185	1150	2.19235e-005	4.20549e-006
rna23242	1171	1136	42	8.15598
rna23245	582	547	4	1.61316
rna23244	665	630	0	0
rna23246	1247	1212	154	28.03
rna23247	2111	2076	0.00251892	0.000267666
rna23248	2090	2055	412.997	44.3344
rna23249	1566	1531	1127	162.388
rna23250	755	720	0	0
rna23251	755	720	0	0
rna23252	717	682	4	1.29384
rna23254	587	552	0	0
rna23253	594	559	0	0
rna23255	1352	1317	1	0.167502
rna23256	1566	1531	0	0
rna23257	1659	1624	0	0
rna23259	1536	1501	0	0
rna23258	1590	1555	0	0
rna23261	1334	1299	0	0
rna23260	1368	1333	20	3.30983
rna23262	2792	2757	5.24458	0.419643
rna23267	1746	1711	0	0
rna23266	1913	1878	0	0
rna23265	1952	1917	0	0
rna23263	1673	1638	11.81	1.59053
rna23264	1873	1838	9.19	1.103
rna23268	1049	1014	0	0
rna23269	5280	5245	256	10.7671
rna23270	388	353	264	164.981
rna23272	2536	2501	2	0.176409
rna23271	2771	2736	0	0
rna23273	777	742	0	0
rna23274	1419	1384	3.72613	0.593919
rna23275	2883	2848	68.2739	5.28835
rna23276	1896	1861	116	13.7505
rna23277	1760	1725	40	5.11536
rna23278	1256	1221	0	0
rna23280	5095	5060	238.412	10.394
rna23279	5102	5067	46.5877	2.02827
rna23281	1746	1711	7	0.902513
rna23282	5796	5761	626.221	23.9792
rna23283	5877	5842	148.779	5.61807
rna23284	805	770	96	27.5034
rna23285	1197	1162	1	0.189845
rna23286	2514	2479	4	0.35595
rna23287	1261	1226	77.7365	13.9875
rna23288	1428	1393	1153.26	182.635
rna23289	6828	6793	270.303	8.778
rna23290	6727	6692	0	0
rna23291	6090	6055	1.7473e-006	6.36587e-008
rna23293	477	442	205	102.315
rna23292	5954	5919	192.697	7.18177
rna23295	2090	2055	72	7.72905
rna23294	1983	1948	0	0
rna23296	1020	985	14.9242	3.34243
rna23297	1042	1007	0	0
rna23298	756	721	109.076	33.3733
rna23299	1899	1864	66	7.81095
rna23302	2255	2220	0.000181683	1.80537e-005
rna23300	2512	2477	152.618	13.592
rna23301	2604	2569	0	0
rna23303	2711	2676	2285.35	188.396
rna23304	1153	1118	3.03442	0.598741
rna23305	1152	1117	0	0
rna23306	1010	975	10	2.26256
rna23307	2387	2352	2.97738	0.279257
rna23308	2207	2172	17.8466	1.81259
rna23309	2265	2230	175.485	17.3596
rna23310	2108	2073	239.691	25.507
rna23311	1769	1734	4316	549.083
rna23313	976	941	76.5855	17.9541
rna23312	965	930	2.41452	0.572735
rna23314	3228	3193	0	0
rna23315	3093	3058	331.639	23.924
rna23316	3070	3035	1949.36	141.69
rna23317	658	623	0	0
rna23318	903	868	201.586	51.2325
rna23319	898	863	64.552	16.5008
rna23320	628	593	9.25274	3.44208
rna23321	729	694	0	0
rna23322	638	603	734.61	268.748
rna23323	2689	2654	3061.96	254.51
rna23324	5699	5664	186.877	7.27846
rna23325	5715	5680	735.162	28.5522
rna23326	3767	3732	68.4577	4.04656
rna23327	3770	3735	4.31564e-007	2.54895e-008
rna23329	2730	2695	9.63791	0.788914
rna23328	3293	3258	112.904	7.64479
rna23330	2591	2556	0	0
rna23331	1015	980	134	30.1637
rna23332	1152	1117	0	0
rna23333	1941	1906	0	0
rna23334	1839	1804	0	0
rna23335	1742	1707	0	0
rna23336	1789	1754	0	0
rna23337	1450	1415	3	0.467703
rna23338	3097	3062	0	0
rna23339	2752	2717	0	0
rna23340	2674	2639	0	0
rna23343	4067	4032	0	0
rna23341	4259	4224	0	0
rna23342	4164	4129	19	1.01511
rna23344	2585	2550	468.046	40.4906
rna23345	1100	1065	713.954	147.886
rna23346	1966	1931	751	85.7953
rna23347	916	881	21.4016	5.3589
rna23348	1206	1171	117.598	22.1539
rna23349	2649	2614	559	47.175
rna23350	4644	4609	84.7751	4.05758
rna23351	4067	4032	23.0409	1.26062
rna23355	1976	1941	0	0
rna23354	1741	1706	25.3684	3.28034
rna23353	1643	1608	63.6756	8.7356
rna23352	1767	1732	4.43065e-007	5.6432e-008
rna23356	1690	1655	55.956	7.45855
rna23357	999	964	6.61072	1.51279
rna23358	1283	1248	5.80703	1.02647
rna23359	1520	1485	11.1349	1.65411
rna23364	2204	2169	35.5947	3.62019
rna23363	2218	2183	0	0
rna23362	2524	2489	80.2938	7.11643
rna23361	2493	2458	159.527	14.3172
rna23360	2237	2202	11.0322	1.10523
rna23365	1333	1298	268	45.5476
rna23366	1155	1120	11.3821	2.24187
rna23367	1076	1041	6.61791	1.40241
rna23368	4212	4177	8	0.422504
rna23369	2952	2917	3.02977	0.229128
rna23370	876	841	0	0
rna23376	6967	6932	176.635	5.62113
rna23375	6444	6409	226.639	7.801
rna23372	7279	7244	106.829	3.25325
rna23373	7400	7365	93.7177	2.80708
rna23374	7716	7681	24.307	0.698104
rna23371	7048	7013	67.8718	2.13497
rna23377	4681	4646	72.4352	3.43935
rna23379	656	621	12.5648	4.46344
rna23378	750	715	0	0
rna23381	3075	3040	685.324	49.7311
rna23380	3626	3591	192.274	11.8117
rna23382	3831	3796	43.1399	2.50702
rna23385	2477	2442	14.2004	1.28281
rna23384	2486	2451	110.13	9.91215
rna23383	3326	3291	2556.46	171.363
rna23386	3938	3903	0	0
rna23387	3878	3843	184.029	10.5639
rna23388	3857	3822	216.145	12.4756
rna23389	867	832	97.8255	25.9379
rna23390	7649	7614	0	0
rna23391	7572	7537	636	18.6151
rna23392	3452	3417	13	0.839274
rna23393	700	665	17	5.6394
rna23394	1577	1542	0.955195	0.136651
rna23395	1581	1546	0.0448054	0.00639332
rna23396	1650	1615	0	0
rna23397	1695	1660	0	0
rna23398	830	795	13	3.6073
rna23399	1681	1646	226	30.289
rna23400	8023	7988	18.6611	0.515353
rna23401	1216	1181	191.566	35.7828
rna23402	1203	1168	1022.43	193.107
rna23403	3833	3798	748	43.4462
rna23404	2142	2107	89	9.31818
rna23405	5484	5449	1176.68	47.6372
rna23416	4661	4626	86.7462	4.13667
rna23414	2868	2833	167.354	13.0315
rna23415	3473	3438	317.508	20.373
rna23413	2966	2931	85.462	6.43225
rna23412	3530	3495	0	0
rna23411	3870	3835	0	0
rna23410	3808	3773	0	0
rna23407	3135	3100	0	0
rna23408	3659	3624	0	0
rna23409	3953	3918	0	0
rna23406	2923	2888	0	0
rna23417	3928	3893	66.1853	3.75044
rna23418	1639	1604	0.0169692	0.00233379
rna23419	1570	1535	0	0
rna23420	1630	1595	13.051	1.80505
rna23421	1561	1526	0	0
rna23423	2511	2476	2.75518e-006	2.45474e-007
rna23422	3143	3108	444	31.5143
rna23424	2331	2296	719.118	69.093
rna23425	4173	4138	4038.88	215.316
rna23426	2590	2555	997.947	86.1633
rna23427	3117	3082	152.053	10.8835
rna23428	4599	4564	281.137	13.5887
rna23429	4675	4640	32.913	1.56478
rna23430	5144	5109	168.934	7.29434
rna23435	3981	3946	52.5005	2.93503
rna23434	3665	3630	0	0
rna23433	3845	3810	0	0
rna23431	4163	4128	0	0
rna23432	4239	4204	0	0
rna23440	4934	4899	574.529	25.8708
rna23439	5100	5065	27.6694	1.20511
rna23438	5276	5241	0	0
rna23437	5145	5110	0	0
rna23436	5694	5659	422.393	16.4658
rna23441	4795	4760	5.71888e-008	2.65039e-009
rna23442	4720	4685	8	0.376692
rna23443	2791	2756	1	0.0800436
rna23444	2862	2827	0	0
rna23445	5835	5800	88	3.34704
rna23446	4824	4789	10.0178	0.46146
rna23447	6840	6805	5	0.162087
rna23448	2994	2959	7	0.521866
rna23449	2395	2360	0	0
rna23450	5038	5003	0	0
rna23451	4866	4831	37.024	1.69064
rna23452	1607	1572	12.3567	1.73403
rna23453	1021	986	0	0
rna23454	1883	1848	3.82314	0.456377
rna23455	1351	1316	76	12.7398
rna23456	693	658	1	0.335258
rna23457	2962	2927	989.609	74.5842
rna23458	3808	3773	214.037	12.5144
rna23459	3796	3761	333.353	19.5527
rna23460	1314	1279	330	56.9179
rna23461	1744	1709	1.94263e-005	2.50758e-006
rna23462	1723	1688	42.6493	5.57372
rna23463	1607	1572	29.0389	4.07506
rna23465	4265	4230	738.304	38.5035
rna23464	5216	5181	73.6105	3.13424
rna23466	4074	4039	0	0
rna23467	546	511	2.07884	0.897442
rna23468	3432	3397	4.01719e-005	2.60875e-006
rna23469	3507	3472	385.271	24.4789
rna23471	1463	1428	10	1.54482
rna23470	1629	1594	15.7098	2.17414
rna23475	6950	6915	379.692	12.1128
rna23474	2319	2284	19.0464	1.83959
rna23473	2082	2047	72.0911	7.76907
rna23472	2084	2049	805.579	86.7305
rna23476	1995	1960	0	0
rna23479	3266	3231	104.529	7.13682
rna23478	3973	3938	22.2801	1.24809
rna23477	3677	3642	0	0
rna23480	5482	5447	8.04851	0.32596
rna23482	2628	2593	166.08	14.1293
rna23481	2582	2547	451.92	39.1415
rna23489	8410	8375	4812.77	126.77
rna23488	9501	9466	1722.95	40.1525
rna23487	9544	9509	1072.2	24.874
rna23486	9411	9376	880.746	20.7223
rna23485	9442	9407	205.29	4.81417
rna23484	9459	9424	0.00727679	0.000170337
rna23483	9489	9454	0.0338582	0.000790048
rna23490	749	714	0.00105935	0.000327301
rna23491	745	710	0.80634	0.250533
rna23492	1005	970	11.1926	2.54545
rna23493	2809	2774	41.2799	3.28275
rna23494	2795	2760	229.481	18.3419
rna23497	6607	6572	64.495	2.16488
rna23495	6598	6563	336.202	11.3006
rna23496	6604	6569	362.961	12.189
rna23498	1573	1538	13.1611	1.88774
rna23500	4801	4766	112.105	5.1889
rna23499	4792	4757	1090.02	50.5484
rna23507	4715	4680	77.5518	3.65554
rna23505	4532	4497	5.2689	0.258466
rna23506	4611	4576	0.35781	0.0172493
rna23504	4603	4568	3.00628	0.145181
rna23503	4110	4075	27.1484	1.46968
rna23502	4711	4676	352.401	16.6253
rna23501	4589	4554	578.6	28.0279
rna23508	135	100	0	0
rna23509	24	25	0	0
rna23510	905	870	32.4416	8.226
rna23513	6028	5993	141.274	5.20026
rna23511	5729	5694	451.812	17.5044
rna23512	5915	5880	3092.91	116.037
rna23518	1649	1614	0	0
rna23517	2000	1965	35.2189	3.95383
rna23516	1866	1831	1.8505	0.22295
rna23515	3210	3175	27.2128	1.89075
rna23514	2072	2037	0	0
rna23519	8781	8746	94.4038	2.38115
rna23521	4501	4466	12.9826	0.641279
rna23520	4157	4122	134.017	7.17231
rna23522	1160	1125	255	50.0027
rna23523	1096	1061	202	41.9993
rna23524	1070	1035	457.788	97.5731
rna23525	1037	1002	29.2118	6.43125
rna23527	1491	1456	104.6	15.848
rna23526	1435	1400	65.1276	10.2623
rna23528	1104	1069	78.2728	16.1525
rna23529	1718	1683	245	32.1135
rna23530	2482	2447	411	37.0522
rna23531	3843	3808	973	56.3666
rna23532	1085	1050	73	15.337
rna23533	1265	1230	0	0
rna23534	834	799	28	7.73067
rna23535	5179	5144	351	15.0526
rna23539	6011	5976	1436.19	53.0161
rna23536	6338	6303	0	0
rna23537	6942	6907	1016.39	32.4621
rna23538	7050	7015	0	0
rna23540	3110	3075	401	28.7677
rna23541	1037	1002	113.682	25.0282
rna23542	1042	1007	0.318175	0.0697014
rna23543	1045	1010	2.20893e-007	4.82465e-008
rna23544	6684	6649	104.255	3.45897
rna23545	6570	6535	964.413	32.5554
rna23546	689	654	0	0
rna23547	1011	976	163	36.842
rna23548	1267	1232	30.8991	5.53275
rna23549	2296	2261	121.459	11.8505
rna23550	2298	2263	219.541	21.4011
rna23551	92	57	3	11.6105
rna23552	22	23	0	0
rna23557	5061	5026	10.1273	0.444506
rna23555	4068	4033	34.8803	1.90791
rna23556	4079	4044	1.39812	0.0762676
rna23554	5719	5684	0	0
rna23553	5130	5095	57.5943	2.49368
rna23558	4678	4643	24.0369	1.14205
rna23559	1129	1094	2	0.403291
rna23560	912	877	4	1.00616
rna23561	6301	6266	920	32.3894
rna23562	4989	4954	49	2.18195
rna23563	2635	2600	0	0
rna23564	2617	2582	82.6674	7.06291
rna23565	2590	2555	13.3326	1.15115
rna23568	1794	1759	87.6514	10.9926
rna23567	1925	1890	0	0
rna23566	1947	1912	81.9642	9.45675
rna23569	4540	4505	88.3844	4.32799
rna23573	6177	6142	3181.34	114.263
rna23570	6832	6797	0	0
rna23571	6749	6714	30.0144	0.986174
rna23572	6808	6773	609.216	19.8425
rna23577	1242	1207	104	19.0078
rna23574	8027	7992	702.189	19.3823
rna23575	4490	4455	495.273	24.5246
rna23576	4416	4381	9.96387	0.501719
rna23580	683	648	20.3235	6.91877
rna23579	641	606	55.6765	20.2677
rna23578	789	754	0	0
rna23581	659	624	77.7368	27.482
rna23582	4421	4386	466.439	23.4602
rna23584	1058	1023	247	53.2632
rna23583	4369	4334	6839.91	348.151
rna23586	6131	6096	87.5	3.16642
rna23585	6131	6096	87.5	3.16642
rna23587	2957	2922	0.502483	0.0379356
rna23588	3853	3818	104.962	6.06458
rna23589	3793	3758	0	0
rna23590	3789	3754	47.6112	2.79783
rna23591	4160	4125	173.645	9.28633
rna23592	2974	2939	385.12	28.9069
rna23593	787	752	697.173	204.516
rna23595	1105	1070	86.5297	17.8397
rna23594	1113	1078	22.8004	4.66583
rna23596	651	616	260	93.1104
rna23597	8100	8065	2025.39	55.3999
rna23598	7951	7916	33.0069	0.919824
rna23599	7376	7341	1109.12	33.3296
rna23600	7376	7341	738.553	22.1938
rna23601	3163	3128	1752.86	123.619
rna23602	3304	3269	628	42.379
rna23604	1107	1072	393.29	80.9326
rna23603	1038	1003	32.0543	7.05003
rna23606	885	850	181.253	47.0404
rna23605	817	782	1.40314	0.395823
rna23607	9966	9931	141	3.13207
rna23608	2744	2709	102	8.30609
rna23609	5595	5560	825	32.7329
rna23611	5646	5611	63.8441	2.51007
rna23612	6155	6120	143.591	5.17583
rna23610	5699	5664	1514.97	59.0045
rna23614	5384	5349	693.503	28.601
rna23613	5955	5920	3172.61	118.223
rna23615	1409	1374	61.5391	9.88029
rna23616	1361	1326	1005.89	167.345
rna23617	1317	1282	9.4711	1.62974
rna23618	1269	1234	199.102	35.5932
rna23619	5534	5499	573	22.9867
rna23620	997	962	2	0.458628
rna23621	1024	989	248	55.3173
rna23623	4012	3977	0	0
rna23624	4000	3965	0	0
rna23625	3973	3938	563.276	31.5538
rna23622	5084	5049	5847.51	255.489
rna23626	4023	3988	5.61443	0.310568
rna23627	3453	3418	724.255	46.7439
rna23628	584	549	1	0.401822
rna23629	2273	2238	10	0.985702
rna23631	2566	2531	8.05121	0.701738
rna23630	2666	2631	22.9814	1.92691
rna23632	2692	2657	753.848	62.589
rna23633	4400	4365	426.214	21.5402
rna23634	88	53	0	0
rna23635	20	21	0	0
rna23638	1000	965	746.619	170.678
rna23637	1106	1071	0	0
rna23636	1105	1070	20.381	4.20191
rna23639	74	39	1.75	9.89872
rna23640	4739	4704	15	0.703444
rna23641	68	33	0	0
rna23642	22	23	0	0
rna23643	22	23	0	0
rna23644	807	772	47	13.4303
rna23645	823	788	0	0
rna23646	1636	1601	372.077	51.2681
rna23647	5144	5109	98.9229	4.27136
rna23648	1275	1240	5	0.889516
rna23650	1795	1760	20.8676	2.61556
rna23649	2082	2047	7.1324	0.768641
rna23651	1617	1582	12	1.67333
rna23653	405	370	86	51.2746
rna23652	475	440	0	0
rna23654	1010	975	1	0.226256
rna23655	4491	4456	0	0
rna23656	7178	7143	9.50161e-008	2.93442e-009
rna23657	7175	7140	1.56047e-007	4.8213e-009
rna23658	7120	7085	3.53964e-008	1.10211e-009
rna23659	7150	7115	1018.85	31.5893
rna23660	7093	7058	393.845	12.3097
rna23661	6641	6606	283.337	9.46173
rna23662	6043	6008	2123.97	77.9874
rna23663	1978	1943	1559	177.002
rna23664	971	936	5353	1261.62
rna23665	1169	1134	374.089	72.7726
rna23668	4644	4609	0	0
rna23667	5068	5033	8.75304	0.383652
rna23666	4493	4458	28.247	1.39777
rna23669	4856	4821	12	0.549098
rna23670	3669	3634	0	0
rna23671	979	944	42.2316	9.86895
rna23672	599	564	50.7684	19.8573
rna23673	1106	1071	4	0.823903
rna23674	2626	2591	5	0.425704
rna23675	6649	6614	0	0
rna23676	6411	6376	2664.8	92.1983
rna23677	2982	2947	165.442	12.3843
gene10273	2891	2856	1.55828	0.120363
gene10274	2141	2106	0	0
rna23678	1160	1125	14	2.74525
rna23679	479	444	1	0.496847
rna23681	546	511	0	0
rna23680	557	522	0	0
rna23682	3589	3554	5	0.310355
rna23683	1315	1280	1	0.172344
rna23684	3938	3903	0	0
rna23685	1361	1326	572	95.1608
rna23686	5073	5038	410	17.9528
rna23687	5153	5118	1.68054e-007	7.24358e-009
rna23688	668	633	209	72.8364
rna23689	1475	1440	362	55.4564
rna23690	3412	3377	129	8.42683
rna23691	1592	1557	1.25126	0.177282
rna23692	1609	1574	3.36989e-006	4.72299e-007
rna23693	2018	1983	4.74873	0.528276
rna23694	1793	1758	81.8192	10.267
rna23695	2183	2148	289	29.6804
rna23696	1528	1493	28.9317	4.27485
rna23697	2737	2702	114.002	9.3075
rna23698	2719	2684	262.066	21.5394
rna23699	1419	1384	351	55.947
rna23700	2162	2127	2443	253.374
rna23701	6878	6843	0	0
rna23703	6767	6732	2215.28	72.5921
rna23704	6634	6599	304.497	10.1791
rna23702	4493	4458	40.316	1.995
rna23705	6920	6885	0	0
rna23706	6726	6691	1203.49	39.6788
rna23707	6485	6450	0	0
rna23708	6122	6087	748.259	27.1178
rna23709	7566	7531	6572.97	192.537
rna23710	7023	6988	85.9211	2.71239
rna23711	7149	7114	246.335	7.63868
rna23717	4469	4434	21.4637	1.06786
rna23716	4271	4236	62.4213	3.25074
rna23715	6848	6813	0	0
rna23714	4313	4278	0	0
rna23713	4233	4198	0	0
rna23712	4709	4674	32.2403	1.52166
rna23718	7749	7714	63.3789	1.81247
rna23719	2452	2417	5.11208	0.466581
rna23720	7053	7018	5.94651e-006	1.86919e-007
rna23721	6974	6939	3.80733	0.12104
rna23722	3169	3134	32.1209	2.26096
rna23723	4375	4340	9	0.457466
rna23724	4250	4215	1877.16	98.2449
rna23725	4106	4071	306.611	16.6147
rna23726	3967	3932	108.512	6.08791
rna23727	3886	3851	0	0
rna23728	3671	3636	2092.88	126.977
rna23729	1209	1174	67.4281	12.6701
rna23730	2374	2339	0	0
rna23731	2285	2250	249.859	24.4973
rna23733	3031	2996	0	0
rna23732	3251	3216	149.242	10.2372
rna23734	4972	4937	307.619	13.7454
rna23736	3184	3149	1834.56	128.518
rna23735	4082	4047	8253.93	449.918
rna23737	797	762	222	64.2693
rna23738	2186	2151	8	0.820456
rna23739	1388	1353	282	45.9787
rna23740	865	830	30	7.9735
rna23743	4065	4030	686.311	37.5683
rna23742	4509	4474	135.689	6.69041
rna23741	4408	4373	8.74922e-008	4.41362e-009
rna23744	1564	1529	1039.82	150.023
rna23745	1361	1326	79.8224	13.2797
rna23746	1579	1544	443.207	63.3235
rna23747	2782	2747	227.068	18.2349
rna23750	5470	5435	0	0
rna23749	4679	4644	430.857	20.4666
rna23748	4668	4633	338.225	16.1046
rna23751	2363	2328	0	0
rna23753	1998	1963	0	0
rna23752	2234	2199	16.8027	1.68562
rna23755	1833	1798	0	0
rna23756	1746	1711	0.00629371	0.000811451
rna23754	1737	1702	3.19104	0.413598
rna23757	12036	12001	39	0.71689
rna23758	3077	3042	43.1393	3.12838
rna23759	2979	2944	0	0
rna23760	6213	6178	0	0
rna23761	6197	6162	0	0
rna23762	6146	6111	1.51191e-006	5.45782e-008
rna23763	6131	6096	736.808	26.6634
rna23766	2355	2320	8625.58	820.174
rna23765	2560	2525	73.4208	6.41451
rna23767	2586	2551	9	0.778283
rna23764	4137	4102	988.053	53.1362
rna23770	7708	7673	0.0396971	0.0011413
rna23769	7749	7714	410.835	11.7488
rna23768	8778	8743	0	0
rna23771	2927	2892	70.3658	5.36746
rna23772	8065	8030	39.872	1.09536
rna23773	8062	8027	40.4598	1.11193
rna23775	2686	2651	0	0
rna23776	2605	2570	379.783	32.5993
rna23774	2431	2396	35.726	3.2893
rna23777	1867	1832	119.757	14.4206
rna23778	1466	1431	187.378	28.8858
rna23779	1444	1409	225.024	35.2309
rna23780	2302	2267	107.442	10.4551
rna23781	830	795	6.55799	1.81974
rna23808	8311	8276	365.022	9.7298
rna23807	8126	8091	582.817	15.8904
rna23806	9307	9272	61.0923	1.45351
rna23805	8505	8470	0	0
rna23801	9538	9503	226.956	5.26849
rna23802	9592	9557	3.70498	0.0855205
rna23803	9811	9776	82.631	1.86461
rna23804	9596	9561	2.26027	0.052151
rna23799	9066	9031	4.57424	0.111735
rna23800	9120	9085	34.2545	0.83176
rna23795	8536	8501	487.527	12.6513
rna23796	8545	8510	300.404	7.7872
rna23797	8485	8450	69.5175	1.81486
rna23798	8494	8459	42.7366	1.11452
rna23792	8540	8505	286.432	7.4294
rna23793	8555	8520	0.155361	0.00402261
rna23794	8564	8529	0.0963141	0.00249114
rna23791	8532	8497	404.572	10.5036
rna23787	8570	8535	0.137706	0.00355921
rna23788	8594	8559	4.61218e-005	1.18874e-006
rna23789	8543	8508	5.86529e-006	1.52078e-007
rna23790	8666	8631	2.11185e-008	5.3977e-010
rna23784	8589	8554	4.35972e-005	1.12433e-006
rna23785	8604	8569	2.29587e-008	5.91049e-010
rna23786	8613	8578	1.43911e-008	3.70096e-010
rna23783	8432	8397	88.0041	2.31198
rna23782	8600	8565	0	0
rna23809	3103	3068	13.5167	0.971898
rna23810	3065	3030	14.7991	1.07745
rna23811	2654	2619	0	0
rna23815	3356	3321	0	0
rna23812	7155	7120	485.662	15.0473
rna23813	6316	6281	241.911	8.49636
rna23814	6057	6022	0	0
rna23816	3215	3180	92.427	6.41176
rna23817	381	346	51	32.5162
rna23818	3520	3485	1293.78	81.8962
rna23819	4111	4076	23	1.2448
rna23820	3984	3949	318	17.7642
rna23821	1388	1353	141	22.9894
rna23822	2238	2203	515	51.5701
rna23823	1728	1693	71.5863	9.32778
rna23824	1422	1387	958.414	152.434
rna23825	948	913	169	40.834
rna23826	1096	1061	793	164.878
gene10329	906	871	0	0
rna23827	6451	6416	2244.84	77.1838
rna23828	3148	3113	19.7998	1.4031
rna23829	4408	4373	1403.21	70.7861
rna23830	2937	2902	0	0
rna23831	2911	2876	451	34.5934
rna23834	1596	1561	4539.88	641.575
rna23833	1818	1783	635.305	78.6025
rna23832	2053	2018	298.093	32.5864
rna23835	478	443	320.037	159.368
rna23836	2682	2647	249.024	20.7536
rna23837	2716	2681	169.856	13.9762
rna23838	2311	2276	94.8005	9.18849
rna23839	954	919	0	0
rna23841	2852	2817	20.1622	1.57891
rna23840	767	732	19.1104	5.75923
rna23842	11565	11530	42.3315	0.809915
rna23843	2821	2786	2.97014	0.23518
rna23844	2437	2402	0	0
rna23846	1836	1801	5.86931	0.718918
rna23845	2037	2002	24.9202	2.74596
rna23847	1893	1858	0	0
rna23848	2052	2017	12.6841	1.38727
rna23849	1916	1881	490.316	57.5033
rna23850	4531	4496	13	0.637856
rna23851	4581	4546	6.00177	0.291243
rna23852	3684	3649	16.3982	0.991354
rna23853	3775	3740	0	0
rna23854	1252	1217	81.1518	14.71
rna23855	1258	1223	45.3059	8.1721
rna23856	552	517	29.3243	12.5125
rna23857	569	534	10.218	4.22114
rna23858	1846	1811	327.783	39.9276
rna23859	1404	1369	446.217	71.9032
rna23860	1201	1166	184	34.8117
rna23861	9173	9138	1011.32	24.4143
rna23873	11175	11140	233.426	4.62243
rna23863	8908	8873	0	0
rna23864	8848	8813	112.373	2.81283
rna23865	8893	8858	0	0
rna23866	8896	8861	0	0
rna23867	8971	8936	177.35	4.37818
rna23868	8755	8720	692.061	17.5079
rna23869	8830	8795	8.85416e-008	2.22084e-009
rna23870	8926	8891	1.38575e-007	3.43826e-009
rna23871	9001	8966	0	0
rna23872	11025	10990	0	0
rna23862	8939	8904	649.464	16.0907
rna23875	1751	1716	33.591	4.31829
rna23874	1916	1881	548.409	64.3164
rna23876	1576	1541	14	2.00415
rna23877	1069	1034	1	0.213346
rna23878	1962	1927	8	0.915828
rna23879	2750	2715	13	1.05628
rna23880	2140	2105	3.00993e-005	3.15436e-006
rna23896	6823	6788	0.0722632	0.00234845
rna23895	6983	6948	369.579	11.7342
rna23894	6795	6760	3516.22	114.745
rna23893	7176	7141	393.6	12.1591
rna23892	7508	7473	252.683	7.4591
rna23891	8164	8129	367.438	9.97133
rna23889	8217	8182	0	0
rna23890	8329	8294	135.852	3.61332
rna23888	7831	7796	202.708	5.73594
rna23887	7390	7355	1432.99	42.98
rna23886	7905	7870	0	0
rna23885	7964	7929	140.876	3.91943
rna23884	8055	8020	0	0
rna23882	8054	8019	33.6607	0.925994
rna23883	7832	7797	61.7841	1.74806
rna23881	8041	8006	11.5807	0.319099
rna23897	3925	3890	11	0.623805
rna23898	78	43	0	0
rna23899	20	21	0	0
rna23900	2497	2462	0.21227	0.0190199
rna23901	2491	2456	3.78773	0.340217
rna23902	1562	1527	2	0.288933
rna23912	14169	14134	674.047	10.5204
rna23913	14172	14137	524.609	8.18624
rna23910	14226	14191	267.342	4.15585
rna23911	14229	14194	4.52885	0.0703864
rna23908	14557	14522	0	0
rna23909	14560	14525	0	0
rna23906	14826	14791	0	0
rna23907	14829	14794	60.9126	0.908295
rna23904	15228	15193	0	0
rna23905	15231	15196	0	0
rna23903	15219	15184	18.3239	0.266217
rna23914	4199	4164	190.136	10.073
rna23915	4297	4262	0	0
rna23916	3825	3790	16.1421	0.939562
rna23917	3640	3605	47.1506	2.88528
rna23918	4224	4189	17.4091	0.916795
rna23919	3423	3388	52.158	3.39612
rna23920	6557	6522	32.8294	1.11042
rna23921	9474	9439	1941.22	45.3685
rna23924	2731	2696	17.4623	1.42885
rna23923	3095	3060	111.362	8.02824
rna23922	9794	9759	1.42241e-008	3.21534e-010
rna23925	9754	9719	2.04885e-006	4.65045e-008
rna23926	9787	9752	2.2806e-006	5.15896e-008
rna23927	9757	9722	1.5568e-006	3.5325e-008
rna23928	9750	9715	0.000248915	5.65215e-006
rna23929	9702	9667	0.175475	0.00400432
rna23930	9658	9623	3162.32	72.4937
rna23931	9654	9619	4715.44	108.143
rna23932	9770	9735	164.562	3.72907
rna23933	9855	9820	39.2738	0.882262
rna23934	9355	9320	43.3643	1.02641
rna23935	9476	9441	0.000711514	1.66254e-005
rna23936	9473	9438	0.00505533	0.000118161
rna23937	9465	9430	1.02551	0.0239902
rna23938	9386	9351	27588.8	650.848
rna23943	2484	2449	0	0
rna23942	2424	2389	35.8503	3.31041
rna23941	3612	3577	8.55306	0.527483
rna23940	2365	2330	305.042	28.8808
rna23939	3073	3038	390.555	28.3596
rna23944	4813	4778	4.69504	0.21677
rna23945	4824	4789	0.310588	0.0143069
rna23946	340	305	0	0
rna23947	4503	4468	499	24.6373
rna23948	2771	2736	325	26.2043
rna23949	825	790	3	0.837722
rna23950	567	532	0	0
rna23951	1322	1287	10	1.71406
rna23952	1476	1441	225	34.4448
rna23953	2647	2612	1383.07	116.809
rna23955	1808	1773	122.084	15.19
rna23954	1895	1860	67.8473	8.04684
rna23956	118	83	0	0
rna23957	23	24	0	0
rna23958	2832	2797	1997.53	157.546
rna23959	536	501	3	1.32096
rna23960	555	520	526.571	223.388
rna23961	569	534	114.429	47.2714
rna23962	622	587	2	0.751619
rna23963	3637	3602	15.111	0.925454
rna23964	3233	3198	0	0
rna23965	7628	7593	0.179052	0.00520201
rna23966	7613	7578	1.85021	0.0538606
rna23967	7593	7558	463.619	13.5319
rna23968	7606	7571	1523.35	44.3867
rna23969	1164	1129	0	0
rna23970	2290	2255	160.982	15.7484
rna23971	1209	1174	280	52.6133
rna23972	1024	989	4	0.892215
rna23973	621	586	0	0
rna23974	73	38	0	0
rna23975	2348	2313	1225.39	116.87
rna23976	4101	4066	370.858	20.1208
rna23977	4067	4032	562.055	30.7513
rna23978	5318	5283	67	2.79769
rna23979	1577	1542	2	0.286122
rna23980	853	818	0	0
rna23981	837	802	32.6016	8.96748
rna23982	714	679	26.3984	8.57656
rna23983	3489	3454	0.000133384	8.519e-006
rna23984	3750	3715	0	0
rna23985	3531	3496	161.671	10.2015
rna23986	3584	3549	141.492	8.79493
rna23987	3537	3502	228.154	14.372
rna23988	3845	3810	0	0
rna23989	1872	1837	15.6847	1.88353
rna23990	622	587	47	17.663
rna23991	2063	2028	1205	131.076
rna23993	1737	1702	0.00199527	0.000258611
rna23992	1773	1738	123.554	15.6824
rna23994	1767	1732	193.444	24.6385
rna23996	2468	2433	61.5189	5.57792
rna23995	2466	2431	162.481	14.7443
rna23997	1783	1748	32	4.03845
rna23998	3806	3771	3.02255	0.176816
rna23999	4394	4359	33.065	1.67335
rna24000	78	43	0	0
rna24001	22	23	0	0
rna24002	72	37	0	0
rna24005	5438	5403	424.497	17.3318
rna24004	5390	5355	0	0
rna24003	6003	5968	85.4071	3.15697
rna24006	1378	1343	4	0.657037
rna24007	1615	1580	14	1.95468
rna24008	1703	1668	4.11181	0.543805
rna24009	1622	1587	4.88819	0.67948
rna24010	1072	1037	36.7544	7.81874
rna24012	3466	3431	263	16.9099
rna24011	282	247	9.24557	8.25738
rna24013	2448	2413	143	13.0733
rna24014	1911	1876	64	7.5258
rna24015	379	344	7	4.48895
rna24016	4498	4463	356.675	17.63
rna24017	3907	3872	185.12	10.5469
rna24018	4428	4393	247.222	12.4146
rna24019	6168	6133	576.034	20.7196
rna24027	2866	2831	339.467	26.4523
rna24026	3261	3226	5570.57	380.926
rna24025	3304	3269	5565.51	375.574
rna24024	3368	3333	5182.55	343.016
rna24022	3017	2982	0	0
rna24023	3027	2992	370.581	27.3229
rna24021	3499	3464	1939.22	123.497
rna24020	3503	3468	962.098	61.1992
rna24028	1523	1488	334	49.5164
rna24029	6657	6622	801.835	26.7117
rna24030	6196	6161	759.498	27.1945
rna24031	6127	6092	363.667	13.1689
rna24032	3403	3368	5977	391.487
rna24034	5322	5287	5.9781e-006	2.49436e-007
rna24033	5471	5436	604.542	24.5331
rna24039	1878	1843	122.77	14.695
rna24038	1942	1907	322.235	37.2759
rna24037	1400	1365	68.8766	11.1313
rna24036	2144	2109	0	0
rna24035	1383	1348	11.6132	1.9005
rna24043	5224	5189	0.744164	0.0316367
rna24044	5258	5223	0.0632485	0.00267138
rna24045	5233	5198	1.27315	0.0540319
rna24046	5267	5232	503.268	21.2196
rna24042	8333	8298	216.223	5.74823
rna24041	8923	8888	96.4073	2.39283
rna24040	8683	8648	75.1615	1.91728
rna24047	3374	3339	36.4075	2.40536
rna24048	6991	6956	5.4519	0.1729
rna24049	592	557	0	0
rna24050	1700	1665	5	0.662463
rna24051	609	574	1	0.384321
rna24054	3733	3698	1	0.0596539
rna24053	4270	4235	0	0
rna24052	4557	4522	0	0
rna24055	1999	1964	0	0
rna24056	2006	1971	0	0
rna24058	894	859	1	0.25681
rna24057	1627	1592	63	8.72978
rna24066	7497	7462	4005.04	118.401
rna24060	9745	9710	0	0
rna24061	9757	9722	2073.58	47.0512
rna24062	9772	9737	0.00301496	6.83065e-005
rna24063	9721	9686	569.511	12.9707
rna24064	9778	9743	1.69698	0.0384228
rna24065	9793	9758	2.3641e-006	5.34454e-008
rna24059	9737	9702	0.00068633	1.56055e-005
rna24067	2691	2656	38	3.15618
rna24068	1246	1211	0	0
rna24069	74	39	0	0
rna24070	72	37	0	0
rna24071	5694	5659	11969.9	466.612
rna24074	2969	2934	23	1.72931
rna24075	3317	3282	0	0
rna24073	2206	2171	0	0
rna24072	1864	1829	0	0
rna24077	2629	2594	752.626	64.0051
rna24078	3147	3112	0	0
rna24076	740	705	0	0
rna24080	6165	6130	2.02111	0.0727336
rna24079	984	949	0	0
rna24081	6391	6356	0	0
rna24082	1146	1111	16.9869	3.37292
rna24083	1729	1694	0	0
rna24084	931	896	276.396	68.0501
rna24085	236	201	3.6043	3.95577
rna24086	1132	1097	580.991	116.834
rna24087	978	943	89.0086	20.8222
rna24088	817	782	8	2.25678
rna24089	898	863	366.362	93.6496
rna24090	944	909	15.7326	3.81807
rna24091	1090	1055	104.905	21.9356
rna24092	4340	4305	8.89504	0.455806
rna24093	4389	4354	16.3384	0.827802
rna24094	3690	3655	0	0
rna24095	3587	3552	90.7666	5.63714
rna24096	2296	2261	131	12.7813
rna24097	1394	1359	441	71.5855
rna24098	5074	5039	0	0
rna24099	5025	4990	47.8273	2.11437
rna24100	5022	4987	235.342	10.4104
rna24101	4929	4894	126.291	5.69262
rna24102	4971	4936	0	0
rna24103	4926	4891	128.986	5.81767
rna24104	5058	5023	0	0
rna24105	5064	5029	8.92952e-006	3.91699e-007
rna24106	5013	4978	444.52	19.6989
rna24107	4756	4721	816.035	38.1312
rna24108	2294	2259	220	21.4838
rna24112	2059	2024	201.191	21.9282
rna24111	2299	2264	372.516	36.2973
rna24110	2317	2282	637.293	61.6068
rna24109	2323	2288	1.48374e-007	1.43057e-008
rna24113	1097	1062	0	0
rna24114	3847	3812	76.8798	4.44903
rna24115	3841	3806	64.1121	3.71601
rna24116	3744	3709	86.4944	5.14442
rna24117	3789	3754	108.965	6.40322
rna24118	3692	3657	149.593	9.02386
rna24120	911	876	0	0
rna24119	3922	3887	54.0725	3.06879
rna24121	4464	4429	6.87196	0.342279
rna24122	1580	1545	9.12804	1.30333
rna24124	2942	2907	1888.31	143.296
rna24123	5206	5171	1098.35	46.8566
rna24125	5244	5209	7219.93	305.763
rna24126	1220	1185	100	18.616
rna24127	1624	1589	50	6.94147
rna24128	5382	5347	201.079	8.29588
rna24131	1362	1327	0	0
rna24130	1946	1911	43.9401	5.07232
rna24129	2784	2749	1.55631	0.12489
rna24132	4388	4353	5.06337	0.2566
rna24133	4402	4367	0.114158	0.00576671
rna24134	4541	4506	0	0
rna24135	5074	5039	0	0
rna24136	1367	1332	1041.74	172.529
rna24137	1691	1656	10284.3	1369.99
rna24138	6200	6165	419.16	14.9986
rna24139	6173	6138	43.7687	1.57305
rna24140	5792	5757	6.85714e-007	2.62756e-008
rna24141	5714	5679	6.80477	0.26433
rna24142	5819	5784	104.267	3.9767
rna24144	5209	5174	633.305	27.0018
rna24143	5569	5534	408.695	16.2917
rna24146	3187	3152	9.94814	0.696244
rna24145	3185	3150	21.0519	1.4743
rna24147	2821	2786	0	0
rna24148	1852	1817	721	87.5359
rna24149	100	65	18	61.0892
rna24150	20	21	0	0
rna24151	100	65	1	3.39385
rna24152	20	21	0	0
rna24153	1868	1833	2	0.240698
rna24154	2125	2090	15.944	1.6829
rna24155	1970	1935	18.056	2.05847
rna24156	810	775	1	0.284645
rna24157	1391	1356	5	0.813422
rna24158	953	918	144	34.6039
rna24159	2477	2442	408	36.857
rna24160	5023	4988	0	0
rna24161	5566	5531	2806.19	111.923
rna24162	1500	1465	0	0
rna24163	2904	2869	0	0
rna24164	2734	2699	3	0.245202
rna24167	7041	7006	469.18	14.7732
rna24166	7141	7106	98.151	3.04702
rna24165	7449	7414	196.485	5.84633
rna24169	2576	2541	0	0
rna24168	3006	2971	66.5122	4.9386
rna24170	2872	2837	11.4878	0.893272
rna24173	4116	4081	64.8185	3.50379
rna24172	3039	3004	31.6172	2.32182
rna24171	3045	3010	428.121	31.3766
rna24174	2397	2362	34.4434	3.21685
rna24176	1541	1506	4	0.585923
rna24175	1682	1647	0	0
rna24177	5894	5859	745.512	28.0696
rna24178	5051	5016	92.0498	4.04828
rna24179	4862	4827	333.252	15.23
rna24180	195	160	2	2.7575
rna24181	2145	2110	93	9.72313
rna24182	3615	3580	745	45.907
rna24183	1429	1394	153.044	24.2191
rna24184	2653	2618	105.785	8.91378
rna24185	3093	3058	62.4724	4.50667
rna24186	3100	3065	1.33388e-008	9.60044e-010
rna24187	2623	2588	132.742	11.3149
rna24188	1082	1047	40.5755	8.54914
rna24189	1258	1223	236.425	42.6454
rna24190	1933	1898	980	113.903
rna24191	9456	9421	0.0256774	0.000601256
rna24192	9388	9353	133.37	3.14567
rna24193	9477	9442	0.00185154	4.32588e-005
rna24200	1384	1349	29	4.74233
rna24194	10821	10786	400.377	8.18869
rna24195	9354	9319	52.8524	1.25113
rna24199	7367	7332	16.7322	0.503427
rna24196	9313	9278	24.4802	0.582057
rna24197	9160	9125	326.584	7.89529
rna24198	9130	9095	1331.58	32.2975
rna24201	100	65	0	0
rna24202	26	27	0	0
rna24208	1885	1850	125.876	15.0098
rna24207	2313	2278	0	0
rna24206	2124	2089	30.2754	3.19711
rna24205	2117	2082	20.82	2.20601
rna24204	1980	1945	0	0
rna24203	2065	2030	13.7163	1.49055
rna24209	1920	1885	23	2.69167
rna24210	874	839	9	2.36639
rna24217	5183	5148	257.108	11.0175
rna24218	5376	5341	263.367	10.8779
rna24212	5374	5339	301.047	12.4388
rna24213	5288	5253	70.8995	2.97743
rna24214	5358	5323	3.68361e-005	1.52659e-006
rna24215	5319	5284	1894.52	79.0937
rna24216	5389	5354	0.00106854	4.40268e-005
rna24211	5174	5139	96.0583	4.12346
rna24219	2509	2474	3	0.267502
rna24220	1684	1649	1	0.133778
rna24221	1883	1848	0	0
rna24222	2320	2285	0	0
rna24223	2282	2247	0	0
rna24224	2167	2132	2	0.206942
rna24226	2000	1965	0	0
rna24227	1790	1755	0	0
rna24225	1721	1686	5	0.654211
rna24228	4552	4517	973.098	47.5239
rna24229	4746	4711	135.281	6.33474
rna24230	3867	3832	4.20108e-005	2.41847e-006
rna24231	3864	3829	0.00010594	6.10351e-006
rna24232	3857	3822	303.972	17.5448
rna24234	1979	1944	0	0
rna24233	1946	1911	5	0.577185
rna24235	571	536	0	0
rna24236	4237	4202	448	23.5195
rna24237	1572	1537	0	0
rna24238	1529	1494	0	0
rna24239	1538	1503	0	0
rna24242	2913	2878	1732	132.759
rna24240	1456	1421	315.158	48.9261
rna24241	1576	1541	12.8417	1.83833
rna24243	1430	1395	146	23.0879
rna24244	4831	4796	1107.36	50.9351
rna24245	1584	1549	0	0
rna24246	1914	1879	9.25052	1.08604
rna24247	1500	1465	0	0
rna24248	1665	1630	248.385	33.6159
rna24249	1848	1813	0	0
rna24250	1716	1681	0	0
rna24252	1774	1739	14.2493	1.80759
rna24251	2027	1992	0	0
rna24253	1723	1688	173.639	22.6924
rna24254	1764	1729	213.111	27.1905
rna24255	1951	1916	5659	651.553
rna24256	1574	1539	0	0
rna24257	1613	1578	0	0
rna24258	1786	1751	0	0
rna24259	1543	1508	418.382	61.2036
rna24260	2114	2079	3.61814	0.383916
rna24261	3940	3905	156	8.8127
rna24262	3335	3300	0	0
rna24264	6202	6167	379.1	13.5608
rna24265	6226	6191	863.333	30.7626
rna24263	6120	6085	332.567	12.0566
rna24267	5311	5276	930.257	38.8959
rna24266	5363	5328	1513.74	62.6749
rna24268	2518	2483	1083	96.2182
rna24272	1719	1684	627.023	82.1385
rna24271	1895	1860	73.9773	8.77387
rna24270	1770	1735	0	0
rna24269	1898	1863	0	0
rna24273	1119	1084	1	0.203506
rna24274	3969	3934	225.15	12.6254
rna24275	4914	4879	201.383	9.10538
rna24276	2607	2572	2	0.17154
rna24277	2095	2060	14.4347	1.54577
rna24278	2654	2619	9	0.758076
rna24288	4520	4485	1139.61	56.0533
rna24286	4347	4312	332.209	16.9957
rna24287	4476	4441	576.078	28.6158
rna24284	4345	4310	118.646	6.07267
rna24285	4543	4508	0	0
rna24282	4663	4628	521.26	24.8466
rna24283	4940	4905	25.4615	1.14512
rna24281	4964	4929	22.3339	0.999566
rna24280	4661	4626	76.3985	3.64321
rna24279	4686	4651	0	0
rna24289	82	47	0	0
rna24290	658	623	1532	542.471
rna24295	4194	4159	0	0
rna24293	4156	4121	0	0
rna24294	4165	4130	0	0
rna24292	4256	4221	16.3446	0.85421
rna24291	4341	4306	0	0
rna24296	4510	4475	40.6554	2.00415
rna24297	3971	3936	0	0
rna24298	558	523	3	1.26539
rna24299	2254	2219	346.133	34.4106
rna24300	2172	2137	50.278	5.19014
rna24301	2251	2216	551.741	54.9251
rna24302	2034	1999	25.3706	2.79977
rna24303	1514	1479	205.477	30.648
rna24304	915	880	15.6944	3.9343
rna24305	375	340	1	0.648824
rna24309	1972	1937	60.0628	6.84041
rna24308	1843	1808	398.893	48.6703
rna24307	1857	1822	0.0441133	0.00534105
rna24306	1976	1941	0	0
rna24311	810	775	0	0
rna24310	897	862	0	0
rna24312	764	729	20.4615	6.19178
rna24313	781	746	42.1524	12.4649
rna24314	515	480	41.3861	19.0204
rna24317	4760	4725	15.783	0.736876
rna24316	5082	5047	101.271	4.42647
rna24315	3980	3945	4.82013	0.269536
rna24318	600	565	2	0.780885
rna24319	1719	1684	46	6.02589
rna24320	2029	1994	1	0.110632
rna24321	2718	2683	3	0.246664
rna24322	1050	1015	21	4.56414
rna24323	466	431	8	4.09466
rna24325	2197	2162	0.00607488	0.000619852
rna24324	2180	2145	67.9939	6.99276
rna24326	136	101	0	0
rna24327	22	23	0	0
rna24329	2715	2680	128.916	10.6115
rna24328	2751	2716	433.084	35.1761
rna24331	2158	2123	69.033	7.1732
rna24330	2310	2275	384.888	37.3215
rna24332	1107	1072	0	0
rna24333	1236	1201	39.535	7.26181
rna24334	1080	1045	75.5437	15.9473
rna24335	882	847	244	63.5495
rna24336	1486	1451	703	106.879
rna24337	9392	9357	732.193	17.2621
rna24338	593	558	0	0
rna24339	1525	1490	15.3208	2.2683
rna24340	1285	1250	123.215	21.745
rna24341	1395	1360	59.4642	9.64545
rna24342	1794	1759	60	7.52473
rna24343	1793	1758	253.28	31.7825
rna24344	3300	3265	420.424	28.406
rna24345	3209	3174	204.295	14.199
rna24346	2185	2150	135	13.8516
rna24347	1248	1213	0	0
rna24348	1037	1002	0	0
rna24350	2689	2654	744.595	61.8906
rna24349	1748	1713	546.659	70.3987
rna24351	1512	1477	178.449	26.6527
rna24354	1108	1073	0	0
rna24353	1147	1112	0	0
rna24352	1059	1024	10.2968	2.21823
rna24355	719	684	1329	428.622
rna24357	490	455	1	0.484835
rna24356	503	468	0	0
rna24358	2667	2632	6.49788	0.544617
rna24359	2375	2340	0	0
rna24360	2828	2793	182.563	14.4194
rna24361	2688	2653	0	0
rna24362	2186	2151	78.9386	8.09571
rna24368	1429	1394	0	0
rna24367	1419	1384	396.822	63.2507
rna24365	1910	1875	97.6187	11.4852
rna24366	1976	1941	22.8897	2.60147
rna24363	1934	1899	110.852	12.8773
rna24364	2000	1965	25.8178	2.89842
rna24369	5797	5762	21.5794	0.826174
rna24370	4857	4822	490.845	22.4555
rna24371	5030	4995	302.665	13.3669
rna24372	5000	4965	119.909	5.32769
rna24373	1637	1602	348	47.9206
rna24374	743	708	87.8503	27.3726
rna24375	733	698	225.976	71.4187
rna24376	835	800	6.50272	1.79313
rna24377	824	789	69.6713	19.4797
rna24378	1113	1078	0	0
rna24379	2295	2260	8.18028	0.798483
rna24380	642	607	2206	801.72
rna24381	1058	1023	7.98472	1.72183
rna24382	1194	1159	110.877	21.104
rna24383	1094	1059	29.4139	6.12721
rna24384	1230	1195	296.759	54.7825
rna24385	1043	1008	33.6108	7.35569
rna24386	1233	1198	50.7414	9.34353
rna24387	1269	1234	138.613	24.7796
rna24388	1671	1636	297.912	40.1708
rna24389	1807	1772	39.0882	4.86618
rna24390	2467	2432	1019	92.4307
rna24391	1676	1641	138	18.5514
rna24392	4332	4297	24.9421	1.28048
rna24393	4183	4148	731.746	38.9159
rna24394	3822	3787	0	0
rna24395	3801	3766	39.3435	2.30462
rna24396	3819	3784	0	0
rna24402	3473	3438	20.8445	1.3375
rna24401	3808	3773	0.000165503	9.67664e-006
rna24400	3807	3772	324.369	18.9702
rna24399	3381	3346	20.1192	1.32645
rna24397	3794	3759	0	0
rna24398	3818	3783	222.665	12.9844
rna24404	3359	3324	26.9366	1.78767
rna24403	3727	3692	38.5795	2.30516
rna24405	3771	3736	0	0
rna24406	3797	3762	9.6324e-008	5.64835e-009
rna24407	3727	3692	218.617	13.0626
rna24408	3747	3712	331.679	19.7113
rna24409	3744	3709	116.676	6.93954
rna24410	3948	3913	0	0
rna24411	3924	3889	117.778	6.68083
rna24412	4003	3968	50.6021	2.81321
rna24413	309	274	163.102	131.315
rna24414	2062	2027	74	8.05348
rna24415	1000	965	490	112.015
rna24417	835	800	426.318	117.557
rna24416	907	872	2.74416	0.694221
rna24418	774	739	7.93828	2.36967
rna24419	1140	1105	308	61.4885
rna24420	600	565	676	263.939
rna24421	8673	8638	872.504	22.2823
rna24422	8530	8495	422.042	10.9597
rna24423	3253	3218	30.0153	2.05761
rna24425	1247	1212	0	0
rna24424	7621	7586	598.084	17.3922
rna24426	1607	1572	376	52.7644
rna24428	6344	6309	0	0
rna24429	6191	6156	0	0
rna24430	5661	5626	167.355	6.56214
rna24427	4751	4716	30.6489	1.43366
rna24431	5539	5504	318.509	12.7658
rna24432	5887	5852	1.0433e-008	3.93286e-010
rna24434	1758	1723	3	0.384098
rna24433	2150	2115	0	0
rna24435	4141	4106	0	0
rna24436	4055	4020	33.2857	1.82657
rna24441	5331	5296	6.36578	0.265161
rna24438	5571	5536	0	0
rna24439	5577	5542	0	0
rna24440	5767	5732	0	0
rna24437	4594	4559	51.0905	2.47216
rna24443	91	56	1	3.93929
rna24444	22	23	0	0
rna24442	4066	4031	39.7364	2.17461
rna24445	2764	2729	2	0.161671
rna24446	1341	1306	117	19.7628
rna24447	3452	3417	21.83	1.40934
rna24448	4088	4053	62.6969	3.41252
rna24449	3722	3687	316.473	18.9352
rna24450	3722	3687	408	24.4114
rna24451	2336	2301	7185	688.836
rna24452	766	731	263.221	79.4344
rna24453	1260	1225	76.7791	13.8265
rna24454	887	852	185	47.9002
rna24455	2458	2423	1.99384e-006	1.81528e-007
rna24456	2536	2501	226.59	19.9863
rna24457	2677	2642	30.8284	2.57409
rna24458	2671	2636	170.544	14.2724
rna24459	2812	2777	26.0376	2.06838
rna24460	2260	2225	0	0
rna24461	2492	2457	1	0.0897843
rna24462	2038	2003	539.695	59.4392
rna24463	2162	2127	96.3055	9.98824
rna24464	1184	1149	303	58.1739
rna24465	2957	2922	440	33.2184
rna24466	1335	1300	182	30.884
rna24468	2119	2084	197.017	20.855
rna24467	2135	2100	184.983	19.4321
rna24469	2985	2950	948.437	70.9238
rna24470	2982	2947	589.563	44.1322
rna24471	2195	2160	304	31.0474
rna24472	4395	4360	0	0
rna24474	2651	2616	0	0
rna24475	2693	2658	60.13	4.99047
rna24473	2893	2858	42.87	3.309
rna24476	1668	1633	206	27.8283
rna24477	8694	8659	624	15.8973
rna24482	1568	1533	0	0
rna24481	1560	1525	19.2572	2.78567
rna24480	1820	1785	136.985	16.9293
rna24479	2104	2069	172.758	18.4197
rna24478	2108	2073	0	0
rna24483	2828	2793	0	0
rna24485	2165	2130	2.70497	0.280148
rna24484	2169	2134	0.295032	0.0304987
rna24489	2000	1965	5.71338	0.641411
rna24490	2030	1995	9.67175e-008	1.06947e-008
rna24488	2881	2846	10.8843	0.843671
rna24487	1477	1442	17.6059	2.69338
rna24486	1811	1776	10.6347	1.32096
rna24491	2078	2043	48.1617	5.20043
rna24492	2556	2521	72.2867	6.32545
rna24497	2393	2358	1174.12	109.843
rna24496	2459	2424	34.6245	3.15106
rna24495	3367	3332	3.40692	0.22556
rna24493	2408	2373	309.282	28.7516
rna24494	2444	2409	66.8295	6.1198
rna24498	1548	1513	969.559	141.365
rna24499	1680	1645	6	0.80462
rna24500	1909	1874	562	66.1565
rna24501	1782	1747	4.42416	0.558655
rna24502	2041	2006	0	0
rna24503	884	849	0	0
rna24504	991	956	2	0.461506
rna24505	2873	2838	1	0.0777308
rna24506	2568	2533	13.0598	1.13739
rna24507	2466	2431	26.4373	2.39904
rna24508	2218	2183	0	0
rna24509	2503	2468	230.503	20.6033
rna24510	7198	7163	13115	403.904
rna24511	3071	3036	173.576	12.6123
rna24512	1604	1569	4.00319	0.562845
rna24513	1435	1400	0	0
rna24514	3906	3871	80.8358	4.60666
rna24515	3769	3734	255.164	15.0748
rna24516	6215	6180	121.16	4.32491
rna24517	6197	6162	186.663	6.68255
rna24518	4701	4666	188.866	8.92924
rna24519	73	38	0	0
rna24520	1949	1914	10.9601	1.26322
rna24521	1939	1904	0	0
rna24522	1889	1854	97.0399	11.5464
rna24523	4906	4871	1356	61.4111
rna24524	2189	2154	91.0359	9.32337
rna24525	2183	2148	103.964	10.6771
rna24527	704	669	94.1223	31.0365
rna24526	843	808	34.8777	9.5223
rna24528	3552	3517	0	0
rna24529	3553	3518	0	0
rna24530	3487	3452	0	0
rna24531	3458	3423	0	0
rna24532	3397	3362	0	0
rna24533	3478	3443	76.5569	4.90516
rna24534	1331	1296	47.623	8.1062
rna24535	2183	2148	262	26.9075
rna24536	1717	1682	206	27.0176
rna24537	2198	2163	1019	103.926
rna24538	2403	2368	770	71.7323
rna24540	1335	1300	11.961	2.02969
rna24539	1312	1277	427.039	73.7704
rna24541	1265	1230	0	0
rna24542	1489	1454	6.72127	1.01975
rna24543	1276	1241	5.64973	1.0043
rna24544	654	619	9.629	3.4316
rna24550	1799	1764	0	0
rna24549	1876	1841	0	0
rna24548	1802	1767	0	0
rna24547	1914	1879	16.1299	1.8937
rna24546	1858	1823	0	0
rna24545	2019	1984	5.87011	0.652695
rna24551	1269	1234	0	0
rna24552	1634	1599	0	0
rna24558	815	780	0	0
rna24554	1262	1227	0	0
rna24555	1048	1013	0	0
rna24556	1238	1203	0	0
rna24557	1024	989	1	0.223054
rna24553	778	743	0	0
rna24559	1477	1442	0	0
rna24560	1164	1129	0	0
rna24561	2445	2410	429	39.2686
rna24562	4011	3976	0	0
rna24563	3350	3315	30.7937	2.0492
rna24564	2960	2925	15.159	1.14327
rna24565	3925	3890	0	0
rna24566	811	776	2	0.568557
rna24567	1749	1714	2	0.25741
rna24568	640	605	0	0
rna24569	5414	5379	69	2.82978
rna24570	5321	5286	0	0
rna24571	5840	5805	0	0
rna24572	3516	3481	0	0
rna24573	4070	4035	0	0
rna24574	4070	4035	69.569	3.80345
rna24575	4002	3967	0.000371531	2.06604e-005
rna24576	3954	3919	651.431	36.669
rna24577	2508	2473	4.00402	0.357172
rna24579	3406	3371	2	0.130881
rna24578	2469	2434	0	0
rna24580	4400	4365	241.708	12.2155
rna24581	11263	11228	84.9347	1.66874
rna24582	9372	9337	0	0
rna24583	12668	12633	0.014375	0.00025102
rna24584	12563	12528	274.436	4.83242
rna24585	354	319	69.5449	48.0928
rna24586	2874	2839	41.0832	3.19231
rna24587	3756	3721	59.3626	3.51932
rna24588	3199	3164	695	48.4567
rna24589	3728	3693	0	0
rna24590	3747	3712	0	0
rna24591	3493	3458	14	0.893118
rna24592	3740	3705	0	0
rna24593	3815	3780	0	0
rna24594	2380	2345	235.754	22.178
rna24595	598	563	4	1.56732
rna24596	1393	1358	335.666	54.5272
rna24597	596	561	66.3338	26.0842
rna24600	7834	7799	40.6571	1.15001
rna24598	8089	8054	0	0
rna24599	8496	8461	38.3429	0.999698
rna24602	1352	1317	6.70335	1.12282
rna24601	1350	1315	0	0
rna24604	1805	1770	21.5691	2.68822
rna24603	1697	1662	3.56795	0.47358
rna24605	3508	3473	626.407	39.7885
rna24606	3180	3145	4012.75	281.467
rna24607	1557	1522	0	0
rna24609	3653	3618	5.69764	0.347402
rna24608	3018	2983	32.3024	2.38884
rna24610	5042	5007	7.14616e-008	3.14848e-009
rna24611	4966	4931	5	0.223687
rna24612	3177	3142	0	0
rna24613	3327	3292	3.48692	0.233662
rna24614	3308	3273	1.82141	0.122763
rna24615	3236	3201	7.90275e-008	5.44626e-009
rna24616	3391	3356	327.692	21.5402
rna24617	1672	1637	1658.85	223.545
rna24618	1690	1655	2041.15	272.071
rna24619	1812	1777	0	0
rna24620	1760	1725	134	17.1365
rna24621	1857	1822	0	0
rna24623	1194	1159	13.421	2.5545
rna24622	2025	1990	148.472	16.4587
rna24624	3073	3038	110.826	8.04747
rna24625	3048	3013	133.384	9.76584
rna24626	3051	3016	41.1783	3.01192
rna24627	2046	2011	22.0446	2.41822
rna24628	2071	2036	412.059	44.6465
rna24629	2813	2778	190.941	15.1625
rna24630	809	774	15.1216	4.30987
rna24634	776	741	55.8978	16.6411
rna24632	995	960	7.44566	1.71095
rna24633	1126	1091	16.7889	3.39471
rna24631	1380	1345	41.5583	6.81618
rna24635	813	778	48.1878	13.6635
rna24637	2068	2033	114.151	12.3864
rna24636	2013	1978	61.0599	6.80982
rna24638	2500	2465	169.645	15.1821
rna24639	2484	2449	0	0
rna24640	2201	2166	237.144	24.1524
rna24641	1497	1462	288	43.4561
rna24642	1547	1512	0	0
rna24643	1690	1655	161	21.4602
rna24644	3013	2978	78	5.77797
rna24645	1108	1073	3	0.616776
rna24646	2251	2216	438	43.6024
rna24647	3501	3466	0	0
rna24648	3609	3574	84.159	5.19459
rna24649	3608	3573	117.12	7.23107
rna24650	1939	1904	93.7213	10.8587
rna24652	1587	1552	132.538	18.8389
rna24651	1795	1760	8.46154	1.06058
rna24653	2310	2275	179.996	17.4537
rna24654	2264	2229	0.00410811	0.000406572
rna24655	1684	1649	594.964	79.5932
rna24656	1792	1757	4.3497e-005	5.46126e-006
rna24657	1714	1679	19.0355	2.50103
rna24660	5922	5887	1.32705	0.0497278
rna24659	5929	5894	0.326121	0.012206
rna24658	5885	5850	2273.35	85.7266
rna24661	2351	2316	546.917	52.0941
rna24662	2380	2345	0.000226701	2.13263e-005
rna24665	1260	1225	12.7754	2.30062
rna24664	1157	1122	12.1519	2.38923
rna24663	1102	1067	0	0
rna24666	404	369	46.1552	27.5931
rna24667	295	260	6	5.09077
rna24668	1378	1343	3133	514.624
rna24669	77	42	0	0
rna24670	695	660	571.019	190.859
rna24674	5450	5415	459.22	18.708
rna24672	5623	5588	15.2156	0.600673
rna24673	5695	5660	83.4184	3.25126
rna24671	5541	5506	60.5362	2.42541
rna24675	5679	5644	273.591	10.6935
rna24676	1621	1586	125	17.3865
rna24677	5534	5499	0.129619	0.00519983
rna24678	5177	5142	571.527	24.5194
rna24679	5135	5100	625.592	27.0599
rna24680	5552	5517	693.836	27.7434
rna24681	5537	5502	19.9145	0.798462
rna24682	737	702	43	13.5125
rna24683	725	690	0	0
rna24684	1185	1150	106.884	20.5032
rna24685	539	504	116.157	50.8416
rna24686	2801	2766	126.959	10.1255
rna24687	1991	1956	526	59.3229
rna24688	1908	1873	1157	136.27
rna24689	1698	1663	0	0
rna24690	1282	1247	102.301	18.0975
rna24691	1121	1086	241.699	49.0965
rna24692	2102	2067	0.000184325	1.9672e-005
rna24693	2138	2103	182	19.0914
rna24694	1535	1500	369	54.2676
rna24695	3283	3248	751	51.007
rna24696	2481	2446	693	62.5003
rna24697	3168	3133	2410	169.692
rna24698	1154	1119	2659	524.196
rna24699	2253	2218	321	31.9263
rna24700	8919	8884	3564.71	88.5159
rna24703	1197	1162	13.9499	2.64833
rna24701	1228	1193	0.00125795	0.000232611
rna24702	1240	1205	56.0488	10.2609
rna24704	3043	3008	19.5325	1.43247
rna24705	2889	2854	1629.47	125.95
rna24706	1357	1322	259	43.2189
rna24712	5973	5938	2506.26	93.1091
rna24711	5924	5889	2210.21	82.7939
rna24710	5945	5910	2414.2	90.1137
rna24709	5968	5933	5473.71	203.523
rna24708	6143	6108	4356.66	157.348
rna24707	6332	6297	292.269	10.2389
rna24715	5990	5955	632.104	23.416
rna24716	6026	5991	84.5909	3.1148
rna24713	6002	5967	807.412	29.85
rna24714	6038	6003	108.408	3.9838
rna24717	1344	1309	0	0
rna24718	104	69	2	6.3942
rna24719	23	24	0	0
rna24720	1432	1397	1707	269.552
rna24721	546	511	86.7152	37.4352
rna24722	381	346	88.2848	56.288
rna24723	997	962	0	0
rna24724	939	904	0	0
rna24725	891	856	121.874	31.4083
rna24726	896	861	0.125518	0.0321595
rna24727	74	39	0	0
rna24728	575	540	255	104.172
rna24730	1975	1940	325.341	36.995
rna24729	3659	3624	0	0
rna24731	3133	3098	228.659	16.2822
rna24732	1775	1740	39.8473	5.05191
rna24733	989	954	3.75831	0.86906
rna24734	793	758	23.3944	6.80844
rna24735	1613	1578	49	6.85007
rna24736	910	875	4	1.00846
rna24737	1048	1013	0	0
rna24738	1438	1403	9	1.41511
rna24739	1760	1725	0	0
rna24740	3378	3343	77.7888	5.13318
rna24741	3336	3301	319.476	21.35
rna24742	3302	3267	427.055	28.8363
rna24743	4208	4173	284.982	15.0652
rna24744	750	715	0	0
rna24745	610	575	1362	522.534
rna24746	1105	1070	15.8944	3.27692
rna24747	1004	969	259.106	58.9873
rna24751	1871	1836	457.878	55.0152
rna24750	2478	2443	259.375	23.4213
rna24749	2291	2256	0	0
rna24748	2613	2578	239.747	20.5152
rna24752	5392	5357	925.477	38.1109
rna24753	5454	5419	29.5224	1.20182
rna24754	5460	5425	0.000313859	1.27626e-005
rna24755	1898	1863	1268	150.145
rna24756	3721	3686	358	21.4256
rna24757	705	670	5.78597	1.90505
rna24758	1207	1172	18.214	3.42834
rna24759	660	625	5	1.7648
rna24760	4741	4706	646.501	30.3056
rna24761	3233	3198	148.499	10.2436
rna24762	2825	2790	1014.05	80.1792
rna24763	3284	3249	28	1.90114
rna24764	1785	1750	258	32.5228
rna24765	1808	1773	0	0
rna24766	943	908	1122	272.592
rna24767	2419	2384	163.276	15.1085
rna24768	2335	2300	296.724	28.4597
rna24770	1721	1686	107.771	14.101
rna24769	1480	1445	155.229	23.698
rna24771	4045	4010	118.621	6.52565
rna24772	4042	4007	287.093	15.8055
rna24773	3946	3911	124.114	7.00066
rna24774	1071	1036	0	0
rna24775	894	859	73.1714	18.7912
rna24776	5424	5389	423.783	17.3477
rna24777	5556	5521	1074.15	42.9193
rna24778	7136	7101	0	0
rna24779	5879	5844	343.755	12.9761
rna24780	5699	5664	141.827	5.52384
rna24781	5685	5650	30.4287	1.18807
rna24783	7040	7005	540.47	17.0204
rna24782	6986	6951	117.586	3.73178
rna24784	2285	2250	0	0
rna24786	2604	2569	257.533	22.1144
rna24785	2709	2674	25.4667	2.10095
rna24787	4166	4131	24.5696	1.31205
rna24788	4640	4605	19.4304	0.930802
rna24789	4347	4312	0	0
rna24790	13434	13399	2897.94	47.7115
rna24793	5442	5407	72.4602	2.9563
rna24792	2865	2830	7.01815	0.547069
rna24791	2903	2868	0	0
rna24796	1384	1349	0	0
rna24795	1207	1172	0	0
rna24794	879	844	1.01026	0.264056
rna24797	3385	3350	10.0255	0.660184
rna24798	6067	6032	420.23	15.3685
rna24799	6148	6113	0	0
rna24800	4917	4882	5.77033	0.260741
rna24805	1208	1173	4.94657	0.930275
rna24804	1658	1623	5.00368	0.680106
rna24801	1443	1408	0	0
rna24802	1575	1540	15.8193	2.26606
rna24803	1126	1091	8.77256	1.77381
rna24806	2154	2119	7160	745.397
rna24807	5533	5498	11658	467.762
rna24808	1234	1199	21	3.86372
rna24809	1714	1679	1283	168.571
rna24810	100	65	0	0
rna24811	22	23	0	0
rna24812	2368	2333	10.084	0.953505
rna24813	1759	1724	221	28.2788
rna24816	6482	6447	1131.94	38.732
rna24814	6826	6791	471.548	15.3178
rna24815	6832	6797	2901.77	94.1784
rna24817	1737	1702	5	0.648061
rna24818	1191	1156	27	5.15242
rna24819	3741	3706	41.2621	2.45613
rna24820	3759	3724	203.643	12.0633
rna24821	3996	3961	93.0952	5.18476
rna24822	981	946	3415	796.352
rna24823	1031	996	4434	982.069
rna24824	1554	1519	61	8.85886
rna24825	3306	3271	509	34.3276
rna24826	2023	1988	185.834	20.6213
rna24827	1915	1880	179.166	21.0234
rna24828	1280	1245	16	2.83502
rna24829	1787	1752	403	50.7431
rna24830	3023	2988	111.264	8.21445
rna24831	3296	3261	274.736	18.5854
rna24832	1938	1903	17	1.97068
rna24833	2314	2279	0	0
rna24834	2126	2091	0	0
rna24835	2088	2053	0	0
rna24836	2141	2106	9.27782	0.971837
rna24837	1953	1918	0	0
rna24838	1914	1879	21.7104	2.54886
rna24839	1926	1891	0.0117896	0.00137535
rna24840	2482	2447	80	7.2121
rna24841	2143	2108	1238	129.555
rna24842	899	864	3	0.765972
rna24843	1566	1531	2	0.288178
rna24850	1376	1341	109.598	18.0293
rna24848	1520	1485	20.4928	3.04426
rna24849	1609	1574	0	0
rna24844	2137	2102	13.9938	1.46861
rna24845	2245	2210	0.0557857	0.00556848
rna24846	2226	2191	73.5165	7.40199
rna24847	2334	2299	0.343018	0.0329142
rna24851	138	103	1	2.14175
rna24852	21	22	0	0
rna24853	1724	1689	6	0.783659
rna24854	1436	1401	687	108.174
rna24856	2713	2678	43.0333	3.54486
rna24857	2719	2684	0.000125739	1.03346e-005
rna24855	2706	2671	531.967	43.9356
rna24862	4283	4248	371.289	19.2812
rna24858	4460	4425	0	0
rna24859	4412	4377	0	0
rna24860	4277	4242	173.336	9.01414
rna24861	4349	4314	5.7449	0.293771
rna24863	1114	1079	56.6296	11.5778
rna24864	2771	2736	658	53.0537
rna24865	1643	1608	1106	151.731
rna24866	493	458	1	0.48166
rna24867	1834	1799	0	0
rna24868	1882	1847	0	0
rna24869	2805	2770	709	56.4641
rna24870	3905	3870	7	0.399018
rna24871	4707	4672	37.4132	1.76656
rna24872	4638	4603	1647.59	78.9611
rna24873	537	502	1	0.439442
rna24874	2341	2306	0	0
rna24875	1894	1859	2	0.237332
rna24876	2067	2032	3	0.325689
rna24877	2213	2178	0	0
rna24879	1993	1958	19.8392	2.23521
rna24878	2001	1966	0.160761	0.0180385
rna24880	1894	1859	1	0.118666
rna24882	2421	2386	0	0
rna24883	2493	2458	0	0
rna24881	2284	2249	0	0
rna24884	1239	1204	11.6136	2.12788
rna24885	1419	1384	5	0.796966
rna24886	2851	2816	491	38.464
rna24887	323	288	36	27.575
rna24888	2917	2882	595	45.5437
rna24889	1296	1261	108	18.8936
rna24890	612	577	60	22.9393
rna24892	4018	3983	1.08988e-007	6.03637e-009
rna24891	4133	4098	2308.99	124.296
rna24893	4177	4142	301.009	16.0315
rna24894	4113	4078	1.56547e-007	8.46845e-009
rna24895	3176	3141	29.4719	2.06988
rna24896	3164	3129	2.31433e-008	1.63164e-009
rna24897	3161	3126	7.18484e-008	5.0703e-009
rna24898	3155	3120	0.282658	0.0199854
rna24899	3143	3108	6.58146e-005	4.6714e-006
rna24900	3140	3105	0.000205892	1.4628e-005
rna24901	3426	3391	0.038438	0.00250057
rna24902	3149	3114	20.9106	1.48133
rna24903	3437	3402	107.296	6.95754
rna24904	1483	1448	370	56.3688
rna24905	1267	1232	530.242	94.9443
rna24906	1250	1215	1135.76	206.213
rna24908	1593	1558	158.678	22.4676
rna24907	1746	1711	198.202	25.5542
rna24909	1685	1650	31.1199	4.16063
rna24910	1197	1162	398	75.5584
rna24912	3037	3002	1109.31	81.5168
rna24911	2880	2845	171.692	13.313
rna24913	1227	1192	17	3.14614
rna24914	3207	3172	369	25.6625
rna24915	1179	1144	368.257	71.0117
rna24916	1292	1257	66.7434	11.7133
rna24918	4033	3998	1751.8	96.6602
rna24917	4240	4205	142.198	7.45991
rna24919	1681	1646	195	26.1343
rna24920	2963	2928	654	49.2734
rna24921	1903	1868	158	18.6589
rna24923	4052	4017	1225.18	67.283
rna24924	4163	4128	1933.81	103.343
rna24922	4183	4148	0.00437095	0.000232457
rna24925	2442	2407	186	17.0468
rna24926	755	720	808	247.562
rna24927	6283	6248	343.613	12.132
rna24928	6144	6109	227.995	8.23305
rna24929	6422	6387	1036.36	35.7947
rna24930	6404	6369	227.814	7.89067
rna24931	6337	6302	356.636	12.484
rna24932	6262	6227	394.299	13.9686
rna24933	6326	6291	390.285	13.6857
rna24934	881	846	12	3.12908
rna24935	3274	3239	0.000147825	1.0068e-005
rna24936	3215	3180	127.451	8.8414
rna24937	3260	3225	135.93	9.29804
rna24938	3200	3165	1541.62	107.451
rna24939	2098	2063	891.352	95.3138
rna24940	2184	2149	324.597	33.3207
rna24941	2208	2173	136.403	13.8474
rna24942	2143	2108	0	0
rna24943	1942	1907	782	90.4611
rna24944	2043	2008	0	0
rna24945	2031	1996	0	0
rna24946	2643	2608	292	24.6991
rna24949	1433	1398	34.6298	5.46448
rna24948	1374	1339	246.37	40.5895
rna24947	1421	1386	0	0
rna24951	1082	1047	44.214	9.31576
rna24950	1114	1079	114.785	23.4677
rna24952	1118	1083	0.000646251	0.000131637
rna24957	4755	4720	27.3977	1.28049
rna24954	5894	5859	0	0
rna24955	5943	5908	0	0
rna24956	6057	6022	0	0
rna24953	5781	5746	33.6023	1.29006
rna24958	618	583	48.5833	18.3833
rna24959	606	571	134.367	51.9114
rna24960	687	652	8.04938	2.72346
rna24961	1227	1192	193	35.718
rna24962	3575	3540	880.742	54.8846
rna24963	3737	3702	389.052	23.1834
rna24966	2632	2597	8.61721	0.731982
rna24965	2859	2824	16.0341	1.25252
rna24964	2833	2798	0	0
rna24967	2134	2099	171	17.9717
rna24970	2117	2082	479.656	50.8223
rna24969	2361	2326	972.344	92.2181
rna24968	2219	2184	0	0
rna24971	1729	1694	148.345	19.3181
rna24972	1714	1679	273.655	35.9549
rna24973	2225	2190	180.573	18.1892
rna24976	2119	2084	0	0
rna24977	2067	2032	17.2517	1.8729
rna24978	2123	2088	0	0
rna24975	2191	2156	17.834	1.82476
rna24974	2077	2042	0	0
rna24979	972	937	182.26	42.9098
rna24980	1316	1281	152.082	26.1899
rna24993	6915	6880	857.08	27.4814
rna24992	6924	6889	183.026	5.86087
rna24991	7001	6966	0.000364325	1.15375e-005
rna24987	8710	8675	279.526	7.10819
rna24988	8608	8573	33.5205	0.862549
rna24989	8680	8645	0	0
rna24990	8683	8648	0	0
rna24981	8591	8556	33.1817	0.855526
rna24982	8525	8490	166.19	4.3182
rna24983	8714	8679	60.4033	1.53531
rna24984	8729	8694	29.607	0.751244
rna24985	8657	8622	158.085	4.04471
rna24986	8729	8694	122.38	3.10525
rna24994	1364	1329	7	1.16193
rna24995	996	961	180.188	41.3625
rna24996	980	945	854.812	199.547
rna24999	1032	997	99.6486	22.0486
rna24998	1112	1077	28.6303	5.8643
rna24997	1031	996	6.72104	1.48862
rna25000	1052	1017	46.6315	10.115
gene10845	2817	2782	330.213	26.1844
rna25001	861	826	425.155	113.546
rna25002	1155	1120	347.575	68.4599
rna25003	1203	1168	0	0
rna25005	2892	2857	9.19986e-005	7.10357e-006
rna25004	2976	2941	103.425	7.75775
rna25006	906	871	1758	445.252
rna25007	2538	2503	346.007	30.4951
rna25008	2529	2494	239.59	21.1923
rna25009	737	702	151.403	47.5776
rna25014	2191	2156	189.74	19.414
rna25013	2241	2206	167.981	16.7981
rna25012	2321	2286	0	0
rna25011	2336	2301	21.2795	2.04009
rna25010	2291	2256	0	0
rna25015	2066	2031	0	0
rna25016	1627	1592	649	89.9306
rna25017	4343	4308	29	1.48501
rna25018	3658	3623	0	0
rna25019	3576	3541	4.56263	0.284246
rna25020	3825	3790	5.65895	0.329384
rna25021	3538	3503	0	0
rna25022	2857	2822	9.77842	0.764394
rna25023	3124	3089	24	1.71395
rna25024	766	731	201	60.6575
rna25025	2713	2678	173	14.2509
rna25026	1119	1084	500	101.753
rna25027	757	722	20	6.11081
rna25028	5400	5365	345.106	14.1902
rna25029	4963	4928	453.8	20.3142
rna25030	7739	7704	0	0
rna25031	6768	6733	150.349	4.92602
rna25032	6782	6747	395.396	12.9279
rna25033	1840	1805	4	0.488864
rna25034	3585	3550	433.642	26.9469
rna25035	3567	3532	51.3584	3.20772
rna25036	1406	1371	83	13.3551
rna25037	2351	2316	5.1645e-006	4.91921e-007
rna25038	2322	2287	16.5297	1.59442
rna25039	2404	2369	115.085	10.7167
rna25040	2411	2376	159.575	14.8158
rna25041	915	880	136	34.0927
rna25042	614	579	431	164.212
rna25043	3191	3156	78.4735	5.48519
rna25044	3188	3153	0	0
rna25045	2266	2231	27.5265	2.7218
rna25046	2296	2261	3.87953e-006	3.78516e-007
rna25047	6967	6932	44.2507	1.40821
rna25049	2662	2627	0	0
rna25048	3005	2970	6	0.445657
rna25050	3383	3348	10	0.658901
rna25051	3326	3291	0	0
rna25054	8570	8535	1825.63	47.1862
rna25052	8557	8522	5073.83	131.341
rna25053	8713	8678	2.45421e-008	6.23876e-010
rna25055	13593	13558	122.917	1.99997
rna25056	13497	13462	464.865	7.61769
rna25057	13733	13698	0	0
rna25058	13730	13695	61.4344	0.989591
rna25059	13637	13602	340.556	5.5232
rna25060	13712	13677	0	0
rna25061	13664	13629	85.718	1.38744
rna25062	13654	13619	0	0
rna25063	13651	13616	0	0
rna25064	13633	13598	0	0
rna25065	13630	13595	760.651	12.3427
rna25066	13701	13666	0	0
rna25067	13501	13466	24.1003	0.394811
rna25069	4257	4222	0	0
rna25068	10975	10940	21648.8	436.538
rna25070	3836	3801	3	0.174112
rna25071	1955	1920	5	0.574479
rna25072	3751	3716	19	1.12793
rna25073	2073	2038	15.04	1.62798
rna25080	3214	3179	170.194	11.8102
rna25081	3342	3307	988.729	65.9551
rna25078	4301	4266	190.059	9.8282
rna25079	4459	4424	154.748	7.71641
rna25074	3055	3020	0.000175392	1.28118e-005
rna25075	3183	3148	0.00207085	0.000145117
rna25076	4141	4106	0.010128	0.000544139
rna25077	4299	4264	0.0116706	0.000603782
rna25082	1802	1767	15.246	1.90338
rna25083	1628	1593	2.75749e-006	3.81859e-007
rna25084	1715	1680	210.451	27.6343
rna25085	1654	1619	565.549	77.0599
rna25086	5361	5326	11	0.455614
rna25087	5391	5356	0	0
rna25088	12580	12545	76.4939	1.34512
rna25089	12088	12053	601.506	11.0091
rna25095	3223	3188	9.31762e-006	6.44751e-007
rna25092	3095	3060	218.736	15.769
rna25093	3257	3222	49.7194	3.40413
rna25094	3269	3234	0	0
rna25091	3108	3073	0	0
rna25090	3176	3141	386.544	27.1479
rna25096	4299	4264	1592.83	82.4061
rna25097	1746	1711	90	11.6037
rna25098	3240	3205	10.0427	0.691241
rna25100	2269	2234	121.42	11.9898
rna25099	2480	2445	23.1754	2.091
rna25101	3201	3166	5.00061	0.348432
rna25102	5665	5630	382	14.9679
rna25103	6014	5979	38.4039	1.41694
rna25104	3523	3488	61.5958	3.89565
rna25105	3559	3524	0.000333405	2.08709e-005
rna25106	1356	1321	1	0.166995
rna25108	2624	2589	482	41.0696
rna25107	2645	2610	0	0
rna25109	4842	4807	476.668	21.875
rna25110	4959	4924	42.0855	1.88547
rna25113	2413	2378	1699.08	157.619
rna25112	2812	2777	105.747	8.40033
rna25111	2919	2884	176.225	13.4796
rna25114	680	645	181.196	61.9718
rna25115	9792	9757	0	0
rna25116	9666	9631	0	0
rna25117	7825	7790	3	0.0849551
rna25118	3102	3067	538	38.6967
rna25122	3342	3307	52.6983	3.51534
rna25119	3387	3352	414.06	27.2499
rna25120	3390	3355	67.9226	4.46609
rna25121	3396	3361	2.6118	0.171426
rna25123	3018	2983	544.724	40.2837
rna25124	3207	3172	49.9831	3.47612
rna25125	1312	1277	116	20.0388
rna25126	1338	1303	0	0
rna25127	905	870	185	46.9092
rna25128	6720	6685	1030.29	33.9988
rna25129	7004	6969	0	0
rna25130	6866	6831	441.761	14.2662
rna25131	6883	6848	0.035523	0.00114433
rna25132	8239	8204	346.327	9.31249
rna25133	9779	9744	212.586	4.81286
rna25134	9696	9661	0	0
rna25135	9558	9523	0	0
rna25136	6795	6760	17	0.554763
rna25148	2835	2800	10.5993	0.835075
rna25137	3721	3686	0	0
rna25138	3709	3674	5.82609e-007	3.49819e-008
rna25139	3619	3584	0.014818	0.000912068
rna25140	3658	3623	0.00695938	0.000423748
rna25141	3580	3545	0.000684905	4.26206e-005
rna25142	3568	3533	238.121	14.8683
rna25143	3700	3665	3.21718e-008	1.93646e-009
rna25144	3679	3644	0.0477385	0.00288999
rna25145	3550	3515	83.9373	5.26787
rna25146	3676	3641	0.000133749	8.10356e-006
rna25147	3655	3620	206.504	12.5842
rna25149	3673	3638	105.768	6.41351
rna25151	1989	1954	0	0
rna25150	1940	1905	40	4.63202
rna25152	1341	1306	561.207	94.795
rna25154	2128	2093	0	0
rna25153	1936	1901	127.793	14.8296
rna25155	1999	1964	363	40.7728
rna25156	3908	3873	856	48.7564
rna25157	2343	2308	16.1547	1.54408
rna25159	1196	1161	0	0
rna25160	2228	2193	0	0
rna25158	1724	1689	124.319	16.2373
rna25162	1764	1729	267	34.0661
rna25161	1078	1043	23.681	5.00865
rna25163	553	518	58	24.7004
rna25164	4136	4101	172.636	9.28637
rna25165	4869	4834	215.183	9.8199
rna25166	4137	4102	153.798	8.27105
rna25167	2686	2651	94.3411	7.85049
rna25168	4247	4212	532.361	27.882
rna25169	4254	4219	631.868	33.0386
rna25170	4617	4582	207.83	10.006
rna25171	4133	4098	2068	111.323
rna25172	5488	5453	378.291	15.3037
rna25173	5468	5433	1053.97	42.7952
rna25174	6832	6797	330.582	10.7292
rna25175	4277	4242	270.155	14.0491
rna25176	4259	4224	2034.31	106.243
rna25177	4269	4234	3091.11	161.053
rna25178	4736	4701	48.8318	2.29149
rna25179	1418	1383	0	0
rna25180	1408	1373	0	0
rna25181	1374	1339	15	2.47125
rna25182	625	590	0	0
rna25183	1813	1778	134.534	16.6919
rna25186	2782	2747	619	49.7093
rna25184	2289	2254	58.2128	5.69732
rna25185	1780	1745	158.253	20.0061
rna25187	4815	4780	201.056	9.27885
rna25188	1204	1169	41	7.73704
rna25189	460	425	25	12.9765
rna25190	2348	2313	384	36.6236
rna25192	3097	3062	209.652	15.1043
rna25191	3773	3738	710.913	41.9549
rna25193	546	511	6.4347	2.77788
rna25194	4690	4655	391.964	18.5751
rna25195	4728	4693	19.7312	0.927491
rna25196	4066	4031	5.26875	0.288337
rna25197	1042	1007	568.175	124.468
rna25198	942	907	186.825	45.4396
rna25199	576	541	21.872	8.91858
rna25200	543	508	104.974	45.5852
rna25201	669	634	9.90625	3.44688
rna25202	605	570	25.9149	10.0295
rna25203	572	537	115.333	47.3788
rna25204	1614	1579	162	22.6328
rna25205	3883	3848	263	15.0774
rna25206	8926	8891	1787.2	44.3434
rna25207	2252	2217	757.519	75.3761
rna25208	1810	1775	823.94	102.401
rna25209	2021	1986	795.424	88.3537
rna25210	963	928	537	127.653
rna25211	4465	4430	1231.3	61.3147
rna25212	1869	1834	40.6845	4.89368
rna25213	859	824	8.31546	2.2262
rna25214	517	482	49	22.4261
rna25215	4007	3972	489	27.1585
rna25216	3902	3867	0	0
rna25217	2523	2488	796.024	70.58
rna25218	2715	2680	53.9758	4.44293
rna25219	1844	1809	283	34.5107
rna25220	1826	1791	0	0
rna25221	930	895	252	62.1131
rna25222	1689	1654	345	46.0139
rna25223	886	851	718	186.123
rna25224	1100	1065	384	79.5403
rna25225	1255	1220	347.518	62.8382
rna25226	2805	2770	206.482	16.444
rna25227	2864	2829	0	0
rna25228	4057	4022	323.55	17.7462
rna25229	1589	1554	0	0
rna25230	1546	1511	13.4072	1.9574
rna25231	1634	1599	42.918	5.92103
rna25232	1550	1515	45.4119	6.61245
rna25233	858	823	132.712	35.5727
rna25239	4528	4493	0	0
rna25238	4842	4807	0	0
rna25235	4622	4587	0	0
rna25236	4662	4627	0	0
rna25237	4893	4858	0	0
rna25234	5735	5700	286.86	11.102
rna25241	92	57	0	0
rna25242	28	29	0	0
rna25240	2319	2284	678.14	65.4981
rna25243	1155	1120	261.701	51.5458
rna25244	1642	1607	0	0
rna25245	1702	1667	0	0
rna25246	1593	1558	155.299	21.9891
rna25247	1643	1608	14.0767	1.93117
rna25249	1847	1812	22.6761	2.76068
rna25248	1752	1717	15.0064	1.92802
rna25250	1842	1807	22.2408	2.71517
rna25251	827	792	4754	1324.16
rna25252	607	572	1227	473.21
rna25253	1625	1590	4335.96	601.58
rna25254	719	684	0	0
rna25256	704	669	44.0467	14.5242
rna25255	746	711	0	0
rna25257	2309	2274	3701.63	359.094
rna25258	2358	2323	5626.83	534.343
rna25259	1798	1763	263.159	32.9285
rna25260	1714	1679	0	0
rna25261	1681	1646	82.2476	11.023
rna25262	744	709	421.457	131.133
rna25263	887	852	49.5426	12.8276
rna25264	6252	6217	13.3601	0.474063
rna25272	2249	2214	1	0.0996387
rna25265	5051	5016	0	0
rna25266	5978	5943	0	0
rna25267	5886	5851	0	0
rna25268	5964	5929	347.322	12.9228
rna25269	5880	5845	34.7737	1.31242
rna25270	4766	4731	293.503	13.6856
rna25271	4665	4630	365.845	17.431
rna25274	3845	3810	41.1967	2.3853
rna25273	3957	3922	0	0
rna25275	4966	4931	25	1.11843
rna25276	2608	2573	34.1283	2.92605
rna25277	2827	2792	75.8717	5.99473
rna25278	877	842	344	90.1264
rna25279	811	776	429	121.955
rna25280	3098	3063	883.048	63.5979
rna25281	3083	3048	26.952	1.95066
rna25282	1619	1584	98	13.6482
rna25283	948	913	166	40.1091
rna25285	859	824	10.3	2.7575
rna25284	699	664	5.7	1.89371
rna25286	1395	1360	61	9.89456
rna25287	3206	3171	0	0
rna25288	3202	3167	0	0
rna25289	2944	2909	20.7621	1.57447
rna25291	5839	5804	3403.46	129.36
rna25290	9327	9292	1913.66	45.432
rna25292	4731	4696	33.5345	1.57532
rna25293	3126	3091	171.849	12.2646
rna25294	1567	1532	9.90598	1.42641
rna25295	2083	2048	1114	119.994
rna25297	4005	3970	2315.98	128.692
rna25296	4027	3992	804.701	44.4682
rna25298	6910	6875	674.367	21.6386
rna25299	7897	7862	223.468	6.2703
rna25300	7344	7309	1.60155	0.048338
rna25301	7276	7241	251.244	7.65424
rna25302	7911	7876	0	0
rna25303	7899	7864	3.88323e-005	1.08932e-006
rna25304	7812	7777	0	0
rna25305	7419	7384	625.176	18.6774
rna25306	7930	7895	0.000490606	1.37084e-005
rna25307	7862	7827	0	0
rna25308	1817	1782	133.715	16.5531
rna25312	1668	1633	12.3651	1.67038
rna25309	1210	1175	90.8956	17.0652
rna25310	1223	1188	40.9013	7.59498
rna25311	1317	1282	19.1225	3.29051
rna25313	2055	2020	509.069	55.5944
rna25314	2285	2250	337.127	33.0534
rna25315	2291	2256	722.804	70.6785
rna25320	6845	6810	106.611	3.45349
rna25319	6513	6478	679.833	23.1509
rna25318	6334	6299	1399.14	48.9997
rna25317	6498	6463	6.67138	0.227713
rna25316	6566	6531	140.742	4.7539
rna25321	1287	1252	88	15.5054
rna25322	1978	1943	72	8.17458
rna25323	3307	3272	262.87	17.7229
rna25324	3253	3218	0	0
rna25330	72	37	1	5.96216
rna25325	3038	3003	130.405	9.57953
rna25331	71	36	1	6.12778
rna25326	3581	3546	99.6876	6.20166
rna25327	3133	3098	22.1899	1.58008
rna25328	2959	2924	0	0
rna25329	2984	2949	0	0
rna25332	6023	5988	39.8474	1.46799
rna25333	6046	6011	0	0
rna25334	6050	6015	0	0
rna25335	2107	2072	12.1185	1.29022
rna25337	1932	1897	0	0
rna25336	2085	2050	13.7604	1.48075
rna25338	1952	1917	0.00142679	0.000164188
rna25339	2016	1981	0	0
rna25340	1973	1938	104.817	11.9311
rna25341	2052	2017	48.1462	5.26576
rna25344	1210	1175	1.55676e-008	2.92273e-009
rna25343	1177	1142	0	0
rna25342	1215	1180	259.157	48.4492
rna25345	113	78	0	0
rna25346	22	23	0	0
rna25347	6554	6519	198.259	6.70899
rna25358	3891	3856	78.1404	4.47038
rna25357	3451	3416	0	0
rna25350	3253	3218	39.6863	2.72057
rna25351	3433	3398	199.648	12.9613
rna25352	3448	3413	76.4935	4.94417
rna25353	3265	3230	0	0
rna25354	3445	3410	148.132	9.583
rna25355	3166	3131	44.7645	3.15396
rna25356	3460	3425	1.7383e-006	1.11962e-007
rna25348	3510	3475	101.033	6.41375
rna25349	3651	3616	51.2908	3.12908
rna25359	2427	2392	228.812	21.1019
rna25360	1156	1121	3	0.590366
rna25361	4206	4171	71.3961	3.77607
rna25364	9709	9674	3928.23	89.5771
rna25363	9726	9691	1495.71	34.0474
rna25362	9715	9680	1386.6	31.5996
rna25365	2470	2435	217.445	19.6996
rna25366	2424	2389	50.012	4.61811
rna25367	2421	2386	290.941	26.8992
rna25368	2308	2273	0	0
rna25369	2292	2257	57.8068	5.65006
rna25370	3309	3274	115.189	7.76135
rna25371	3322	3287	699.431	46.9408
rna25372	3243	3208	963.118	66.2294
rna25373	2889	2854	1069.26	82.6487
rna25374	1569	1534	1356	195.002
rna25375	4165	4130	1693	90.43
rna25376	1954	1919	122.768	14.1129
rna25377	2032	1997	42.6568	4.71211
rna25378	1704	1669	168.575	22.2814
rna25379	2360	2325	248	23.5307
rna25382	1916	1881	634.975	74.4686
rna25380	1852	1817	41.2021	5.00231
rna25381	1789	1754	55.823	7.02085
rna25383	3493	3458	626	39.9351
rna25384	1169	1134	288	56.0254
rna25385	2043	2008	269.979	29.66
rna25386	1830	1795	90.0215	11.0634
rna25387	1296	1261	219.628	38.4219
rna25388	889	854	1096.37	283.208
rna25389	1408	1373	960	154.243
rna25390	1847	1812	479	58.3154
rna25391	1477	1442	0	0
rna25392	1472	1437	163.457	25.0929
rna25393	1850	1815	167.543	20.3637
rna25394	1524	1489	140.779	20.8568
rna25395	1600	1565	113.535	16.0037
rna25396	1522	1487	0	0
rna25397	1519	1484	3.18673e-008	4.73715e-009
rna25398	1508	1473	275.679	41.2864
rna25399	2656	2621	581.007	48.9013
rna25400	3491	3456	2007.28	128.127
rna25401	3485	3450	198.188	12.6725
rna25402	3582	3547	0	0
rna25403	2654	2619	730.822	61.5576
rna25404	3576	3541	0	0
rna25405	4662	4627	6774.62	322.992
rna25406	1790	1755	5722	719.244
rna25407	1158	1123	334	65.6103
rna25408	3325	3290	0.157747	0.0105772
rna25409	3322	3287	0	0
rna25410	3313	3278	383.985	25.8411
rna25411	524	489	11.1552	5.03239
rna25412	1330	1295	52.7018	8.97762
rna25413	3185	3150	22.8537	1.60048
rna25414	2018	1983	0	0
rna25415	1916	1881	30.439	3.56983
rna25416	2102	2067	48.7545	5.20331
rna25417	1778	1743	0	0
rna25418	1891	1856	40.17	4.77452
rna25419	1833	1798	148.76	18.2516
rna25420	1827	1792	1.25289e-006	1.54234e-007
rna25421	1660	1625	238.514	32.3793
rna25422	1766	1731	0	0
rna25423	2007	1972	5.9941	0.670537
rna25424	1660	1625	238.514	32.3793
rna25425	2063	2028	48	5.2213
rna25426	3110	3075	0	0
rna25427	3122	3087	286	20.4378
rna25430	916	881	489.545	122.581
rna25429	1118	1083	29.5529	6.01974
rna25428	1107	1072	63.9022	13.15
rna25431	1684	1649	6.92386	0.926261
rna25432	1633	1598	17.0761	2.35732
rna25433	3358	3323	14.2649	0.946987
rna25434	3214	3179	0	0
rna25435	3101	3066	191.721	13.7944
rna25436	3179	3144	266.068	18.6688
rna25437	2897	2862	524.748	40.447
rna25438	2880	2845	463.198	35.9162
rna25440	1981	1946	287.075	32.5431
rna25439	2074	2039	21.9247	2.37204
rna25441	3853	3818	177.423	10.2513
rna25442	3717	3682	94.2428	5.64638
rna25443	2986	2951	175.334	13.107
rna25444	82	47	0	0
rna25445	22	23	0	0
rna25448	4754	4719	108.805	5.08632
rna25449	4952	4917	0	0
rna25450	4880	4845	3.18006e-007	1.44793e-008
rna25451	4886	4851	117.255	5.3322
rna25452	4985	4950	0	0
rna25446	5001	4966	193.94	8.61523
rna25447	5004	4969	1.68329e-006	7.47302e-008
rna25453	1885	1850	328	39.1118
gene11033	1339	1304	42	7.10522
rna25454	7679	7644	861	24.8478
rna25455	1192	1157	192.068	36.6208
rna25457	3284	3249	98.3547	6.67807
rna25456	3778	3743	7.57692	0.446559
rna25458	4822	4787	261	12.0277
rna25462	1976	1941	12.702	1.44361
rna25461	2359	2324	11.8773	1.12743
rna25460	1835	1800	0	0
rna25459	1772	1737	230.421	29.2636
rna25463	751	716	822	253.259
rna25464	3750	3715	208.053	12.3544
rna25465	3270	3235	69.5518	4.74285
rna25466	3246	3211	929.046	63.8267
rna25475	7990	7955	1029.9	28.5601
rna25474	8004	7969	0.359814	0.00996047
rna25473	8087	8052	3.06613e-006	8.40024e-008
rna25469	8897	8862	1.48893	0.0370636
rna25470	8837	8802	600.474	15.0494
rna25471	8849	8814	0.588049	0.0147179
rna25472	8963	8928	0.0762305	0.00188356
rna25467	8910	8875	695.392	17.2849
rna25468	8976	8941	6.92849e-005	1.70946e-006
rna25477	3762	3727	0	0
rna25476	3989	3954	0	0
rna25478	857	822	0	0
rna25480	2168	2133	117.181	12.1192
rna25479	2235	2200	162.819	16.3263
rna25481	1572	1537	775.148	111.254
rna25482	1718	1683	4264.85	559.018
rna25483	2119	2084	1055.72	111.752
rna25484	2182	2147	20.9552	2.1531
rna25485	2030	1995	530.813	58.6955
rna25487	1019	984	39.7549	8.91253
rna25486	2102	2067	0	0
rna25488	1401	1366	12	1.93792
rna25489	1166	1131	302.231	58.9498
rna25490	3071	3036	168.667	12.2556
rna25491	2837	2802	56.3333	4.4351
rna25492	5540	5505	414.608	16.6145
rna25493	5528	5493	0.000514558	2.06648e-005
rna25494	5535	5500	40.3912	1.62005
rna25495	6466	6431	4026	138.102
rna25496	4062	4027	868.702	47.5877
rna25497	3564	3529	653.765	40.8673
rna25499	3581	3546	87.1786	5.42346
rna25498	3784	3749	646.179	38.0227
rna25500	2655	2620	504.65	42.4908
rna25501	3306	3271	33.205	2.23939
rna25502	3101	3066	4.84655e-007	3.48711e-008
rna25503	3195	3160	77.9987	5.4451
rna25504	2968	2933	64.1621	4.82583
rna25505	2832	2797	59.7019	4.70871
rna25506	2825	2790	89.9524	7.11237
rna25507	634	599	212	78.0755
rna25508	1988	1953	133	15.0229
rna25516	3310	3275	406.468	27.3792
rna25517	3295	3260	0	0
rna25518	3322	3287	96.7078	6.49034
rna25519	3304	3269	0	0
rna25520	3331	3296	131.138	8.77701
rna25521	3316	3281	38.1991	2.56834
rna25509	3239	3204	0	0
rna25510	3251	3216	0	0
rna25511	3350	3315	0	0
rna25512	3353	3318	23.579	1.56767
rna25513	2888	2853	737.861	57.053
rna25514	3350	3315	118.867	7.91014
rna25515	3362	3327	0	0
rna25523	1135	1100	683.813	137.136
rna25522	2948	2913	12.1178	0.917678
rna25524	2742	2707	345.855	28.1846
rna25525	812	777	8	2.2713
gene11061	1698	1663	1.52912	0.202841
gene11062	3590	3555	56.5869	3.51141
rna25526	2443	2408	749.914	68.7006
rna25527	86	51	0	0
rna25528	20	21	0	0
rna25529	1211	1176	36	6.75306
rna25531	1047	1012	472.656	103.032
rna25530	1115	1080	29.3438	5.99374
rna25532	2510	2475	186.011	16.5794
rna25534	2614	2579	35.3709	3.02552
rna25533	2629	2594	451.618	38.4067
rna25535	3693	3658	25	1.50765
rna25536	2002	1967	1	0.112151
rna25537	8701	8666	10.0732	0.256422
rna25538	98	63	0.92677	3.24517
rna25539	22	23	0	0
rna25540	1235	1200	6	1.103
rna25541	2704	2669	4	0.330611
rna25542	2237	2202	12	1.20218
rna25543	1451	1416	60.0053	9.34828
rna25544	1132	1097	1.24031	0.249419
rna25546	2658	2623	0	0
rna25545	2551	2516	80.018	7.01589
rna25547	1158	1123	1	0.196438
rna25548	4343	4308	0.149128	0.0076364
rna25549	4322	4287	47.8509	2.46231
rna25550	4026	3991	2951.24	163.128
rna25551	1469	1434	70	10.7685
rna25552	1110	1075	18.146	3.72373
rna25553	1029	994	0	0
rna25554	1795	1760	602.997	75.5802
rna25555	3770	3735	180.857	10.682
rna25556	7554	7519	57.9641	1.70061
rna25557	7535	7500	224.259	6.5962
rna25558	9730	9695	0.280419	0.00638066
rna25559	9703	9668	0.610576	0.0139319
rna25560	9712	9677	0.707912	0.0161378
rna25561	9685	9650	1.54689	0.035362
rna25562	9727	9692	0.0968279	0.0022039
rna25563	9709	9674	0.244043	0.00556501
rna25564	9663	9628	740.702	16.9712
rna25565	9636	9601	123.123	2.82898
rna25566	9645	9610	74.8518	1.71824
rna25567	9618	9583	114.333	2.63193
rna25568	9660	9625	255.491	5.85573
rna25569	9615	9580	39.2389	0.90356
rna25570	9641	9606	29.074	0.667679
rna25571	9652	9617	13.9195	0.319294
rna25572	9634	9599	35.3855	0.813215
rna25573	9564	9529	1327.95	30.7425
rna25575	98	63	0	0
rna25576	21	22	0	0
rna25574	2991	2956	0	0
rna25577	521	486	1012	459.357
rna25578	2186	2151	22	2.25625
rna25579	2348	2313	302.259	28.8276
rna25580	1681	1646	3083.74	413.289
rna25581	6507	6472	828.689	28.2461
rna25582	6573	6538	240.311	8.1084
rna25583	702	667	1139	376.707
rna25584	12623	12588	204.13	3.57731
rna25585	12438	12403	2376.55	42.2694
rna25586	12682	12647	518.32	9.04099
rna25591	4890	4855	1.06178e-005	4.82448e-007
rna25590	4818	4783	489.069	22.5567
rna25589	4841	4806	1.69391	0.0777523
rna25587	4953	4918	274.986	12.3347
rna25588	4959	4924	0	0
rna25592	4194	4159	52.2158	2.76961
rna25593	4155	4120	29.0359	1.55469
rna25594	74	39	0	0
rna25595	643	608	12	4.35395
rna25596	811	776	298	84.715
rna25600	3634	3599	0.0773667	0.00474218
rna25599	2956	2921	339.19	25.6163
rna25598	3660	3625	1.57237e-005	9.56868e-007
rna25597	3619	3584	10.7326	0.660608
rna25601	1221	1186	2	0.372007
rna25602	4537	4502	3.48282	0.17066
rna25603	4635	4600	0	0
rna25604	530	495	7	3.1196
rna25605	1805	1770	13	1.62023
rna25606	2552	2517	7.00223	0.613704
rna25621	5495	5460	38.2159	1.54404
rna25622	5564	5529	0	0
rna25612	4923	4888	1127.48	50.8842
rna25613	5223	5188	0	0
rna25614	5377	5342	0	0
rna25615	5394	5359	234.865	9.66808
rna25616	5406	5371	0	0
rna25617	5562	5527	0	0
rna25618	5544	5509	0	0
rna25619	5613	5578	0	0
rna25620	5646	5611	886.6	34.8573
rna25609	5566	5531	0	0
rna25610	5611	5576	0	0
rna25611	5569	5534	40.3805	1.60967
rna25608	5597	5562	126.138	5.0029
rna25607	5106	5071	204.755	8.9073
rna25624	6213	6178	26.4188	0.943344
rna25623	6062	6027	1600.43	58.5789
rna25625	10988	10953	560.524	11.2893
rna25626	10423	10388	397.757	8.44679
rna25627	10339	10304	166.733	3.56962
rna25628	10419	10384	626.836	13.3166
rna25629	4251	4216	1184.49	61.9777
rna25630	1026	991	78.4522	17.4637
rna25635	973	938	15.0549	3.54063
rna25631	1663	1628	32.9509	4.46497
rna25632	1657	1622	3.86316e-005	5.25409e-006
rna25633	1324	1289	59.2415	10.1386
rna25634	1318	1283	1.12587e-005	1.93582e-006
rna25636	1783	1748	37.3005	4.70737
rna25638	3594	3559	878.566	54.4568
rna25637	4915	4880	68.5086	3.09693
rna25639	3307	3272	80	5.39364
rna25640	691	656	177.297	59.6217
rna25643	1083	1048	19.6569	4.13771
rna25644	1154	1119	90.0136	17.7453
rna25642	609	574	2.67712	1.02887
rna25641	660	625	2.35485	0.831168
rna25645	1733	1698	13	1.68893
rna25646	8334	8299	2.48959e-005	6.61771e-007
rna25647	8266	8231	346.672	9.29119
rna25663	1496	1461	5	0.754963
rna25648	7978	7943	0	0
rna25649	7957	7922	0	0
rna25650	7969	7934	0.000259417	7.21294e-006
rna25651	7948	7913	207.011	5.77108
rna25652	7681	7646	457.889	13.2109
rna25653	7672	7637	0.0108491	0.000313384
rna25654	7960	7925	460.887	12.8292
rna25655	7954	7919	0	0
rna25656	7924	7889	48.6284	1.35979
rna25657	7702	7667	3.2438e-008	9.33329e-010
rna25658	7393	7358	1689.98	50.6674
rna25659	7939	7904	2.50435e-006	6.98963e-008
rna25660	7910	7875	1.94095e-007	5.43713e-009
rna25661	7871	7836	588.477	16.5669
rna25662	7626	7591	3671.15	106.686
rna25666	1011	976	26.6151	6.01566
rna25667	1023	988	158.241	35.332
rna25665	874	839	148.103	38.941
rna25664	863	828	305.041	81.2706
rna25668	3570	3535	262.906	16.4065
rna25669	3296	3261	459.094	31.0568
rna25670	87	52	1	4.24231
rna25671	23	24	0	0
rna25674	7108	7073	50.339	1.57003
rna25673	7131	7096	1.08832	0.0338335
rna25672	7150	7115	0	0
rna25675	2231	2196	63.1664	6.3454
rna25677	3176	3141	1401.06	98.3997
rna25676	3209	3174	0.00610821	0.000424534
rna25678	634	599	193	71.0782
rna25679	3252	3217	354	24.2749
rna25680	3600	3565	1941	120.108
rna25681	3298	3263	499.326	33.7577
rna25682	2690	2655	246.471	20.4789
rna25683	1468	1433	137.157	21.1143
rna25685	2719	2684	0	0
rna25686	2748	2713	1210.33	98.4144
rna25687	1485	1450	0	0
rna25688	1472	1437	0	0
rna25689	1296	1261	4.89848e-005	8.56943e-006
rna25690	1394	1359	0	0
rna25691	1283	1248	10.1194	1.78873
rna25692	1263	1228	266.294	47.8375
rna25693	1491	1456	0	0
rna25694	1728	1693	56.8874	7.4125
rna25695	1380	1345	86.1828	14.1353
rna25696	1569	1534	90.8776	13.0688
rna25684	1528	1493	55.9399	8.26547
rna25697	2364	2329	508	48.1171
rna25698	1663	1628	427	57.8601
rna25701	1956	1921	220.793	25.355
rna25699	2004	1969	89.2065	9.99439
rna25700	2178	2143	7.73325e-005	7.96059e-006
rna25702	2241	2206	118	11.8
rna25703	1233	1198	67	12.3374
rna25704	4109	4074	813.466	44.0478
rna25705	2887	2852	204.534	15.8205
rna25706	165	130	66	111.997
rna25707	468	433	525	267.471
rna25708	4223	4188	2815.98	148.33
rna25709	4550	4515	84.8732	4.14685
rna25710	4551	4516	2042.92	99.7935
rna25711	4881	4846	2343.73	106.691
rna25712	4679	4644	55.0477	2.61489
rna25713	4290	4255	1605.46	83.2347
rna25714	330	295	0	0
rna25715	3840	3805	145.534	8.43753
rna25716	3260	3225	79	5.40385
rna25720	2224	2189	37.4067	3.76972
rna25717	1848	1813	35.5933	4.33088
rna25718	2756	2721	0	0
rna25719	2777	2742	0	0
rna25721	2445	2410	224	20.5039
rna25722	6359	6324	2057	71.7543
rna25723	486	451	5.25468	2.57025
rna25724	479	444	0	0
rna25725	402	367	200.745	120.666
rna25726	2113	2078	383.753	40.7391
rna25727	990	955	324.247	74.8995
rna25731	7442	7407	1631.63	48.5943
rna25730	8652	8617	281.355	7.20284
rna25729	8011	7976	1796.01	49.6741
rna25728	8448	8413	0.000114818	3.01067e-006
rna25732	1398	1363	40.8387	6.6097
rna25733	1416	1381	268.892	42.9526
rna25736	1461	1426	0	0
rna25737	1586	1551	0	0
rna25738	1634	1599	199.877	27.5753
rna25739	1673	1638	136.006	18.3169
rna25734	1663	1628	36.3068	4.91971
rna25735	1788	1753	0	0
rna25742	1552	1517	571.749	83.143
rna25743	1591	1556	2902	411.428
rna25740	1706	1671	0	0
rna25741	1724	1689	257.511	33.6335
rna25744	1486	1451	255.361	38.8233
rna25746	1330	1295	0	0
rna25747	1353	1318	377.19	63.1321
rna25745	1190	1155	7.30316	1.39487
rna25748	1197	1162	21.4661	4.07524
rna25749	1481	1446	479.319	73.1243
rna25750	1483	1448	7.12842	1.086
rna25753	1885	1850	120.456	14.3636
rna25752	1902	1867	78.2537	9.24626
rna25751	1865	1830	512.29	61.7548
rna25754	491	456	0	0
rna25755	504	469	3.01928	1.42015
rna25756	1980	1945	175.111	19.8609
rna25757	1910	1875	31.5596	3.71309
rna25758	1905	1870	0	0
rna25759	1900	1865	11.985	1.41763
rna25760	1273	1238	333.222	59.377
rna25761	1778	1743	33.1227	4.19213
rna25762	3970	3935	1306	73.2157
rna25763	3315	3280	0	0
rna25764	3303	3268	183.594	12.3932
rna25765	3170	3135	1000.41	70.3954
rna25766	3862	3827	305.795	17.627
rna25767	2458	2423	2.20477	0.200731
rna25768	912	877	281	70.6826
rna25769	546	511	209.752	90.5504
rna25770	1008	973	286.428	64.9394
rna25771	1713	1678	43.9454	5.77733
rna25772	1492	1457	8.05456	1.21952
rna25773	2249	2214	0.00578006	0.000575918
rna25774	2368	2333	87.9942	8.32042
rna25775	19089	19054	31.413	0.363688
rna25776	19115	19080	0	0
rna25777	19029	18994	0	0
rna25778	18864	18829	9.23672e-007	1.08217e-008
rna25779	18762	18727	0.0407135	0.000479596
rna25780	19078	19043	0.0946018	0.0010959
rna25781	19051	19016	3.19548e-006	3.707e-008
rna25782	18979	18944	80.5211	0.937656
rna25783	19102	19067	319.216	3.69325
rna25784	18949	18914	6.29247e-005	7.33911e-007
rna25785	19084	19049	1.18654e-008	1.37409e-010
rna25786	18731	18696	683.603	8.06604
rna25787	18885	18850	267.074	3.12555
rna25788	19047	19012	1344.14	15.5963
rna25789	18599	18564	101.414	1.20512
rna25790	18355	18320	4067.35	48.9769
rna25791	18534	18499	601.541	7.17336
rna25792	3968	3933	86.3802	4.84503
rna25793	4742	4707	518.8	24.3143
rna25796	3788	3753	272.039	15.9904
rna25794	4028	3993	0	0
rna25795	4189	4154	11.1777	0.593598
rna25797	3625	3590	60.6024	3.72393
rna25798	1608	1573	1	0.140242
rna25799	668	633	527.837	183.951
rna25800	662	627	0.163001	0.0573492
rna25804	1378	1343	213.165	35.0143
rna25801	1506	1471	0.800438	0.120038
rna25802	1523	1488	9.59536e-005	1.42254e-005
rna25803	1564	1529	32.0343	4.62182
rna25806	2124	2089	99.7935	10.5383
rna25805	2168	2133	133.935	13.8519
rna25807	1111	1076	44.2717	9.07653
rna25808	1254	1219	1.88166e-006	3.40521e-007
rna25809	877	842	197	51.6131
rna25811	2956	2921	16.2278	1.22556
rna25810	2596	2561	103.772	8.93876
rna25812	2867	2832	53	4.12846
rna25814	709	674	88.8241	29.0721
rna25813	428	393	156.208	87.6831
rna25815	4856	4821	438.531	20.0664
rna25816	1672	1637	816	109.963
rna25820	10036	10001	926.282	20.4317
rna25819	9221	9186	4679.03	112.366
rna25818	9436	9401	148.978	3.49586
rna25817	8994	8959	12627.4	310.928
rna25822	1721	1686	141.232	18.4791
rna25821	2424	2389	0	0
rna25823	1257	1222	17	3.0689
rna25824	899	864	2	0.510648
rna25825	857	822	1	0.26837
rna25826	1539	1504	105	15.4009
rna25830	2859	2824	0	0
rna25829	2875	2840	21.4797	1.66846
rna25828	2963	2928	265.918	20.0347
rna25827	2864	2829	550.176	42.9017
rna25834	4886	4851	717.165	32.6132
rna25833	4609	4574	1802.29	86.923
rna25832	4805	4770	117.434	5.43099
rna25831	4922	4887	30.5348	1.37835
rna25835	1982	1947	9.36058	1.06058
rna25837	83	48	0	0
rna25836	1774	1739	276.639	35.093
rna25838	2497	2462	809	72.488
rna25839	2261	2226	0	0
rna25843	1313	1278	709.951	122.547
rna25842	1361	1326	102.79	17.1007
rna25841	1925	1890	32.4	3.78172
rna25840	1575	1540	46.4172	6.64912
rna25844	877	842	8.35548	2.1891
rna25845	995	960	7.0859	1.62828
rna25846	1108	1073	98	20.148
rna25847	2702	2667	166	13.7306
rna25848	1450	1415	0	0
rna25849	1764	1729	462	58.9458
rna25851	432	397	10.7297	5.96216
rna25850	395	360	111.27	68.184
rna25852	2528	2493	256.788	22.7226
rna25853	2333	2298	106.212	10.196
rna25854	1587	1552	0	0
rna25855	1640	1605	8	1.09956
rna25856	2335	2300	649	62.2476
rna25866	3847	3812	30.8402	1.78472
rna25867	3900	3865	19.9964	1.14132
rna25865	3673	3638	1351.95	81.9794
rna25864	3972	3937	18.511	1.03722
rna25863	3920	3885	20.7372	1.17751
rna25862	3974	3939	0	0
rna25859	3809	3774	49.2059	2.87621
rna25860	3862	3827	31.4556	1.81319
rna25861	3922	3887	0	0
rna25858	3799	3764	0.00039536	2.31712e-005
rna25857	3751	3716	85.9932	5.10498
rna25868	839	804	119	32.651
rna25869	1958	1923	0	0
rna25870	1660	1625	76	10.3173
rna25871	1881	1846	70.4632	8.42047
rna25872	2074	2039	0	0
rna25873	1696	1661	4.98076	0.661502
rna25874	2058	2023	71.7905	7.82846
rna25884	816	781	0	0
rna25875	1527	1492	0	0
rna25876	1508	1473	0	0
rna25877	4430	4395	1471.53	73.8609
rna25878	2022	1987	0	0
rna25879	2019	1984	0	0
rna25880	2007	1972	91.3673	10.2209
rna25881	1896	1861	6.64281	0.787429
rna25882	1509	1474	0	0
rna25883	1280	1245	0	0
rna25885	560	525	142	59.6671
rna25886	1201	1166	24.3972	4.6158
rna25887	1197	1162	79.6028	15.1122
rna25889	2281	2246	426.96	41.9356
rna25888	2372	2337	46.0398	4.34591
rna25891	3866	3831	260.135	14.9793
rna25890	4167	4132	157.991	8.43486
rna25893	3112	3077	85.4227	6.12423
rna25892	3735	3700	45.9627	2.74037
rna25894	3103	3068	124.488	8.95116
rna25895	4145	4110	0	0
rna25896	4147	4112	0	0
rna25897	4057	4022	1.56083e-008	8.56091e-010
rna25898	4059	4024	0	0
rna25899	4058	4023	497.757	27.2944
rna25900	3532	3497	358.024	22.5851
rna25901	5268	5233	7.05857e-007	2.97558e-008
rna25902	5265	5230	327.053	13.795
rna25906	4771	4736	13.5516	0.631224
rna25907	4477	4442	480.392	23.8574
rna25903	5198	5163	2.09197e-006	8.93837e-008
rna25904	5189	5154	0.000930519	3.98278e-005
rna25905	5120	5085	0.00243642	0.000105698
rna25908	2109	2074	2	0.212729
rna25909	585	550	2.94134	1.17975
rna25910	946	911	52.0587	12.6061
rna25911	2072	2037	247	26.7492
rna25912	1406	1371	250	40.2261
rna25913	1054	1019	98	21.2157
rna25914	1226	1191	1729	320.25
rna25915	1127	1092	248.911	50.2837
rna25916	1356	1321	50.3648	8.41065
rna25917	1503	1468	103.106	15.4939
rna25918	1150	1115	45.6184	9.02549
rna25919	2155	2120	126.777	13.192
rna25920	1889	1854	2.83978e-008	3.37894e-009
rna25921	1854	1819	169.223	20.5225
rna25922	666	631	194	67.8232
rna25923	3218	3183	1087.71	75.3845
rna25924	118	83	0	0
rna25925	21	22	0	0
rna25926	125	90	1	2.45111
rna25927	23	24	0	0
rna25928	139	104	2	4.24231
rna25929	21	22	0	0
rna25930	127	92	2	4.79565
rna25931	24	25	0	0
rna25932	93	58	0	0
rna25934	78	43	0	0
rna25933	21	22	0	0
rna25935	20	21	0	0
rna25936	1695	1660	350.291	46.5507
rna25940	2053	2018	53.9694	5.89973
rna25938	1737	1702	63.4567	8.22476
rna25939	1890	1855	10.9808	1.30586
rna25937	1890	1855	85.7036	10.192
rna25944	2278	2243	24.7271	2.43192
rna25941	2395	2360	101.896	9.52471
rna25942	2276	2241	0	0
rna25943	2308	2273	3.00096e-007	2.9125e-008
rna25945	2026	1991	214.266	23.7404
rna25946	1032	997	22	4.8678
rna25947	3016	2981	421.372	31.1824
rna25948	2484	2449	4.62795	0.416874
rna25949	2415	2380	7	0.648824
rna25950	72	37	0	0
rna25951	73	38	0	0
rna25952	73	38	0	0
rna25953	1031	996	0	0
rna25954	991	956	181	41.7663
rna25955	2483	2448	143.013	12.8876
rna25956	971	936	147	34.6455
rna25957	399	364	0	0
rna25958	550	515	4	1.7134
rna25959	551	516	1	0.42752
rna25960	703	668	12	3.96288
rna25961	1175	1140	18	3.48316
rna25962	718	683	12	3.87584
rna25963	588	553	5	1.99458
rna25964	598	563	0	0
rna25965	684	649	39	13.2564
rna25966	3247	3212	360.936	24.7891
rna25969	3717	3682	0.09049	0.00542154
rna25968	3722	3687	87.1	5.21136
rna25967	3156	3121	1381.94	97.679
rna25970	2155	2120	141	14.672
rna25973	3314	3279	18.223	1.22598
rna25971	3180	3145	523.124	36.6935
rna25972	3174	3139	47.6531	3.34893
rna25974	3349	3314	49.0449	3.26473
rna25975	72	37	0	0
rna25976	853	818	0	0
rna25977	1693	1658	160	21.2883
rna25978	1871	1836	0	0
rna25981	7243	7208	82.0832	2.51215
rna25982	7099	7064	827.728	25.8489
rna25983	7216	7181	0.013853	0.000425564
rna25984	7252	7217	18.8035	0.57476
rna25980	7484	7449	131.549	3.89577
rna25979	7516	7481	255.749	7.54155
rna25985	5504	5469	0	0
rna25986	5932	5897	0	0
rna25987	5996	5961	105.004	3.88591
rna25988	3107	3072	15.1032	1.08456
rna25989	3084	3049	86.5795	6.26416
rna25990	3058	3023	325.317	23.7397
rna25991	1605	1570	0	0
rna25992	2557	2522	85.0597	7.4402
rna25993	1686	1651	8.19214	1.0946
rna25994	1916	1881	0	0
rna25995	1749	1714	0	0
rna25996	3675	3640	0	0
rna25997	3512	3477	9.99186	0.633939
rna25998	3528	3493	0	0
rna25999	1650	1615	9.75627	1.33265
rna26000	1984	1949	0	0
rna26001	2013	1978	0	0
rna26002	2046	2011	0	0
rna26003	2046	2011	20	2.19393
rna26004	2106	2071	0	0
rna26005	2109	2074	0	0
rna26006	2133	2098	0	0
rna26007	2143	2108	0	0
rna26012	1910	1875	0	0
rna26010	2188	2153	0	0
rna26011	2397	2362	0	0
rna26008	2225	2190	0	0
rna26009	2434	2399	0	0
rna26013	1467	1432	740	113.997
rna26014	635	600	1	0.367667
rna26015	4760	4725	4095.49	191.21
rna26018	1528	1493	5	0.738781
rna26016	4586	4551	3.30579	0.160241
rna26019	589	554	2	0.79639
rna26017	4644	4609	49.653	2.37653
rna26020	2745	2710	408	33.2121
rna26022	2011	1976	571.001	63.7464
rna26023	2223	2188	30.2055	3.0454
rna26021	2002	1967	146.794	16.463
rna26024	765	730	1163	351.449
rna26025	1201	1166	43	8.13534
rna26026	3331	3296	1932.84	129.364
rna26027	4351	4316	2442.32	124.832
rna26028	1694	1659	31.0614	4.13029
rna26029	1803	1768	384.953	48.0321
rna26030	1592	1557	58.2789	8.25712
rna26031	1435	1400	223.707	35.2498
rna26032	652	617	7	2.50276
rna26033	3282	3247	15406.8	1046.73
rna26034	1660	1625	10212	1386.31
rna26037	1680	1645	3	0.40231
rna26035	2185	2150	888.248	91.1385
rna26036	1703	1668	35.7952	4.73406
rna26045	1681	1646	24.6703	3.30636
rna26046	1746	1711	26.3231	3.39385
rna26044	1026	991	0	0
rna26043	1557	1522	37.4675	5.43057
rna26042	1011	976	0	0
rna26041	1019	984	0	0
rna26039	1192	1157	0	0
rna26040	1236	1201	22.2072	4.07903
rna26038	1102	1067	117.332	24.2581
rna26047	3653	3618	1548.13	94.3938
rna26048	2901	2866	167	12.8542
rna26049	614	579	22.5637	8.59682
rna26050	669	634	184.436	64.1745
rna26053	1480	1445	245	37.4028
rna26052	1509	1474	1.57603e-008	2.3587e-009
rna26051	1701	1666	0	0
rna26054	2581	2546	300.887	26.0706
rna26055	2244	2209	204.113	20.3836
rna26057	4196	4161	434.417	23.0311
rna26056	4179	4144	1749.58	93.1366
rna26059	482	447	1.5	0.740269
rna26058	482	447	1.5	0.740269
rna26060	2616	2581	1767	151.027
rna26061	1470	1435	1083.39	166.548
rna26062	3291	3256	70.0717	4.74749
rna26063	2594	2559	73.9283	6.37303
rna26064	3693	3658	51.1262	3.08323
rna26065	3670	3635	74.8738	4.54392
rna26069	943	908	141.744	34.4369
rna26068	1050	1015	72.9536	15.8557
rna26067	1023	988	385.823	86.1464
rna26066	2400	2365	18.4794	1.7237
rna26070	938	903	2.39773	0.585757
rna26071	3229	3194	88.6023	6.11949
rna26075	6055	6020	343.183	12.5758
rna26076	6187	6152	0.154907	0.00555468
rna26077	6196	6161	1195.68	42.8125
rna26072	6461	6426	31.1725	1.07013
rna26073	6437	6402	113.177	3.89985
rna26074	6275	6240	456.84	16.1505
rna26079	6198	6163	0	0
rna26078	6130	6095	0	0
rna26080	5754	5719	0.00161781	6.24042e-005
rna26081	5763	5728	25.8158	0.994233
rna26082	5547	5512	56.9726	2.28015
rna26083	1861	1826	224.212	27.0871
rna26084	1864	1829	64.6463	7.79714
rna26085	1996	1961	1.18078e-008	1.3283e-009
rna26086	1864	1829	165.804	19.998
rna26087	1996	1961	1.17289	0.131943
rna26088	1999	1964	77.1655	8.66737
rna26089	2131	2096	5.9895e-008	6.30384e-009
rna26090	861	826	132	35.2533
rna26091	2012	1977	845.05	94.2934
rna26092	1633	1598	197.95	27.3265
rna26093	2262	2227	63.8683	6.32661
rna26094	3033	2998	508.132	37.3896
rna26098	3404	3369	762.735	49.9434
rna26095	2805	2770	131.717	10.4898
rna26096	3285	3250	2.34747e-005	1.59339e-006
rna26097	3297	3262	75.5479	5.1091
rna26099	1418	1383	2826	450.771
rna26100	508	473	32.3379	15.0819
rna26101	697	662	222.662	74.1983
rna26103	1944	1909	151.934	17.5572
rna26102	1756	1721	366.249	46.9463
rna26104	1814	1779	9.81694	1.21732
rna26105	1799	1764	46.8884	5.86372
rna26106	2050	2015	32.1116	3.51554
rna26107	751	716	160	49.2961
rna26111	3313	3278	117.553	7.91099
rna26108	3582	3547	0.00654742	0.000407207
rna26109	3519	3484	392.778	24.8699
rna26110	3318	3283	318.785	21.4207
rna26112	2028	1993	648	71.7255
rna26113	1138	1103	161.877	32.3755
rna26114	5171	5136	588.945	25.2962
rna26119	4304	4269	78.5426	4.05868
rna26115	4388	4353	0.487045	0.0246823
rna26116	4435	4400	102.419	5.1349
rna26117	4545	4510	33.6071	1.64384
rna26118	4592	4557	0	0
rna26121	2732	2697	12.3941	1.01377
rna26120	2961	2926	471.606	35.5558
rna26122	1738	1703	28.9799	3.75394
rna26123	1740	1705	271.02	35.0657
rna26124	1785	1750	0	0
rna26125	1202	1167	187	35.3489
rna26126	2197	2162	305.944	31.2171
rna26127	2205	2170	0.0556407	0.00565638
rna26128	1393	1358	175.546	28.5165
rna26129	1439	1404	130.555	20.5132
rna26130	1441	1406	325.899	51.1332
rna26133	1397	1362	696.653	112.835
rna26131	1493	1458	3.05931e-007	4.62883e-008
rna26132	1519	1484	149.347	22.2008
rna26134	1053	1018	188	40.7395
rna26135	594	559	30.5	12.0363
rna26136	604	569	2.45504e-008	9.51813e-009
rna26137	594	559	30.5	12.0363
rna26138	553	518	170	72.3977
rna26139	1621	1586	3084	428.96
rna26140	2204	2169	489	49.7342
rna26142	2408	2373	501	46.5742
rna26141	2262	2227	0	0
rna26143	1914	1879	358.341	42.0703
rna26151	9801	9766	2599.95	58.7292
rna26148	10091	10056	386.469	8.47804
rna26149	10163	10128	176.949	3.85416
rna26150	10166	10131	1.28709e-006	2.8026e-008
rna26147	10608	10573	183.057	3.81939
rna26146	10259	10224	184.864	3.98876
rna26145	9963	9928	0.000255336	5.67356e-006
rna26144	10111	10076	9.95702e-007	2.17995e-008
rna26152	1833	1798	92.714	11.3753
rna26154	2044	2009	0	0
rna26153	4053	4018	828.956	45.5121
rna26155	1668	1633	343.01	46.3369
rna26156	3234	3199	384.364	26.5054
rna26157	4235	4200	13366.8	702.078
rna26158	3326	3291	41	2.74828
rna26159	2963	2928	21	1.58217
rna26160	114	79	0	0
rna26161	22	23	0	0
rna26164	3226	3191	114.883	7.94208
rna26165	3334	3299	377.461	25.2404
rna26166	3376	3341	853.084	56.3276
rna26162	3342	3307	13.2766	0.88564
rna26163	3384	3349	31.3057	2.06212
rna26167	2471	2436	143.128	12.9615
rna26168	2474	2439	802.861	72.6163
rna26169	735	700	316	99.5852
rna26170	1625	1590	219.399	30.4399
rna26171	1589	1554	338.601	48.0665
rna26172	2004	1969	2	0.224073
rna26173	5623	5588	29.0213	1.14569
rna26174	776	741	119	35.427
rna26175	1545	1510	611	89.2627
rna26176	4282	4247	861.599	44.7537
rna26177	4057	4022	862.401	47.3013
rna26178	1690	1655	227	30.2575
rna26179	2207	2172	611	62.0565
rna26181	1869	1834	17	2.04482
rna26180	1870	1835	0	0
rna26182	1183	1148	1	0.19216
rna26183	2968	2933	697	52.4235
rna26184	2104	2069	11	1.17284
rna26185	4635	4600	249.776	11.9784
rna26188	3862	3827	0	0
rna26187	3962	3927	38.4028	2.15729
rna26186	4069	4034	391.821	21.4268
rna26189	1382	1347	1	0.163771
rna26191	2101	2066	15.6346	1.6694
rna26190	2719	2684	2.83856	0.233304
rna26192	2185	2150	0	0
rna26193	1635	1600	2.54618	0.351055
rna26194	1361	1326	0	0
rna26195	1395	1360	0	0
rna26196	1348	1313	20.8423	3.50176
rna26197	1290	1255	251.158	44.1477
rna26198	2778	2743	36.6063	2.94399
rna26199	3935	3900	431.394	24.4014
rna26201	2263	2228	10.4794	1.03759
rna26200	2329	2294	370.521	35.6307
rna26202	805	770	381	109.154
rna26203	4044	4009	397	21.8454
rna26204	403	368	2	1.19891
rna26205	2984	2949	0	0
rna26206	3021	2986	291.71	21.551
rna26207	2706	2671	46.7077	3.85763
rna26208	2921	2886	560.479	42.8419
rna26209	2501	2466	403.103	36.0603
rna26210	6175	6140	470.688	16.911
rna26211	2026	1991	2.34895	0.26026
rna26212	3632	3597	5	0.306645
rna26213	2235	2200	13.4537	1.34904
rna26214	2181	2146	156.751	16.1134
rna26215	2034	1999	0	0
rna26216	4620	4585	0	0
rna26217	4503	4468	40	1.97493
rna26218	2069	2034	61	6.61583
rna26219	5691	5656	722.531	28.1807
rna26220	4455	4420	1272.48	63.5089
rna26221	729	694	7.98813	2.53917
rna26222	3579	3544	626.2	38.9785
rna26223	3354	3319	0	0
rna26224	1691	1656	261	34.7685
rna26225	1425	1390	1205	191.24
rna26227	4996	4961	0	0
rna26228	5136	5101	0	0
rna26229	3325	3290	191.834	12.8628
rna26230	2911	2876	284.053	21.7879
rna26231	5545	5510	60.6463	2.42805
rna26226	5166	5131	315.624	13.5698
rna26232	5229	5194	0	0
rna26233	2648	2613	365.843	30.8859
rna26234	2712	2677	5	0.412029
rna26235	145	110	0	0
rna26236	3776	3741	411	24.2359
rna26237	1525	1490	53.2143	7.87858
rna26238	1313	1278	0.00262075	0.000452377
rna26239	1373	1338	1.80955e-005	2.98345e-006
rna26240	1301	1266	180.783	31.5014
rna26241	2128	2093	436	45.954
rna26242	2361	2326	241.245	22.8799
rna26243	1884	1849	363.755	43.3988
rna26244	1307	1272	193	33.4716
rna26245	1399	1364	233	37.6831
rna26255	1818	1783	206.334	25.5285
rna26254	2032	1997	48.9221	5.40421
rna26253	2131	2096	0	0
rna26252	2008	1973	8.56335	0.957464
rna26251	2039	2004	0	0
rna26250	2196	2161	0	0
rna26249	1882	1847	701.075	83.7343
rna26248	1863	1828	0.956923	0.11548
rna26247	1892	1857	74.985	8.90775
rna26246	1966	1931	176.592	20.1741
rna26256	1789	1754	28.3367	3.5639
rna26257	1766	1731	0	0
rna26258	1816	1781	401.235	49.6982
rna26259	2820	2785	654	51.8034
rna26260	1934	1899	652	75.7405
rna26261	6232	6197	1553	55.2835
rna26262	1113	1078	53	10.8458
rna26264	1876	1841	371	44.4555
rna26263	1974	1939	0	0
rna26266	1641	1606	13.9089	1.91052
rna26265	1761	1726	557.091	71.2018
rna26267	1626	1591	2230.25	309.235
rna26268	2785	2750	714.754	57.3363
rna26269	1678	1643	0	0
rna26270	2103	2068	404	43.096
rna26271	1477	1442	690.914	105.697
rna26272	249	214	16.0855	16.5816
rna26273	1763	1728	6.19147	0.790415
rna26274	1758	1723	189.686	24.286
rna26275	1766	1731	619.367	78.9326
rna26276	1997	1962	373.755	42.0237
rna26278	2056	2021	686.694	74.9554
rna26277	2143	2108	1611.31	168.621
rna26279	1952	1917	3970	456.85
rna26280	2223	2188	707	71.2816
rna26281	6461	6426	374	12.8392
rna26282	1573	1538	487.13	69.8705
rna26283	1596	1561	40.2461	5.68757
rna26284	1538	1503	489.624	71.8637
rna26285	1384	1349	43.9853	7.19285
rna26286	1480	1445	16.0147	2.44488
rna26287	6169	6134	222	7.9839
rna26289	4227	4192	0	0
rna26288	4599	4564	86.7295	4.19206
rna26290	4214	4179	0	0
rna26291	4142	4107	96.1555	5.16482
rna26292	3676	3641	125.115	7.58043
rna26293	1901	1866	6	0.709325
rna26295	1887	1852	235	27.9919
rna26294	1969	1934	0	0
rna26296	1298	1263	1	0.174664
rna26297	1680	1645	0	0
rna26298	3224	3189	2	0.138351
rna26299	1004	969	2	0.455315
rna26300	2306	2271	2	0.194276
rna26301	1255	1220	7	1.26574
rna26302	2230	2195	146	14.6732
rna26303	594	559	1	0.394633
rna26304	3206	3171	198.069	13.7792
rna26305	3221	3186	868.443	60.1314
rna26307	2966	2931	52.5091	3.95207
rna26308	2704	2669	1058.49	87.487
rna26309	2989	2954	0	0
rna26306	2963	2928	351.468	26.4802
rna26310	2584	2549	377.323	32.655
rna26312	2564	2529	231.57	20.1994
rna26311	2771	2736	1208.38	97.43
rna26314	1693	1658	15	1.99578
rna26313	2671	2636	92.7486	7.76189
rna26315	852	817	43	11.6105
rna26316	1696	1661	159	21.117
rna26319	9629	9594	536.356	12.3327
rna26317	11745	11710	294.158	5.54153
rna26318	11754	11719	27.4855	0.51739
rna26320	13605	13570	8	0.130052
rna26321	1066	1031	2	0.427934
rna26322	4775	4740	6	0.279241
rna26326	3327	3292	456.364	30.5814
rna26325	2976	2941	136.193	10.2156
rna26323	3134	3099	86.2778	6.14162
rna26324	3138	3103	1.27977e-005	9.09822e-007
rna26327	1932	1897	151	17.5596
rna26328	1071	1036	2	0.425869
rna26329	13025	12990	8	0.135858
rna26331	4647	4612	2.63333	0.125957
rna26330	5231	5196	13.3494	0.566757
rna26332	5500	5465	107.017	4.31986
rna26333	2410	2375	118.356	10.9934
rna26334	2489	2454	276.988	24.8996
rna26335	2497	2462	165.656	14.8431
rna26336	1203	1168	49	9.25463
rna26337	1256	1221	0	0
rna26339	1345	1310	15.3172	2.57937
rna26338	1436	1401	39.6828	6.24842
rna26340	6374	6339	717.509	24.9696
rna26341	6278	6243	385.393	13.6181
rna26342	6251	6216	3.84236e-007	1.36362e-008
rna26343	6377	6342	0.721961	0.0251127
rna26344	5560	5525	114.376	4.56677
rna26345	3723	3688	394	23.5674
rna26346	866	831	255	67.6932
rna26347	2051	2016	696	76.1595
rna26348	1885	1850	0	0
rna26351	1148	1113	107.22	21.2513
rna26349	1161	1126	61.1325	11.9768
rna26350	1195	1160	60.6477	11.5335
rna26352	1929	1894	431	50.1999
rna26353	1194	1159	770	146.559
rna26354	1095	1060	0	0
rna26355	4787	4752	139	6.45274
rna26356	9601	9566	110	2.53669
rna26357	983	948	663	154.28
rna26358	1548	1513	715	104.249
rna26359	2853	2818	2	0.156565
rna26360	2558	2523	0	0
rna26361	2398	2363	0	0
rna26362	2502	2467	0	0
rna26363	2451	2416	0	0
rna26364	1740	1705	0	0
rna26365	1585	1550	3.10784	0.442316
rna26366	1599	1564	7.59615e-005	1.07143e-005
rna26367	1599	1564	0	0
rna26368	1523	1488	42.0076	6.22774
rna26369	2299	2264	6.01089	0.58569
rna26370	1542	1507	0	0
rna26371	2643	2608	4.00022	0.338362
rna26372	1380	1345	0	0
rna26373	1250	1215	1	0.181564
rna26374	1726	1691	3.00765	0.392364
rna26375	3112	3077	0	0
rna26377	1985	1950	5	0.565641
rna26376	2948	2913	0	0
rna26378	1461	1426	12	1.85638
rna26380	1738	1703	2	0.259072
rna26379	1759	1724	1.0352e-006	1.32462e-007
rna26381	2174	2139	3	0.309397
rna26382	1644	1609	77	10.557
rna26383	1592	1557	0	0
rna26384	884	849	0	0
rna26385	1991	1956	0	0
rna26386	821	786	0	0
rna26387	2875	2840	0	0
rna26388	3371	3336	11	0.727398
rna26389	959	924	1	0.238745
rna26390	961	926	2	0.476458
rna26391	1523	1488	61.3074	9.08899
rna26392	1820	1785	1	0.123585
rna26393	3564	3529	33	2.06285
rna26394	604	569	1	0.387698
rna26396	1736	1701	19	2.46408
rna26395	1944	1909	0	0
rna26397	3997	3962	55	3.06234
rna26398	3672	3637	13	0.788507
rna26399	5555	5520	0	0
rna26400	3904	3869	0	0
rna26401	11935	11900	2552.79	47.3232
rna26402	5210	5175	214.241	9.13267
rna26403	5243	5208	396.461	16.7933
rna26404	5261	5226	228.298	9.63691
rna26405	1811	1776	384	47.6973
rna26406	4002	3967	29.6051	1.64631
rna26407	5129	5094	105.031	4.54847
rna26408	3868	3833	51.1354	2.94299
rna26409	4768	4733	2.43731e-006	1.136e-007
rna26410	4773	4738	13.7877	0.64195
rna26411	4728	4693	0.194628	0.00914873
rna26412	4682	4647	22.246	1.05605
rna26414	3538	3503	44	2.77088
rna26413	3632	3597	0	0
rna26415	4404	4369	30.2029	1.52501
rna26418	3458	3423	0	0
rna26419	3461	3426	0	0
rna26420	3533	3498	0	0
rna26417	3248	3213	8.98272	0.616741
rna26416	3042	3007	32.8144	2.40734
rna26421	3382	3347	0	0
rna26422	2343	2308	221	21.1233
rna26423	1297	1262	177	30.9399
rna26424	897	862	501.582	128.363
rna26425	1062	1027	428.418	92.0243
rna26426	2054	2019	202	22.0709
rna26427	5052	5017	21.7078	0.954503
rna26428	4910	4875	158.247	7.16088
rna26430	2257	2222	40	3.9712
rna26429	5179	5144	555.045	23.8031
rna26434	3123	3088	1396.83	99.7863
rna26433	3511	3476	401.824	25.5013
rna26432	3087	3052	1200.7	86.7873
rna26431	3151	3116	715.648	50.6649
rna26435	2530	2495	2010.71	177.781
rna26436	213	178	4.2904	5.31721
rna26437	1529	1494	282	41.6394
rna26438	1442	1407	0	0
rna26439	1038	1003	84	18.475
rna26440	1171	1136	5	0.970951
rna26441	1193	1158	1722	328.043
rna26443	1610	1575	517.674	72.5072
rna26444	1622	1587	37.3328	5.18943
rna26442	1833	1798	148.994	18.2803
rna26445	1358	1323	354.889	59.1751
rna26446	1594	1559	272.111	38.5039
rna26447	2358	2323	547.736	52.0149
rna26448	1738	1703	854.264	110.658
rna26449	1741	1706	0	0
rna26450	419	384	639	367.092
rna26451	73	38	0	0
rna26452	881	846	1025	267.275
rna26453	2310	2275	0	0
rna26454	2324	2289	602	58.0171
rna26455	1284	1249	103	18.192
rna26456	73	38	0	0
rna26457	744	709	50	15.5571
rna26458	1288	1253	4	0.70423
rna26459	5204	5169	593.458	25.3273
rna26460	4251	4216	543.156	28.4204
rna26461	1146	1111	441.386	87.6416
rna26462	3017	2982	203.388	15.0461
rna26463	2415	2380	3.61208	0.3348
rna26464	2237	2202	1936.67	194.019
gene11494	1780	1745	420.33	53.1374
rna26465	4231	4196	2401.12	126.236
rna26466	4345	4310	472.693	24.194
rna26467	4348	4313	2147.43	109.836
rna26468	2099	2064	20.6766	2.20991
rna26469	2540	2505	20.4073	1.79715
rna26470	2549	2514	26.9161	2.36185
rna26471	2552	2517	3.06146e-008	2.68319e-009
rna26472	8759	8724	420	10.6204
rna26474	2416	2381	73.2791	6.78932
rna26475	4627	4592	0	0
rna26476	4950	4915	22.1399	0.993706
rna26477	4962	4927	0	0
rna26473	2201	2166	14.581	1.48503
rna26481	3551	3516	73.3522	4.60225
rna26479	3670	3635	0	0
rna26480	3676	3641	0	0
rna26478	3569	3534	0.176333	0.0110071
rna26482	6891	6856	77.4714	2.49274
rna26483	1716	1681	346.876	45.5211
rna26484	2162	2127	1	0.103714
rna26485	3072	3037	2.00161	0.145392
rna26486	1775	1740	1	0.126782
rna26487	3950	3915	0	0
rna26488	834	799	0	0
rna26489	660	625	0	0
rna26490	769	734	1	0.300545
rna26491	1416	1381	1	0.159739
rna26495	673	638	65.6955	22.7154
rna26494	810	775	10.565	3.00726
rna26493	909	874	0	0
rna26492	2509	2474	329.74	29.402
rna26500	4419	4384	4.30502	0.216626
rna26499	3231	3196	71.8458	4.95907
rna26497	2023	1988	117.668	13.0572
rna26498	2034	1999	61.62	6.80009
rna26496	2111	2076	70.7727	7.52046
rna26501	446	411	7	3.75718
rna26502	1290	1255	0	0
rna26503	1252	1217	7	1.26886
rna26504	492	457	0	0
rna26505	456	421	3	1.57197
rna26506	1851	1816	18	2.18656
rna26507	75	40	0	0
rna26508	22	23	0	0
rna26509	378	343	32	20.5808
rna26510	733	698	183	57.8364
rna26511	437	402	159	87.2523
rna26512	2594	2559	0	0
rna26513	13562	13527	19	0.309854
rna26514	4366	4331	438.039	22.3116
rna26515	4348	4313	26.9612	1.379
rna26516	4444	4409	3.0655e-007	1.53379e-008
rna26517	963	928	97	23.0584
rna26518	141	106	4	8.32453
rna26519	857	822	110	29.5207
rna26520	82	47	0	0
rna26521	72	37	0.25	1.49054
rna26522	72	37	0.25	1.49054
rna26523	82	47	0.4	1.87745
rna26524	74	39	0	0
rna26525	1109	1074	15	3.08101
rna26527	2364	2329	403	38.1717
rna26526	2389	2354	0	0
rna26528	560	525	17	7.14324
rna26529	1194	1159	198.541	37.7896
rna26531	347	312	0	0
rna26530	1061	1026	396.459	85.2426
rna26532	1258	1223	435	78.4636
rna26533	3336	3301	344	22.9889
rna26534	485	450	8.18617	4.01304
rna26535	2024	1989	733.046	81.3022
rna26536	1928	1893	192.768	22.4641
rna26537	1438	1403	1067	167.769
rna26538	1674	1639	47	6.32593
rna26541	3938	3903	183.745	10.3854
rna26540	3322	3287	877.255	58.8751
rna26539	3249	3214	0	0
rna26542	2601	2566	199	17.1081
rna26543	3915	3880	366	20.8092
rna26544	1150	1115	37.2799	7.37574
rna26545	1238	1203	438.72	80.4503
rna26546	2606	2571	523.466	44.9151
rna26547	2573	2538	56.5336	4.91384
rna26548	3592	3557	0	0
rna26549	3568	3533	92.2971	5.76302
rna26550	3469	3434	433.703	27.8611
rna26551	1951	1916	105	12.0893
rna26552	3108	3073	65.7831	4.72234
rna26553	2969	2934	349.678	26.2914
rna26554	2990	2955	0.665015	0.0496455
rna26555	2961	2926	118.874	8.96224
rna26556	879	844	47.1931	12.3351
rna26557	1406	1371	1041.81	167.631
rna26559	4106	4071	208.183	11.281
rna26558	1049	1014	1694.82	368.715
rna26560	3399	3364	6.23208	0.408679
rna26561	3320	3285	230.11	15.4527
rna26562	3275	3240	0	0
rna26563	3320	3285	0.00419533	0.000281732
rna26564	3240	3205	3.78808e-008	2.60734e-009
rna26565	3301	3266	33.4712	2.26079
rna26566	3142	3107	1.2355e-007	8.77218e-009
rna26568	1242	1207	8.97795	1.64087
rna26567	1050	1015	14.2049	3.0873
rna26569	1641	1606	0	0
rna26570	1689	1654	115.945	15.4641
rna26574	3254	3219	244.607	16.7631
rna26571	3555	3520	46.7758	2.93146
rna26572	3587	3552	0.00106744	6.62944e-005
rna26573	3590	3555	0.000393852	2.44399e-005
rna26575	3977	3942	69.6704	3.89886
rna26576	946	911	12	2.90582
rna26577	407	372	22.4753	13.3281
rna26586	3573	3538	0	0
rna26587	5355	5320	0	0
rna26588	4857	4822	13.4965	0.617447
rna26589	4881	4846	501.011	22.807
rna26590	4953	4918	0	0
rna26591	5040	5005	21.031	0.92696
rna26592	5211	5176	0	0
rna26593	5130	5095	15.9178	0.689197
rna26594	5301	5266	0	0
rna26595	5064	5029	47.9986	2.10548
rna26596	5079	5044	13.959	0.610497
rna26597	5151	5116	0	0
rna26598	5223	5188	0	0
rna26599	5322	5287	0	0
rna26600	5169	5134	2.58982e-007	1.11281e-008
rna26601	5241	5206	0	0
rna26602	5313	5278	0	0
rna26603	5340	5305	0	0
rna26604	5235	5200	285.063	12.0932
rna26605	5412	5377	0	0
rna26584	3546	3511	0	0
rna26585	5385	5350	0	0
rna26583	5362	5327	0	0
rna26582	4030	3995	339.221	18.7315
rna26580	5813	5778	9.55385	0.36476
rna26581	5870	5835	0	0
rna26578	3575	3540	0	0
rna26579	5357	5322	0	0
rna26606	4931	4896	10.092	0.454718
rna26608	590	555	194	77.1107
rna26607	5972	5937	1384.64	51.4488
rna26609	2571	2536	262.038	22.794
rna26610	4276	4241	378.706	19.6988
rna26611	4264	4229	192.256	10.0288
rna26612	5835	5800	2303.62	87.617
rna26613	1656	1621	503	68.4527
rna26614	1808	1773	49	6.09667
rna26616	1620	1585	412.481	57.4091
rna26615	1799	1764	50.4623	6.31065
rna26617	281	246	2.05625	1.84394
rna26618	656	621	96	34.1024
rna26619	3100	3065	280.898	20.2174
rna26620	1171	1136	170.102	33.0321
rna26623	1192	1157	303.424	57.8525
rna26622	1376	1341	14.5761	2.39783
rna26621	1207	1172	7.50304e-005	1.41226e-005
rna26624	2237	2202	52.5851	5.26806
rna26625	2024	1989	0	0
rna26626	1902	1867	217.598	25.7108
rna26628	1287	1252	415.796	73.2625
rna26627	1261	1226	1.02103	0.18372
rna26630	5824	5789	328.441	12.5158
rna26629	5738	5703	189.559	7.33241
rna26631	1565	1530	187	26.9622
rna26632	5341	5306	253	10.5186
rna26633	3580	3545	1978.19	123.1
rna26634	3533	3498	1347.23	84.9625
rna26639	3144	3109	19.1391	1.35802
rna26636	2918	2883	0	0
rna26637	3045	3010	0	0
rna26638	3263	3228	1381.25	94.3938
rna26635	3237	3202	0.0414116	0.00285303
rna26640	2403	2368	159.104	14.822
rna26641	2554	2519	13.3099	1.1656
rna26643	3798	3763	457.582	26.8251
rna26642	3750	3715	363.585	21.59
rna26644	1863	1828	0	0
rna26645	2985	2950	5.72149	0.427851
rna26646	407	372	0.27851	0.16516
rna26647	1728	1693	2	0.260603
rna26648	6369	6334	133.399	4.646
rna26649	5421	5386	1.15443	0.0472831
rna26650	5368	5333	780.766	32.2965
rna26651	4023	3988	608.681	33.6698
rna26652	3016	2981	18	1.33204
rna26654	1477	1442	345	52.7788
rna26653	1583	1548	0	0
rna26655	3419	3384	4	0.260757
rna26656	73	38	0	0
rna26657	1640	1605	251	34.4988
rna26658	3390	3355	330.587	21.737
rna26659	2808	2773	275.597	21.9245
rna26660	2980	2945	2255.64	168.963
rna26661	144	109	62.1744	125.832
rna26662	264	229	160	154.131
rna26663	233	198	5.44926	6.07125
rna26664	1248	1213	254.551	46.2934
rna26665	1262	1227	2.10826e-008	3.7904e-009
rna26666	1447	1412	3427	535.408
rna26667	1625	1590	12	1.66491
rna26668	1933	1898	354	41.1446
rna26669	630	595	74	27.436
rna26670	8308	8273	3548.07	94.6096
rna26671	7776	7741	3755.93	107.035
rna26672	1287	1252	23	4.05256
rna26673	2170	2135	381	39.367
rna26674	3389	3354	1036.22	68.1546
rna26675	1090	1055	5.39369	1.12782
rna26676	1117	1082	11.9319	2.43269
rna26677	1746	1711	2166.45	279.322
rna26678	1948	1913	510.454	58.8637
rna26681	1299	1264	247.715	43.2326
rna26680	1339	1304	98.3822	16.6435
rna26679	1521	1486	45.4484	6.74692
rna26685	3217	3182	1956.46	135.636
rna26684	3066	3031	44.8215	3.26216
rna26683	2482	2447	1474.72	132.948
rna26682	2746	2711	0	0
rna26686	2728	2693	16	1.31066
rna26687	912	877	188	47.2894
rna26688	992	957	66.3945	15.3047
rna26696	3026	2991	278.676	20.5536
rna26695	3045	3010	27.0606	1.98324
rna26689	2878	2843	0	0
rna26690	2905	2870	1.09598e-007	8.42412e-009
rna26691	2908	2873	69.7283	5.35401
rna26692	3019	2984	24.1409	1.78468
rna26693	3046	3011	0	0
rna26694	2989	2954	0	0
rna26697	72	37	92	548.519
rna26698	100	65	49	166.299
rna26699	22	23	0	0
rna26700	1910	1875	458	53.8852
rna26701	79	44	0	0
rna26702	23	24	0	0
rna26703	75	40	0	0
rna26704	22	23	0	0
rna26705	2448	2413	248	22.6725
rna26706	2500	2465	168	15.0348
rna26707	582	547	26	10.4856
rna26708	1229	1194	363	67.0669
rna26709	3996	3961	8	0.445544
rna26710	7955	7920	8169.54	227.551
rna26713	3160	3125	23901.2	1687.23
rna26712	3239	3204	0	0
rna26711	3623	3588	9629.45	592.045
rna26714	100	65	0	0
rna26715	21	22	0	0
rna26716	93	58	0	0
rna26717	22	23	0	0
rna26722	3650	3615	12.7832	0.780075
rna26721	2589	2554	0	0
rna26718	4963	4928	2.07412	0.092847
rna26719	4183	4148	29.9048	1.5904
rna26720	4960	4925	4.2576	0.190706
rna26723	4129	4094	548.394	29.5495
rna26724	1500	1465	4	0.602321
rna26726	2442	2407	0	0
rna26725	7341	7306	353	10.6586
rna26727	974	939	8	1.87945
rna26728	1401	1366	8	1.29195
rna26729	2914	2879	132	10.1143
rna26730	1223	1188	15	2.78535
rna26731	766	731	0	0
rna26732	6182	6147	106.772	3.83176
rna26733	6162	6127	1938.82	69.8064
rna26734	6178	6143	43.7627	1.57155
rna26735	6158	6123	378.405	13.6332
rna26736	6129	6094	180.39	6.53004
rna26737	5953	5918	536.45	19.9968
rna26738	6003	5968	85.2921	3.15272
rna26739	5667	5632	1124.16	44.0325
rna26740	5919	5884	266.054	9.97476
rna26741	2675	2640	120.037	10.0303
rna26742	3650	3615	804.748	49.1086
rna26743	6928	6893	33	1.05612
rna26744	997	962	451.741	103.591
rna26745	2157	2122	348.259	36.2045
rna26746	3227	3192	6	0.414662
rna26747	1220	1185	2	0.372321
rna26748	1460	1425	0	0
rna26749	1814	1779	1.92985	0.239306
rna26750	1819	1784	0.0701457	0.00867385
rna26751	1879	1844	0	0
rna26753	1194	1159	0	0
rna26752	3379	3344	4	0.263876
rna26754	2395	2360	4.78442e-006	4.47222e-007
rna26755	2360	2325	220.492	20.9207
rna26756	1185	1150	49.3367	9.46407
rna26757	1553	1518	428.171	62.2231
rna26759	1015	980	9.70977	2.18569
rna26758	1040	1005	13.2902	2.91724
rna26762	25978	25943	15329.3	130.349
rna26761	25739	25704	54303.8	466.052
rna26760	25997	25962	7604.96	64.6197
rna26763	14424	14389	1157.42	17.7445
rna26764	2359	2324	4204	399.055
rna26765	3601	3566	301	18.6205
rna26766	7343	7308	1055.15	31.8509
rna26767	7156	7121	460.799	14.275
rna26769	850	815	17.1007	4.62874
rna26768	879	844	0	0
rna26770	2527	2492	24.3122	2.1522
rna26771	2322	2287	186.688	18.0076
rna26772	408	373	147	86.9389
rna26773	6340	6305	6790.69	237.593
rna26774	1721	1686	120.177	15.7243
rna26775	1630	1595	285.565	39.4956
rna26777	1423	1388	914.395	145.328
rna26776	4336	4301	267.316	13.7108
rna26778	1662	1627	37.8489	5.13182
rna26779	1794	1759	42.6712	5.35148
rna26780	1557	1522	0	0
rna26781	1689	1654	211.414	28.197
rna26782	1403	1368	48.2311	7.77762
rna26783	2903	2868	197.866	15.2194
rna26784	2718	2683	782.134	64.3081
rna26786	2085	2050	726.983	78.2304
rna26785	2143	2108	21.0173	2.19944
rna26787	3355	3320	1.56835e-005	1.0421e-006
rna26788	3196	3161	488.888	34.1185
rna26789	3493	3458	489.01	31.196
rna26792	8836	8801	580.188	14.5426
rna26790	9356	9321	0	0
rna26791	9410	9375	0	0
rna26793	1801	1766	291.604	36.4258
rna26794	2832	2797	1875	147.881
rna26797	1745	1710	15	1.93509
rna26795	1557	1522	0	0
rna26798	6624	6589	115.334	3.86139
rna26796	2228	2193	27.7563	2.79209
rna26799	2210	2175	540.44	54.8143
rna26800	859	824	272.56	72.9694
rna26801	1935	1900	769	89.285
rna26802	5029	4994	380.214	16.7952
rna26803	5119	5084	1465.79	63.602
rna26804	1802	1767	328	40.949
rna26805	1592	1557	42	5.95068
rna26806	4522	4487	818	40.2164
rna26807	706	671	59	19.397
rna26808	1806	1771	5	0.622812
rna26809	1158	1123	75	14.7329
rna26811	751	716	0	0
rna26810	735	700	289	91.0763
rna26812	1703	1668	118.214	15.6343
rna26813	1497	1462	258.786	39.048
rna26814	1786	1751	46.9617	5.91648
rna26815	1525	1490	36.3625	5.3836
rna26816	1453	1418	125.676	19.5516
rna26817	127	92	1	2.39783
rna26818	22	23	0	0
rna26819	100	65	0	0
rna26821	92	57	1	3.87018
rna26822	23	24	0	0
rna26820	21	22	0	0
rna26823	1992	1957	48	5.41073
rna26825	3712	3677	250.636	15.0368
rna26824	3721	3686	118.364	7.08384
rna26826	1184	1149	50	9.59965
rna26827	1300	1265	204	35.575
rna26829	2133	2098	57.4552	6.04129
rna26830	2069	2034	44.7794	4.8566
rna26831	2081	2046	2.68231e-008	2.89207e-009
rna26828	2541	2506	436.307	38.4076
rna26832	1953	1918	1063.73	122.346
rna26833	2897	2862	1306.75	100.723
rna26834	2691	2656	0	0
rna26835	1888	1853	551.638	65.6726
rna26837	752	717	13.0364	4.01091
rna26836	642	607	359.301	130.58
rna26838	9298	9263	8.757	0.20855
rna26839	7757	7722	752.846	21.5071
rna26840	9333	9298	0	0
rna26841	7655	7620	1080.12	31.2695
rna26842	7915	7880	97.0294	2.71633
rna26843	7891	7856	195.721	5.49595
rna26844	2531	2496	37.2793	3.2948
rna26845	2734	2699	6.09214	0.497935
rna26846	2800	2765	0	0
rna26847	2836	2801	195.288	15.3804
rna26848	965	930	10.3403	2.45275
rna26849	788	753	0	0
rna26850	2262	2227	0	0
rna26851	4762	4727	55.0234	2.56784
rna26852	4765	4730	0	0
rna26853	4690	4655	43.4631	2.05971
rna26854	4695	4660	157.091	7.43656
rna26855	4713	4678	43.1341	2.03407
rna26856	4742	4707	0	0
rna26857	4699	4664	0	0
rna26858	4689	4654	0	0
rna26859	4668	4633	0	0
rna26860	4590	4555	0	0
rna26861	4606	4571	0	0
rna26862	4593	4558	0	0
rna26863	4531	4496	3.20307e-007	1.57161e-008
rna26864	4509	4474	0	0
rna26865	4486	4451	113.31	5.61584
rna26866	4444	4409	354.393	17.7317
rna26867	4434	4399	627.494	31.4674
rna26878	1126	1091	4	0.8088
rna26879	1237	1202	5	0.917638
gene11685	426	391	3	1.69258
rna26868	4530	4495	12.2754	0.602437
rna26869	4443	4408	94.7348	4.74104
rna26870	4561	4526	11.3954	0.555417
rna26871	1530	1495	0	0
rna26872	1470	1435	0	0
rna26873	1428	1393	0	0
rna26874	1377	1342	0	0
rna26875	3867	3832	56.3131	3.24182
rna26876	4412	4377	19.9283	1.00438
rna26877	3675	3640	1092.08	66.1847
rna26880	522	487	14	6.34169
rna26881	1367	1332	270	44.7162
rna26882	753	718	5	1.53621
rna26883	2689	2654	154	12.8005
rna26884	700	665	191	63.3603
rna26885	2031	1996	271	29.9512
rna26886	789	754	142	41.5454
rna26887	2489	2454	624	56.0939
rna26888	736	701	244	76.7852
rna26889	3266	3231	582	39.7367
rna26890	4829	4794	856	39.3896
rna26892	1749	1714	207.13	26.6586
rna26891	1691	1656	360.87	48.0725
rna26893	1773	1738	0	0
rna26894	100	65	0	0
rna26895	21	22	0	0
rna26896	82	47	0	0
rna26897	24	25	0	0
rna26898	2269	2234	356.773	35.2301
rna26899	2591	2556	15.8758	1.37019
rna26900	1651	1616	2465.38	336.548
rna26901	3852	3817	869.866	50.2731
rna26902	666	631	69.9261	24.4464
rna26903	1296	1261	326	57.0306
rna26904	1158	1123	189	37.1268
rna26905	2546	2511	13.052	1.14666
rna26906	1481	1446	27	4.11909
rna26907	2382	2347	195	18.3285
rna26909	7493	7458	162.46	4.8054
rna26908	7481	7446	373.17	11.0558
rna26910	3415	3380	1	0.0652663
rna26911	922	887	140.201	34.8684
rna26912	905	870	73.1974	18.5602
rna26913	2255	2220	42.4612	4.21934
rna26914	2159	2124	0	0
rna26915	2240	2205	221.568	22.1669
rna26917	2250	2215	192.971	19.2187
rna26916	2185	2150	0	0
rna26918	4882	4847	0	0
rna26919	6462	6427	102.259	3.50995
rna26920	6060	6025	0	0
rna26921	5205	5170	1528.51	65.2204
rna26922	5974	5939	77.2302	2.86866
rna26923	1800	1765	195	24.3722
rna26926	806	771	1241.76	355.296
rna26925	874	839	97.6675	25.6799
rna26924	970	935	96.5679	22.7838
rna26927	4493	4458	238.42	11.798
rna26928	4376	4341	723.407	36.7619
rna26929	4346	4311	50.1062	2.564
rna26930	1669	1634	22.62	3.05384
rna26931	2369	2334	1395.45	131.892
rna26932	1783	1748	0	0
rna26933	1996	1961	547.88	61.6331
rna26934	1999	1964	625.609	70.2695
rna26935	398	363	162.511	98.7602
rna26936	854	819	38850	10464.4
rna26937	1594	1559	113	15.9896
rna26938	4699	4664	22.9442	1.08523
rna26939	4696	4661	49.0558	2.32176
rna26940	2313	2278	25291	2449.16
rna26941	2165	2130	13.5122	1.39943
rna26942	2168	2133	2.56352	0.265125
rna26943	2691	2656	8.92431	0.741229
rna26944	620	585	0	0
rna26945	1151	1116	2	0.395341
rna26946	506	471	1	0.468365
rna26947	2778	2743	0	0
rna26948	2758	2723	18	1.45825
rna26949	2596	2561	0	0
rna26950	757	722	45	13.7493
rna26951	2304	2269	891	86.6261
rna26952	3035	3000	42.654	3.13649
rna26953	2824	2789	77.0445	6.09395
rna26954	456	421	710	372.033
rna26955	1986	1951	368	41.6099
rna26959	7275	7240	0	0
rna26960	7777	7742	0	0
rna26961	8084	8049	74.5566	2.04338
rna26957	8742	8707	183.105	4.63913
rna26958	9030	8995	0	0
rna26956	6305	6270	1644.9	57.8733
rna26962	73	38	0	0
rna26963	72	37	0	0
rna26964	2757	2722	0	0
rna26965	2727	2692	672.589	55.1163
rna26966	2373	2338	68.8879	6.49986
rna26972	1908	1873	7	0.824453
rna26973	1774	1739	0	0
rna26967	2881	2846	763.068	59.1472
rna26968	3078	3043	505.046	36.613
rna26969	3456	3421	434.205	27.9993
rna26970	2850	2815	443.838	34.7818
rna26971	2839	2804	1.08976e-005	8.57349e-007
rna26974	1392	1357	290.366	47.2032
rna26979	801	766	1189.11	342.451
rna26978	1015	980	13.7383	3.09252
rna26977	855	820	0	0
rna26976	816	781	208.267	58.8267
rna26975	836	801	22.8857	6.30286
rna26983	3175	3140	24.5839	1.72714
rna26984	3180	3145	3.75472	0.263368
rna26982	3020	2985	0	0
rna26981	3194	3159	9.00489	0.628832
rna26980	3134	3099	10.6565	0.758575
rna26985	5240	5205	4	0.169529
rna26986	4972	4937	323.449	14.4527
rna26987	5116	5081	188.859	8.19962
rna26988	5182	5147	1950.66	83.605
rna26989	4577	4542	339.035	16.4666
rna26990	620	585	947	357.108
rna26991	1335	1300	1507	255.726
rna26992	1398	1363	96	15.5375
rna26993	765	730	231.724	70.025
rna26994	606	571	12.2764	4.74285
rna26995	750	715	49	15.118
rna26996	4227	4192	248.394	13.0715
rna26997	1055	1020	106.92	23.1241
rna26998	1004	969	42.686	9.71779
rna26999	2328	2293	106.956	10.2898
rna27000	3272	3237	786.424	53.5944
rna27001	3401	3366	1999.9	131.069
rna27002	3416	3381	1807.79	117.953
rna27003	3454	3419	322.193	20.7884
rna27004	3092	3057	399.262	28.8116
rna27005	5553	5518	200.472	8.01453
rna27006	1537	1502	153.928	22.6075
rna27007	1894	1859	955.072	113.335
rna27008	1634	1599	19.3925	2.67542
rna27009	1490	1455	120.417	18.2571
rna27010	1482	1447	1.20632	0.183908
rna27011	1403	1368	39.9839	6.44769
rna27012	1453	1418	1146	178.285
rna27013	1420	1385	387	61.6406
rna27014	478	443	133	66.2298
rna27015	2233	2198	591.16	59.3311
rna27016	2294	2259	0	0
rna27017	2162	2127	72.5436	7.5238
rna27018	2518	2483	2009.3	178.514
rna27019	1043	1008	32.0727	7.01909
rna27020	823	788	10.9273	3.05908
rna27021	4857	4822	115	5.2611
rna27022	4065	4030	554	30.3257
rna27026	5951	5916	62.2843	2.3225
rna27024	5973	5938	22.3397	0.829933
rna27025	5976	5941	0	0
rna27023	4003	3968	274.376	15.2539
rna27027	4541	4506	7	0.342699
rna27028	3746	3711	15.5547	0.924648
rna27029	2511	2476	0	0
rna27030	2312	2277	0	0
rna27031	1802	1767	103.887	12.9697
rna27032	1562	1527	100.908	14.5778
rna27033	1557	1522	150.205	21.7708
rna27034	2744	2709	5	0.407161
rna27035	1948	1913	0	0
rna27036	464	429	2	1.02844
rna27037	2169	2134	0	0
rna27038	1315	1280	7	1.20641
rna27039	1379	1344	0	0
rna27040	1345	1310	0	0
rna27041	1117	1082	0	0
rna27042	1195	1160	0	0
rna27043	1004	969	73	16.619
rna27044	2596	2561	551.821	47.5329
rna27047	2483	2448	344.49	31.0435
rna27046	2577	2542	1.07433e-005	9.32327e-007
rna27045	2696	2661	893.866	74.1025
rna27048	1260	1225	223.44	40.2375
rna27049	1016	981	88.2738	19.8504
rna27050	1006	971	139.286	31.6441
rna27051	7307	7272	322.327	9.77795
rna27054	4824	4789	15.5424	0.715943
rna27053	4602	4567	45.5156	2.19854
rna27052	4338	4303	0	0
rna27055	5220	5185	28.0954	1.19534
rna27057	1165	1130	464	90.5827
rna27056	1197	1162	0	0
rna27058	1170	1135	0	0
rna27059	1231	1196	27.0635	4.99182
rna27060	1210	1175	745.361	139.938
rna27061	1147	1112	191.575	38.005
rna27064	1658	1623	244.841	33.2791
rna27062	1689	1654	145.76	19.4406
rna27063	1821	1786	30.3987	3.75473
rna27065	1308	1273	330	57.1862
rna27066	3785	3750	157.242	9.25002
rna27067	1266	1231	5.38273	0.964606
rna27068	2206	2171	7	0.711285
rna27069	582	547	2.37538	0.957969
rna27071	2333	2298	232	22.2712
rna27070	2426	2391	0	0
rna27072	7861	7826	307.266	8.66125
rna27073	7870	7835	218.309	6.14664
rna27074	7893	7858	1440.97	40.4529
rna27075	7903	7868	647.226	18.1467
rna27076	1804	1769	5	0.623516
rna27077	1700	1665	0	0
rna27078	855	820	182.618	49.1288
rna27079	792	757	9.38184	2.734
rna27081	3133	3098	1443.12	102.761
rna27080	3369	3334	373.266	24.6978
rna27082	2181	2146	781.111	80.295
rna27083	1468	1433	120.013	18.4752
rna27087	5177	5142	2956.95	126.858
rna27086	5779	5744	0	0
rna27084	6846	6811	83.3123	2.69838
rna27085	7037	7002	34.2702	1.07969
rna27088	1768	1733	11	1.40023
rna27089	2307	2272	0	0
rna27090	2301	2266	38.4471	3.74291
rna27091	2555	2520	13.5529	1.18642
rna27092	5232	5197	44	1.86769
rna27093	2020	1985	6	0.666801
rna27094	872	837	0	0
rna27095	3695	3660	1105.91	66.6568
rna27096	2987	2952	291.435	21.7786
rna27097	4518	4483	16.2536	0.799808
rna27098	3266	3231	28.2857	1.93124
rna27099	3260	3225	140.087	9.58239
rna27100	4875	4840	281.373	12.8246
rna27101	4483	4448	457.929	22.7112
rna27102	4998	4963	374.01	16.6243
rna27103	3667	3632	8.09433	0.491633
rna27104	3568	3533	256.465	16.0136
rna27105	3564	3529	0.00338075	0.000211333
rna27106	3595	3560	46.2217	2.86419
rna27107	3496	3461	1560.63	99.4729
rna27108	3800	3765	9.65112e-005	5.65482e-006
rna27109	3797	3762	444.028	26.0374
rna27110	3739	3704	964.316	57.432
rna27111	3758	3723	1.65539	0.0980876
rna27112	2614	2579	4074.04	348.481
rna27113	763	728	90	27.272
rna27114	9366	9331	0	0
rna27115	9180	9145	20.8112	0.502017
rna27116	6966	6931	59.9329	1.90755
rna27117	7134	7099	42.256	1.3131
rna27120	2010	1975	0	0
rna27119	2100	2065	7.00699	0.748543
rna27118	2119	2084	0.000140578	1.48807e-005
rna27121	4831	4796	2.22069	0.102145
rna27122	4401	4366	43.7793	2.21203
rna27124	2598	2563	3238.07	278.704
rna27123	2530	2495	64.7307	5.72329
rna27125	1454	1419	631.197	98.1269
rna27126	1029	994	0	0
rna27127	908	873	10.126	2.55875
rna27128	1035	1000	7.87402	1.73701
rna27129	941	906	0	0
gene11814	1407	1372	4	0.643149
rna27130	1161	1126	350	68.5702
rna27131	1234	1199	1396	256.845
rna27133	1466	1431	372.031	57.3516
rna27132	1621	1586	19.969	2.77753
rna27134	1430	1395	0	0
rna27135	1422	1387	14.7296	2.34272
rna27136	1115	1080	328.139	67.0254
rna27137	1128	1093	19.5782	3.95146
rna27138	1106	1071	0	0
rna27139	1217	1182	0	0
rna27140	1221	1186	14.5536	2.70701
rna27141	1199	1164	0	0
rna27142	1265	1230	2.01091e-006	3.60656e-007
rna27143	1245	1210	515	93.8918
rna27144	2106	2071	930	99.0623
rna27146	1641	1606	4.54873	0.624814
rna27145	1792	1757	376.451	47.2653
rna27147	1164	1129	282.534	55.2056
rna27148	1383	1348	18.4658	3.02192
rna27149	1198	1163	0	0
rna27150	11959	11924	245.233	4.53693
rna27151	11541	11506	586.767	11.2499
rna27153	876	841	349.639	91.7127
rna27152	898	863	35.3611	9.03901
rna27154	3320	3285	2453	164.728
rna27155	2046	2011	194.969	21.3875
rna27156	2103	2068	292.201	31.17
rna27157	1072	1037	27.6533	5.88267
rna27158	772	737	122.177	36.5702
rna27159	680	645	0	0
rna27160	806	771	230	65.8081
rna27161	2438	2403	489	44.8911
rna27162	1384	1349	2	0.327057
rna27171	3735	3700	164.204	9.7901
rna27170	3759	3724	0.079286	0.00469669
rna27169	3736	3701	119.338	7.11322
rna27168	3933	3898	0	0
rna27167	7280	7245	105.583	3.21485
rna27163	4398	4363	120.795	6.10761
rna27164	4446	4411	0.000295204	1.47635e-005
rna27165	7260	7225	0	0
rna27166	7299	7264	0	0
rna27172	2338	2303	0	0
rna27173	2331	2296	0	0
rna27174	1444	1409	1	0.156565
rna27175	1654	1619	514	70.0361
rna27176	605	570	281	108.752
rna27179	2448	2413	83.9203	7.67212
rna27177	2815	2780	0.255131	0.0202453
rna27178	2851	2816	25.8246	2.02305
rna27180	1846	1811	266	32.4018
rna27181	514	479	267	122.965
rna27182	2046	2011	1158	127.029
rna27183	2463	2428	420.192	38.1773
rna27185	1593	1558	87.5648	12.3985
rna27184	1597	1562	57.9408	8.18294
rna27186	1761	1726	26.2877	3.35983
rna27187	1756	1721	76.3733	9.78963
rna27188	1629	1594	11.6409	1.61104
rna27190	1058	1023	179	38.5996
rna27189	1074	1039	0	0
rna27191	994	959	0	0
rna27193	957	922	0	0
rna27192	848	813	37	10.0396
rna27194	577	542	4.67866	1.90427
rna27195	815	780	3.32134	0.939343
rna27196	5820	5785	40.067	1.52788
rna27197	5817	5782	73.933	2.82076
rna27198	5420	5385	0	0
rna27202	2832	2797	0	0
rna27201	2781	2746	0.000283518	2.27765e-005
rna27200	2749	2714	291.532	23.6963
rna27199	2817	2782	300.795	23.8517
rna27203	2835	2800	26.6727	2.10143
rna27204	685	650	449	152.384
rna27205	2488	2453	1191	107.107
rna27206	6491	6456	0	0
rna27207	6484	6449	102.125	3.49337
rna27208	6492	6457	0	0
rna27209	6417	6382	144.257	4.98638
rna27210	6189	6154	174.673	6.26145
rna27211	1491	1456	424.956	64.3855
rna27212	1951	1916	401	46.1694
rna27213	1721	1686	826	108.076
rna27214	1721	1686	147	19.2338
rna27215	194	159	0	0
rna27217	903	868	191.721	48.7255
rna27216	847	812	321.279	87.2833
rna27218	1957	1922	49.4576	5.67656
rna27219	2342	2307	580.542	55.5127
rna27220	5969	5934	998	37.1013
rna27227	4843	4808	100.25	4.59965
rna27226	4497	4462	27.5435	1.36175
rna27224	5142	5107	1.3406e-008	5.79082e-010
rna27225	5311	5276	59.1913	2.4749
rna27223	5037	5002	606.015	26.7267
rna27222	5134	5099	8.53846e-008	3.69403e-009
rna27221	5234	5199	0	0
rna27228	1078	1043	53.4506	11.3051
rna27229	1073	1038	77.5494	16.4811
rna27230	2102	2067	1518	162.008
rna27231	2315	2280	2	0.193509
rna27245	1081	1046	0	0
rna27246	964	929	3	0.712379
rna27247	1557	1522	20	2.89882
rna27251	664	629	0	0
rna27248	803	768	1	0.28724
rna27250	1173	1138	0	0
rna27249	1094	1059	4	0.833239
rna27252	368	333	2	1.32493
rna27253	764	729	1	0.302606
gene11880	814	779	1	0.283184
rna27255	487	452	1	0.488053
rna27254	550	515	0	0
rna27256	2226	2191	305	30.7088
rna27259	875	840	545.352	143.22
rna27258	796	761	0	0
rna27257	870	835	56.3658	14.8914
rna27260	5021	4986	447.282	19.7895
rna27261	444	409	0	0
rna27262	1563	1528	2	0.288744
rna27263	1558	1523	11	1.5933
rna27264	2441	2406	2976.76	272.932
rna27268	1565	1530	336.962	48.5842
rna27266	1595	1560	0	0
rna27267	1806	1771	119.453	14.8793
rna27265	1687	1652	22.8235	3.04774
rna27269	1495	1460	1.65182e-007	2.49583e-008
rna27273	95	60	1	3.67667
rna27274	21	22	0	0
rna27270	1783	1748	127.091	16.0391
rna27271	1533	1498	130.921	19.2798
rna27272	1280	1245	453.988	80.4416
rna27275	487	452	110	53.6859
rna27281	3345	3310	300.82	20.0486
rna27280	3829	3794	1001.3	58.2198
rna27278	3978	3943	412.617	23.0848
rna27279	4018	3983	403.063	22.3238
rna27277	4125	4090	0.000246171	1.32776e-005
rna27276	4086	4051	20.2048	1.10027
rna27282	1573	1538	1475	211.564
rna27284	918	883	110.95	27.7186
rna27283	1029	994	280.05	62.1521
rna27285	1424	1389	504	80.0449
rna27288	541	506	0	0
rna27287	441	406	3.19556	1.73631
rna27286	440	405	58.8044	32.0303
rna27289	5704	5669	0.0617203	0.00240175
rna27290	5689	5654	645.509	25.1856
rna27291	5708	5673	250.7	9.74869
rna27292	6135	6100	104.847	3.79167
rna27293	6036	6001	158.883	5.84061
rna27294	2166	2131	35.6472	3.69018
rna27295	2414	2379	2.72341e-007	2.52536e-008
rna27296	2320	2285	8.35281	0.806403
rna27297	1832	1797	1877	230.421
rna27298	1802	1767	0.000896236	0.00011189
rna27299	3943	3908	2005.27	113.194
rna27300	2668	2633	6.72922	0.563793
rna27301	1924	1889	107	12.4956
rna27302	2038	2003	126.772	13.962
rna27303	1880	1845	231.339	27.6603
rna27305	2897	2862	1662.16	128.118
rna27304	3001	2966	171.728	12.7725
rna27306	444	409	0	0
rna27307	2688	2653	28.2865	2.35205
rna27308	2892	2857	0	0
rna27309	1263	1228	0	0
rna27310	1065	1030	1	0.214175
rna27311	1621	1586	5.27718	0.734014
rna27313	2111	2076	0	0
rna27312	2014	1979	17.4364	1.94364
rna27318	2543	2508	1259.35	110.771
rna27316	3227	3192	16.1516	1.11624
rna27317	3272	3237	26.6829	1.81843
rna27315	4097	4062	19.3198	1.04923
rna27314	2974	2939	35.5708	2.66993
rna27319	2955	2920	64.6265	4.8824
rna27320	2384	2349	132.275	12.4223
rna27321	2534	2499	15.0203	1.32592
rna27324	4359	4324	6081.22	310.249
rna27325	4422	4387	409.989	20.6163
rna27322	4339	4304	2978.47	152.661
rna27323	4402	4367	197.248	9.96405
rna27326	5881	5846	566	21.3581
rna27327	2230	2195	261	26.2308
rna27332	1868	1833	0	0
rna27329	1844	1809	157.537	19.211
rna27330	1871	1836	0	0
rna27331	1901	1866	0	0
rna27328	1823	1788	50.4628	6.22601
rna27333	501	466	0	0
rna27334	487	452	12	5.85664
rna27336	10182	10147	3419.1	74.3326
rna27335	8986	8951	5673.81	139.833
rna27337	811	776	9	2.55851
rna27338	2426	2391	354.151	32.6749
rna27339	1214	1179	128.888	24.1159
rna27340	1386	1351	9.96152	1.62658
rna27341	482	447	3	1.48054
rna27344	9125	9090	693.87	16.8391
rna27342	9336	9301	741.354	17.5834
rna27343	9372	9337	36.7757	0.86888
rna27345	636	601	93	34.1361
rna27346	3058	3023	395	28.8247
rna27347	1925	1890	84.9438	9.91461
rna27348	1836	1801	60.0562	7.35613
rna27352	3853	3818	72.3047	4.17769
rna27351	5076	5041	107.168	4.68978
rna27350	2928	2893	255.9	19.5132
rna27349	2961	2926	149.628	11.2809
rna27353	1007	972	8	1.81564
rna27354	1460	1425	2542.47	393.592
rna27355	1042	1007	133.533	29.2526
rna27356	1438	1403	1	0.157235
rna27357	1766	1731	2723	347.021
rna27358	659	624	0	0
rna27359	1438	1403	263	41.3527
rna27360	685	650	625	212.115
rna27361	2844	2809	2527	198.454
rna27363	2149	2114	91.3805	9.53573
rna27362	2151	2116	355.62	37.0745
rna27364	3701	3666	2288	137.679
rna27365	1387	1352	251	40.9546
rna27366	1210	1175	0	0
rna27367	1410	1375	301	48.2914
rna27368	2345	2310	23.6943	2.26276
rna27369	2344	2309	39.5119	3.77494
rna27370	2338	2303	0.0321438	0.003079
rna27371	2541	2506	0	0
rna27372	2536	2501	0	0
rna27373	2408	2373	0	0
rna27374	2226	2191	6.85347	0.690039
rna27375	2430	2395	13.051	1.20211
rna27376	2425	2390	154.007	14.215
rna27377	2297	2262	0	0
rna27378	1946	1911	1375.52	158.786
rna27379	2047	2012	58.9617	6.46469
rna27380	2041	2006	0.0169516	0.00186416
rna27381	2181	2146	253.299	26.0381
rna27382	2133	2098	141.051	14.8312
rna27383	3040	3005	176.765	12.9765
rna27384	2870	2835	173.235	13.48
rna27385	1413	1378	26	4.16227
rna27386	2734	2699	113.214	9.25339
rna27389	2560	2525	178.785	15.6198
rna27388	2707	2672	0	0
rna27387	2585	2550	0.0015815	0.000136816
rna27390	4116	4081	2.64531e-005	1.42993e-006
rna27391	4318	4283	0	0
rna27392	4063	4028	739	40.4726
rna27395	2678	2643	983.989	82.1294
rna27393	2607	2572	39.8949	3.42178
rna27394	2673	2638	60.7843	5.08303
rna27396	2566	2531	64.3321	5.60714
rna27397	607	572	123	47.4367
rna27398	615	580	66.5574	25.3148
rna27399	432	397	54.1847	30.1087
rna27400	1950	1915	167.258	19.2674
rna27401	2554	2519	755.926	66.1998
rna27402	2800	2765	22.3235	1.78104
rna27403	2791	2756	36.7509	2.94167
rna27404	2011	1976	44.8346	5.00532
rna27405	2074	2039	194.165	21.0068
rna27406	2274	2239	0	0
rna27407	74	39	0	0
rna27408	796	761	7	2.02917
rna27409	3001	2966	474.414	35.2851
rna27410	2849	2814	128.041	10.0376
rna27411	2894	2859	51.5451	3.97721
rna27412	1238	1203	1133	207.764
rna27413	592	557	405.957	160.779
rna27414	622	587	172.043	64.6555
rna27416	680	645	353.834	121.017
rna27415	876	841	31.8534	8.35538
rna27417	3427	3392	197.312	12.8323
rna27418	3410	3375	9.91732e-006	6.48226e-007
rna27419	1024	989	245	54.6481
rna27420	1837	1802	1442	176.529
rna27421	2082	2047	0	0
rna27422	636	601	134	49.1854
rna27423	1641	1606	55.9201	7.68118
rna27424	1272	1237	284.08	50.6613
rna27425	1540	1505	405	59.3641
rna27426	174	139	0	0
rna27428	4066	4031	294.845	16.1357
rna27427	4039	4004	0	0
rna27429	3958	3923	236.621	13.3058
rna27430	4184	4149	9.5345	0.506944
rna27431	3872	3837	0	0
rna27432	1329	1294	1	0.170479
rna27433	772	737	38	11.3742
rna27435	2025	1990	400.187	44.3625
rna27434	1241	1206	16.2496	2.97235
rna27437	3223	3188	148	10.2412
rna27436	4763	4728	205.853	9.60475
rna27438	2424	2389	49.1465	4.53818
rna27439	2427	2392	0	0
rna27440	2445	2410	0	0
rna27441	1095	1060	4.96443	1.03316
rna27442	991	956	16.0356	3.70026
rna27443	840	805	4	1.09615
rna27444	783	748	33	9.73236
rna27445	1590	1555	191	27.0962
rna27446	2755	2720	688	55.7988
rna27460	9822	9787	0.000187161	4.21862e-006
rna27459	9729	9694	413.02	9.39882
rna27458	10152	10117	2.12591	0.0463553
rna27455	10363	10328	0.00188175	4.01931e-005
rna27456	10441	10406	12.1694	0.257984
rna27457	10624	10589	58.2031	1.21254
rna27454	9931	9896	0.000975665	2.17494e-005
rna27453	7735	7700	343.461	9.83993
rna27452	9937	9902	3.92311e-005	8.74003e-007
rna27451	9961	9926	0.000255464	5.67755e-006
rna27449	9925	9890	0.000218097	4.86472e-006
rna27450	9848	9813	991.3	22.2848
rna27447	9781	9746	57.1144	1.29278
rna27448	9895	9860	0.00939619	0.000210223
rna27461	7125	7090	82.5958	2.56991
rna27462	2380	2345	3	0.282218
rna27463	1943	1908	110.482	12.7738
rna27470	1512	1477	0	0
rna27469	2012	1977	23.3225	2.6024
rna27468	2028	1993	0	0
rna27467	2032	1997	0	0
rna27466	2265	2230	14.0904	1.39388
rna27465	2049	2014	0	0
rna27464	1459	1424	64.1052	9.93091
rna27471	246	211	3	3.13649
rna27472	938	903	0	0
rna27473	916	881	0	0
rna27474	973	938	0	0
rna27475	1204	1169	1	0.188708
rna27478	3513	3478	109.167	6.92414
rna27477	3668	3633	0	0
rna27476	4077	4042	207.833	11.3429
rna27479	134	99	0	0
rna27480	24	25	0	0
rna27481	1062	1027	358.595	77.0264
rna27482	677	642	4.40468	1.51351
rna27483	1925	1890	419	48.9055
rna27484	4916	4881	1081	48.8565
rna27485	82	47	0	0
rna27486	22	23	0	0
rna27487	1315	1280	359	61.8714
rna27488	4495	4460	483	23.8901
rna27489	629	594	344	127.755
rna27490	1637	1602	720.568	99.2243
rna27495	2126	2091	39.2488	4.14074
rna27494	1945	1910	0	0
rna27493	1955	1920	5.63538	0.647482
rna27492	1883	1848	3.03245	0.36199
rna27491	2466	2431	1041.28	94.4906
rna27496	1495	1460	148.984	22.5109
rna27497	1587	1552	2	0.284278
rna27498	4837	4802	500.919	23.0118
rna27499	4953	4918	1213.96	54.4531
rna27500	1839	1804	5	0.611419
rna27501	1080	1045	6	1.2666
rna27502	125	90	0	0
rna27503	24	25	0	0
rna27504	556	521	2.17618	0.921431
rna27505	4210	4175	8251.94	436.019
rna27506	1815	1780	87	10.7821
rna27507	1515	1480	1	0.149054
rna27511	1675	1640	25.4287	3.42046
rna27510	2043	2008	18.5713	2.04026
rna27509	2125	2090	0	0
rna27508	2121	2086	0	0
rna27512	1311	1276	36.8198	6.36556
rna27516	1233	1198	0	0
rna27515	1121	1086	0	0
rna27514	1047	1012	0	0
rna27513	1088	1053	6.80965	1.4266
rna27517	196	161	1.39366	1.90957
rna27518	1329	1294	6	1.02288
rna27519	1878	1843	57.9769	6.93961
rna27520	540	505	413.989	180.843
rna27521	1134	1099	10.2297	2.05339
rna27522	1167	1132	223.782	43.6097
rna27523	2069	2034	17	1.84376
rna27524	4436	4401	2189.79	109.763
rna27525	1067	1032	9.24719	1.97668
rna27526	669	634	2.56259	0.891652
rna27527	1542	1507	4.60297	0.673799
rna27528	1283	1248	8.17335	1.44474
rna27529	1300	1265	0	0
rna27531	1655	1620	0	0
rna27532	1574	1539	0	0
rna27530	4888	4853	561.612	25.5289
rna27533	1657	1622	0	0
rna27534	1451	1416	969	150.961
rna27535	527	492	384	172.176
rna27536	2038	2003	310	34.1418
rna27537	1712	1677	227.57	29.9356
rna27538	6654	6619	478.691	15.954
rna27539	6299	6264	51.7384	1.82208
rna27540	6598	6563	32.3622	1.08778
rna27541	6687	6652	74.6378	2.47521
rna27542	1012	977	235	53.0614
rna27543	630	595	443.245	164.336
rna27544	630	595	838.755	310.974
rna27545	3549	3514	597.692	37.5216
rna27546	2897	2862	74.3079	5.72758
rna27547	2150	2115	19	1.98175
rna27548	6419	6384	210	7.25658
rna27549	2910	2875	266.809	20.4724
rna27551	5936	5901	2917.74	109.075
rna27550	3623	3588	32.4521	1.99524
rna27553	935	900	7	1.71578
rna27552	2593	2558	0	0
rna27554	1351	1316	82	13.7456
rna27556	1163	1128	214	41.8514
rna27555	1167	1132	0	0
rna27557	1110	1075	27	5.54065
rna27558	330	295	76	56.8326
rna27559	3765	3730	447.533	26.4681
rna27560	3690	3655	184.467	11.1336
rna27561	1782	1747	19	2.3992
rna27564	2009	1974	69.8889	7.81028
rna27563	2144	2109	0	0
rna27562	2117	2082	77.1111	8.17037
rna27565	1647	1612	0	0
rna27566	3296	3261	472.779	31.9826
rna27567	3079	3044	97.2205	7.04561
rna27568	2785	2750	0	0
rna27569	3862	3827	100.977	5.82061
rna27570	3865	3830	40.0233	2.30526
rna27578	3205	3170	10.57	0.735564
rna27575	3698	3663	7.43	0.447464
rna27576	3739	3704	1.45199e-005	8.64768e-007
rna27577	3879	3844	0	0
rna27574	3826	3791	0	0
rna27573	3876	3841	0	0
rna27572	3898	3863	0	0
rna27571	3878	3843	0	0
rna27579	927	892	1	0.247309
rna27580	617	582	4	1.51615
rna27581	2435	2400	0	0
rna27582	2348	2313	0	0
rna27583	2309	2274	0	0
rna27584	2305	2270	8	0.777445
rna27585	2427	2392	0	0
rna27586	2616	2581	0	0
rna27587	2429	2394	0	0
rna27588	1099	1064	0	0
rna27589	445	410	0	0
rna27590	348	313	1	0.704793
rna27591	1532	1497	0	0
rna27592	1332	1297	3	0.510255
rna27593	876	841	16	4.19691
rna27594	1413	1378	138	22.092
rna27595	9678	9643	63	1.44123
rna27598	6091	6056	258.189	9.40499
rna27596	6226	6191	0.176896	0.00630322
rna27597	6247	6212	282.741	10.0407
rna27599	422	387	37	21.091
rna27600	849	814	50.8928	13.7923
rna27601	778	743	14	4.15666
rna27602	2655	2620	0	0
rna27604	3017	2982	0.0148048	0.00109522
rna27603	2995	2960	92.9852	6.92991
rna27605	2437	2402	0	0
rna27606	1850	1815	77.9999	9.48033
rna27607	1847	1812	6.17096e-005	7.51277e-006
rna27609	10859	10824	263.935	5.37916
rna27608	10702	10667	1515.07	31.3325
rna27614	2614	2579	4.7258e-007	4.04231e-008
rna27612	2854	2819	172.806	13.5229
rna27613	2863	2828	0	0
rna27611	2478	2443	431.121	38.9297
rna27610	2603	2568	157.073	13.4931
rna27615	4228	4193	1498	78.812
rna27616	1455	1420	572	88.8614
rna27619	1966	1931	531.648	60.7362
rna27617	2377	2342	30.8262	2.90362
rna27618	2493	2458	422.525	37.9207
rna27620	1600	1565	105	14.8006
rna27621	1169	1134	20	3.89065
rna27622	10783	10748	0.0191095	0.000392218
rna27623	10798	10763	834.662	17.1074
rna27624	10790	10755	88.8721	1.82289
rna27625	6730	6695	2335.87	76.9669
rna27626	6176	6141	379.576	13.6353
rna27627	1715	1680	2	0.262619
rna27628	4081	4046	721.067	39.3147
rna27629	3980	3945	395.001	22.088
rna27630	1655	1620	0	0
rna27631	1939	1904	1159	134.283
rna27632	2192	2157	389	39.7837
rna27633	1591	1556	5	0.708869
rna27634	1608	1573	2369	332.232
rna27636	3010	2975	665.328	49.335
rna27635	2942	2907	1629.67	123.669
rna27637	2057	2022	691.631	75.4569
rna27638	2143	2108	365.369	38.2355
rna27639	2070	2035	596.074	64.6162
rna27640	1643	1608	195.926	26.8789
rna27641	1943	1908	1128	130.418
rna27642	453	418	502	264.931
rna27643	1659	1624	10	1.35837
rna27644	1617	1582	0	0
rna27645	138	103	0	0
rna27646	22	23	0	0
rna27647	822	787	0	0
rna27653	1539	1504	0	0
rna27649	2098	2063	0	0
rna27650	2118	2083	0	0
rna27651	2147	2112	0	0
rna27652	2171	2136	0	0
rna27648	2588	2553	0	0
rna27654	2354	2319	0	0
rna27655	4982	4947	0.00280337	0.00012501
rna27656	4943	4908	32.1513	1.4451
rna27657	2089	2054	0	0
rna27660	845	810	0	0
rna27659	612	577	0	0
rna27658	633	598	0	0
rna27662	2163	2128	0	0
rna27663	2065	2030	0	0
rna27664	1744	1709	0	0
rna27665	1540	1505	0	0
rna27666	1037	1002	0	0
rna27667	915	880	0	0
rna27668	2425	2390	0	0
rna27669	930	895	0	0
rna27670	503	468	0	0
rna27671	938	903	0	0
rna27672	6223	6188	1	0.0356497
rna27673	4791	4756	0	0
rna27676	4240	4205	0	0
rna27675	2679	2644	0	0
rna27674	2992	2957	0	0
rna27677	85	50	0	0
rna27678	22	23	0	0
rna27680	2237	2202	0	0
rna27679	2146	2111	2	0.209001
rna27681	885	850	1	0.259529
rna27682	936	901	1	0.244839
rna27683	7834	7799	0.258016	0.00729816
rna27684	7804	7769	24.457	0.694454
rna27661	3265	3230	0	0
rna27685	80	45	0	0
rna27686	19	20	0	0
rna27687	19	20	0	0
rna27688	5806	5771	0	0
rna27689	8998	8963	0.0282376	0.000694992
rna27690	8951	8916	14.0426	0.347443
rna27691	993	958	0	0
rna27692	5995	5960	0	0
rna27693	4005	3970	0	0
rna27694	4158	4123	0	0
rna27695	9091	9056	0	0
rna27696	9037	9002	0	0
rna27704	2387	2352	0	0
rna27697	7804	7769	0.00584446	0.000165953
rna27705	2913	2878	0	0
rna27706	2957	2922	0	0
rna27707	3032	2997	0	0
rna27698	8073	8038	0	0
rna27699	8139	8104	0	0
rna27700	7737	7702	161.883	4.63665
rna27701	9460	9425	43.7609	1.02426
rna27702	8075	8040	0	0
rna27703	2081	2046	0	0
rna27708	5355	5320	0	0
rna27709	5314	5279	1.56594e-006	6.5438e-008
rna27710	5253	5218	0	0
rna27711	5362	5327	0	0
rna27712	5431	5396	0	0
rna27713	5318	5283	6.40158e-007	2.67308e-008
rna27714	5435	5400	0	0
rna27715	5244	5209	11	0.465848
rna27716	3506	3471	8.00492	0.508754
rna27717	991	956	2	0.461506
rna27718	5998	5963	97.285	3.59904
rna27719	4956	4921	168.829	7.56833
rna27720	991	956	0	0
rna27721	1157	1122	0	0
rna27722	789	754	0	0
rna27723	749	714	1	0.308964
rna27724	954	919	0	0
rna27725	913	878	0	0
rna27726	1818	1783	0	0
rna27727	1734	1699	40.8771	5.30753
rna27728	1648	1613	0	0
rna27729	1378	1343	0	0
rna27730	1093	1058	0	0
rna27731	1086	1051	0	0
rna27732	1077	1042	16.2687	3.44423
rna27733	1319	1284	3.85418	0.662174
rna27734	100	65	1	3.39385
rna27735	21	22	0	0
rna27736	2937	2902	19	1.44431
rna27737	6002	5967	344	12.7177
rna27738	863	828	1	0.266425
rna27739	2774	2739	5	0.402702
rna27740	89	54	0	0
rna27741	23	24	0	0
rna27742	1680	1645	8	1.07283
rna27743	3364	3329	40	2.65065
rna27744	2810	2775	7.59242	0.603563
rna27745	2858	2823	1.21457e-008	9.49109e-010
rna27748	1744	1709	3.28535	0.424077
rna27747	1300	1265	13.1425	2.29189
rna27746	1047	1012	0	0
rna27749	2561	2526	0	0
rna27750	2558	2523	79.7317	6.97139
rna27751	3112	3077	0	0
rna27754	2907	2872	0.000434973	3.34105e-005
rna27755	2759	2724	0	0
rna27756	2894	2859	0	0
rna27757	2900	2865	0	0
rna27758	2886	2851	2.52678	0.195513
rna27759	2961	2926	0	0
rna27760	2968	2933	0	0
rna27753	2784	2749	0	0
rna27752	2869	2834	9.74563	0.758605
rna27761	778	743	161.552	47.9654
rna27763	816	781	146.765	41.455
rna27762	824	789	177.683	49.6793
rna27764	1399	1364	429	69.3823
rna27765	73	38	0	0
rna27766	679	644	152	52.0671
rna27767	1337	1302	186	31.5143
rna27768	4380	4345	388	19.6992
rna27770	2005	1970	344.128	38.5354
rna27769	4523	4488	192.527	9.46335
rna27771	2951	2916	0	0
rna27772	2888	2853	84.2869	6.51724
rna27773	1811	1776	17.211	2.13781
rna27774	1868	1833	8.16537	0.982696
rna27775	1598	1563	0	0
rna27776	1187	1152	8.2568	1.58112
rna27777	2457	2422	2.44581	0.222769
rna27779	497	462	4.63413	2.21275
rna27778	542	507	0	0
rna27780	5420	5385	0.137437	0.00563019
rna27781	5422	5387	115.695	4.73775
rna27782	5143	5108	216.168	9.33567
rna27783	799	764	4	1.15497
rna27784	3719	3684	11	0.658686
rna27785	571	536	4.55543	1.87486
rna27786	1012	977	1.44457	0.326175
rna27787	2439	2404	0	0
rna27788	2325	2290	73	7.03223
rna27789	707	672	226.356	74.3067
rna27791	2919	2884	1949	149.081
rna27790	998	963	16.5464	3.79038
rna27792	488	453	461.098	224.543
rna27793	1344	1309	268	45.1649
rna27794	2962	2927	1111	83.7331
rna27795	1015	980	143	32.1896
rna27796	3519	3484	67.6128	4.28111
rna27797	3223	3188	242.027	16.7476
rna27798	3021	2986	520.86	38.4802
rna27802	2982	2947	0	0
rna27803	2896	2861	11.8083	0.910491
rna27804	2906	2871	0.19168	0.0147282
rna27805	2112	2077	6	0.637265
rna27806	968	933	0	0
rna27807	885	850	1	0.259529
rna27808	8722	8687	20	0.507885
rna27809	8070	8035	0	0
rna27810	8081	8046	0	0
rna27812	6053	6018	0	0
rna27811	6086	6051	0	0
rna27799	2712	2677	94.3242	7.77285
rna27813	1532	1497	0	0
rna27816	4243	4208	3	0.157272
rna27817	4320	4285	0	0
rna27814	4314	4279	0	0
rna27815	4326	4291	0	0
rna27818	2998	2963	6	0.44671
rna27819	3719	3684	5.6373	0.337565
rna27820	3473	3438	19.8986	1.2768
rna27821	3769	3734	6.86563e-007	4.05613e-008
rna27822	3632	3597	2.7574e-007	1.69108e-008
rna27823	3666	3631	0	0
rna27824	3553	3518	0	0
rna27825	3772	3737	2.65929e-007	1.56982e-008
rna27826	1095	1060	0	0
rna27827	1742	1707	1.46409	0.189208
rna27830	1881	1846	0.00171162	0.000204541
rna27828	1849	1814	0	0
rna27829	1868	1833	7.21388	0.868185
rna27800	2819	2784	39.8741	3.15956
rna27831	1316	1281	10	1.72209
rna27832	1435	1400	700	110.3
rna27833	1603	1568	23.4916	3.305
rna27834	1088	1053	38.4269	8.05032
rna27835	2189	2154	54.4624	5.57772
rna27801	2534	2499	102.705	9.06633
rna27836	1723	1688	12.3663	1.61612
rna27837	1177	1142	274.546	53.034
rna27838	1178	1143	648.088	125.082
rna27839	5187	5152	340	14.5582
rna27840	3299	3264	293	19.8026
rna27841	933	898	99	24.3201
rna27844	1341	1306	37.9651	6.41279
rna27843	1169	1134	264.035	51.3634
rna27842	1239	1204	0	0
rna27845	2691	2656	261	21.6779
rna27847	2796	2761	244.835	19.562
rna27846	3071	3036	0	0
rna27848	1520	1485	1167.76	173.474
rna27849	2150	2115	58.4039	6.09168
rna27850	1657	1622	0	0
rna27851	2716	2681	452.104	37.2004
rna27852	1097	1062	31.8959	6.62546
rna27853	3263	3228	0.000362535	2.47755e-005
rna27854	3269	3234	315	21.487
rna27855	4883	4848	1159	52.7383
rna27856	2964	2929	568	42.7794
rna27857	6077	6042	617	22.5273
rna27858	321	286	178	137.297
rna27859	1882	1847	1142	136.397
rna27860	962	927	204	48.5463
rna27861	1325	1290	69.548	11.8932
rna27862	1411	1376	31.7397	5.0885
rna27863	1448	1413	29.1518	4.55123
rna27864	1533	1498	61.5964	9.07087
rna27865	1443	1408	5.04928	0.791102
rna27866	1491	1456	0	0
rna27867	1462	1427	40.73	6.29646
rna27868	1438	1403	24.4273	3.84082
rna27869	1549	1514	211.758	30.8545
rna27870	1424	1389	0	0
rna27871	1197	1162	0	0
rna27873	1288	1253	133.446	23.4942
rna27872	1469	1434	248.554	38.2364
rna27874	2776	2741	523.893	42.1637
rna27875	2904	2869	764.814	58.8072
rna27876	2793	2758	679.294	54.3337
rna27878	1001	966	18.7313	4.27757
rna27877	1202	1167	261.269	49.3881
rna27879	663	628	265	93.0876
rna27880	970	935	0	0
rna27881	1058	1023	67.499	14.5555
rna27882	1060	1025	345.501	74.3586
rna27884	12661	12626	2217.12	38.7372
rna27883	12642	12607	355.882	6.2273
rna27889	2231	2196	114.627	11.5149
rna27888	2286	2251	1.32891e-006	1.30235e-007
rna27887	2176	2141	108.26	11.1546
rna27886	2411	2376	1.83213	0.170104
rna27885	2373	2338	55.9849	5.28241
rna27890	1385	1350	5.8053	0.94863
rna27895	2128	2093	0	0
rna27896	1949	1914	0	0
rna27894	2098	2063	0	0
rna27893	2218	2183	5.46849	0.552611
rna27892	2341	2306	4.0226	0.384816
rna27891	2161	2126	0	0
rna27899	340	305	1	0.723279
rna27903	2502	2467	177.779	15.8971
rna27902	2563	2528	29.1878	2.54701
rna27901	2564	2529	67.173	5.85938
rna27900	2629	2594	1.85976	0.158158
rna27897	2272	2237	23	2.26813
rna27898	2308	2273	1.49046e-007	1.44653e-008
rna27905	17347	17312	1.79909	0.0229251
rna27906	17230	17195	0	0
rna27907	17338	17303	0	0
rna27908	17125	17090	0	0
rna27909	17326	17291	3.6555	0.0466372
rna27910	17269	17234	0	0
rna27911	17221	17186	1.83607	0.0235679
rna27912	17353	17318	38.4335	0.489573
rna27904	18831	18796	3326.08	39.0367
rna27913	17262	17227	0	0
rna27914	17367	17332	0	0
rna27915	17013	16978	0	0
rna27916	17118	17083	0	0
rna27917	17222	17187	0	0
rna27918	17186	17151	0	0
rna27919	17006	16971	57.5763	0.748414
rna27920	16973	16938	0	0
rna27921	17254	17219	0	0
rna27922	17218	17183	0	0
rna27923	12343	12308	0	0
rna27924	12283	12248	0	0
rna27925	12231	12196	0	0
rna27926	12171	12136	0	0
rna27927	12138	12103	0	0
rna27928	12224	12189	57.8934	1.04777
rna27929	12191	12156	0	0
rna27930	12131	12096	0	0
rna27931	12095	12060	164.221	3.0039
rna27939	805	770	0	0
rna27932	17365	17330	10.2144	0.130023
rna27933	17076	17041	0	0
rna27940	340	305	0	0
rna27934	16867	16832	3.47706	0.0455703
rna27935	17015	16980	5.18223	0.0673263
rna27936	16551	16516	0	0
rna27937	2538	2503	116.913	10.3041
rna27938	1490	1455	1394.72	211.461
rna27941	6110	6075	1085	39.3994
rna27942	980	945	421	98.2779
rna27943	1487	1452	11	1.67121
rna27944	1532	1497	0	0
rna27945	4684	4649	1471	69.8005
rna27946	2594	2559	0.629955	0.0543056
rna27947	2642	2607	3.26211e-008	2.76035e-009
rna27948	2833	2798	23.37	1.84254
rna27949	584	549	2	0.803643
rna27950	1701	1666	9714	1286.26
rna27951	5134	5099	861	37.2498
rna27957	4536	4501	612.526	30.0207
rna27955	4021	3986	382.353	21.1608
rna27956	4018	3983	22.5802	1.25061
rna27952	3970	3935	135.644	7.60434
rna27953	4004	3969	1060.9	58.9656
rna27954	4028	3993	0	0
rna27958	3261	3226	0	0
rna27959	3202	3167	22.5792	1.57278
rna27960	3292	3257	48.0691	3.25577
rna27961	3292	3257	0	0
rna27962	3301	3266	182.444	12.3231
rna27963	3493	3458	257.905	16.4528
rna27964	1361	1326	2	0.33273
rna27965	5640	5605	1370	53.9199
rna27966	477	442	104	51.9059
rna27967	718	683	1210	390.814
rna27968	1995	1960	339	38.1548
rna27969	1627	1592	22	3.04849
rna27970	532	497	8.89733e-008	3.9492e-008
rna27971	597	562	62	24.3367
rna27972	586	551	1197	479.235
rna27973	1209	1174	13.7472	2.58317
rna27974	1131	1096	296.253	59.629
rna27975	1116	1081	12	2.44884
rna27976	1504	1469	548	82.2933
rna27977	2266	2231	29.9493	2.96137
rna27978	2278	2243	19.0507	1.87364
rna27979	7212	7177	1054	32.3969
rna27983	2052	2017	98.1406	10.7337
rna27982	2232	2197	259.593	26.0657
rna27981	2570	2535	664.266	57.8056
rna27980	2890	2855	0	0
rna27984	577	542	27	10.9893
rna27985	704	669	279	91.9991
rna27986	1386	1351	22	3.5923
rna27987	683	648	101	34.3837
rna27989	885	850	4.79	1.24315
rna27988	898	863	514.371	131.484
rna27990	1016	981	4.83856	1.08806
rna27992	1716	1681	0.000432075	5.67019e-005
rna27991	1723	1688	713	93.1799
rna27993	1843	1808	196.839	24.017
rna27994	1490	1455	455.161	69.0093
rna27995	3263	3228	191	13.0529
rna27996	2928	2893	5.28247	0.402805
rna27997	83	48	0	0
rna27998	22	23	0	0
rna27999	1884	1849	98	11.6922
rna28001	4955	4920	0.0442358	0.00198342
rna28000	6188	6153	9.95576	0.356938
rna28002	7220	7185	30.2766	0.92958
rna28003	4440	4405	455.493	22.8108
rna28004	1636	1601	50.1209	6.9061
rna28005	89	54	0	0
rna28006	22	23	0	0
rna28007	2376	2341	161.916	15.2579
rna28008	707	672	16.1439	5.29961
rna28009	782	747	115.856	34.214
rna28011	2372	2337	724.78	68.4153
rna28010	2353	2318	0	0
rna28018	7708	7673	0	0
rna28012	13399	13364	446.152	7.36465
rna28013	13375	13340	657.787	10.8776
rna28014	13285	13250	429.299	7.14743
rna28015	13360	13325	20.1169	0.333042
rna28016	13270	13235	12.7965	0.21329
rna28017	13096	13061	92.5303	1.56283
rna28019	851	816	6	1.62206
rna28020	3631	3596	29	1.77903
rna28021	509	474	0	0
rna28022	439	404	0	0
rna28023	1646	1611	166.286	22.7702
rna28024	165	130	0	0
rna28025	162	127	0	0
rna28026	162	127	0	0
rna28027	932	897	5.1902	1.27643
rna28030	3304	3269	45.0271	3.03854
rna28031	3280	3245	0.00257722	0.000175203
rna28032	3307	3272	2.37692	0.160253
rna28033	3283	3248	22.7373	1.54429
rna28034	3259	3224	0.10574	0.00723522
rna28035	3235	3200	0.00538137	0.000370978
rna28036	3304	3269	22.3532	1.50845
rna28037	3280	3245	208.866	14.1991
rna28038	3256	3221	6.78884e-005	4.64954e-006
rna28039	3283	3248	25.7693	1.75022
rna28040	3259	3224	247.763	16.953
rna28041	3235	3200	0.0201742	0.00139076
rna28042	3211	3176	0.000984784	6.84016e-005
rna28043	3250	3215	19.4443	1.33419
rna28044	3226	3191	190.971	13.2022
rna28045	3202	3167	0.00892657	0.000621788
rna28046	3229	3194	9.60803	0.663598
rna28047	3205	3170	96.1666	6.69223
rna28048	3181	3146	0.40299	0.028258
rna28049	3157	3122	0.0191927	0.00135615
rna28050	3226	3191	93.605	6.47109
rna28051	3202	3167	914.766	63.7188
rna28052	3178	3143	0.00021659	1.52019e-005
rna28053	3205	3170	51.5172	3.58508
rna28054	3181	3146	514.637	36.0868
rna28055	3157	3122	0.0744066	0.00525756
rna28056	3133	3098	0.00339217	0.000241547
rna28057	3190	3155	15.7508	1.10131
rna28058	3166	3131	160.652	11.319
rna28059	3142	3107	11.0615	0.785375
rna28060	3169	3134	0.589831	0.0415178
rna28061	3145	3110	6.00721	0.426107
rna28062	3121	3086	85.6272	6.12099
rna28029	2801	2766	0	0
rna28028	2796	2761	36.0587	2.88104
rna28063	4166	4131	94	5.01971
rna28064	2606	2571	45.7779	3.92789
rna28065	3277	3242	309.222	21.0408
rna28066	2588	2553	10	0.864082
rna28067	3604	3569	0.170467	0.0105365
rna28068	3586	3551	66.8295	4.15168
rna28069	1591	1556	12	1.70129
rna28070	2677	2642	192	16.0315
rna28071	6490	6455	0.409708	0.0140018
rna28072	6544	6509	386.59	13.1021
rna28073	2892	2857	29	2.2392
rna28074	73	38	0.158746	0.921561
rna28077	9063	9028	118.809	2.90311
rna28078	6299	6264	0	0
rna28075	6117	6082	210.254	7.62611
rna28076	6054	6019	979.924	35.9148
rna28079	3710	3675	0	0
rna28080	3669	3634	5.11441e-007	3.10468e-008
rna28081	3627	3592	89.5872	5.50193
rna28082	3889	3854	0	0
rna28083	4534	4499	79.5042	3.89834
rna28084	3572	3537	77.9086	4.8591
rna28086	706	671	254.601	83.7034
rna28085	754	719	28.399	8.71326
rna28087	1068	1033	107	22.8502
rna28088	832	797	51	14.1162
rna28090	1755	1720	3467.82	444.768
rna28089	1909	1874	857.184	100.904
rna28091	2301	2266	253.596	24.6881
rna28092	2024	1989	54.93	6.09229
rna28093	2365	2330	1353.47	128.144
rna28095	2943	2908	83.7714	6.35488
rna28094	3080	3045	514.593	37.2805
rna28096	2289	2254	77.0983	7.54564
rna28097	4251	4216	0.122603	0.00641512
rna28098	5381	5346	1319.73	54.4579
rna28099	4327	4292	193.334	9.937
rna28100	4105	4070	2810.82	152.35
rna28106	2987	2952	28.1319	2.10227
rna28105	2998	2963	2.5308e-007	1.88422e-008
rna28103	4573	4538	96.8966	4.71031
rna28104	4609	4574	0.000170497	8.22294e-006
rna28101	3168	3133	24.9713	1.75827
rna28102	4619	4584	0	0
rna28107	74	39	0.618904	3.50078
rna28108	72	37	0	0
rna28109	2041	2006	0	0
rna28112	119	84	0	0
rna28113	74	39	0	0
rna28114	73	38	0.285714	1.65865
rna28115	72	37	0	0
rna28116	72	37	0	0
rna28110	1759	1724	0	0
rna28111	1867	1832	0	0
rna28117	121	86	0	0
rna28118	72	37	0	0
rna28119	1641	1606	0	0
rna28120	3866	3831	1730	99.6184
rna28121	1252	1217	1	0.181265
rna28122	5691	5656	3444	134.326
rna28124	4112	4077	0	0
rna28123	4573	4538	380.337	18.4889
rna28125	8461	8426	825.771	21.6194
rna28127	4393	4358	0	0
rna28126	4663	4628	684.794	32.6416
rna28128	4528	4493	9.13867	0.448696
rna28129	4517	4482	326.73	16.0813
rna28130	4156	4121	71.5334	3.82923
rna28131	1086	1051	2.45601	0.515504
rna28132	1665	1630	4.54399	0.614973
rna28133	6924	6889	1217	38.9709
rna28134	6426	6391	1074.53	37.0899
rna28149	5313	5278	51.0081	2.13194
rna28148	5556	5521	1.5079e-005	6.02504e-007
rna28147	5763	5728	493.494	19.0057
rna28146	5133	5098	407.051	17.6139
rna28145	5153	5118	9.09106e-005	3.9185e-006
rna28144	5734	5699	0	0
rna28143	5658	5623	70.4651	2.76447
rna28142	5367	5332	0	0
rna28141	5775	5740	0	0
rna28139	5761	5726	355.901	13.7114
rna28140	5699	5664	8.04585e-007	3.13368e-008
rna28138	5468	5433	0	0
rna28137	5392	5357	0	0
rna28135	7970	7935	50.5149	1.40436
rna28136	8239	8204	599.803	16.1283
rna28153	751	716	37.9784	11.7012
rna28152	799	764	62.7999	18.1331
rna28151	718	683	26.2216	8.46924
rna28150	637	602	0	0
rna28154	645	610	45.1582	16.331
rna28156	574	539	0	0
rna28155	518	483	31.8418	14.5431
rna28157	1716	1681	1096	143.83
rna28158	743	708	0	0
rna28159	714	679	111.532	36.2357
rna28160	3193	3158	0.0227433	0.00158872
rna28162	3473	3438	0.0121102	0.000777053
rna28161	3488	3453	112.624	7.19516
rna28163	3178	3143	576.809	40.4849
rna28164	943	908	151.236	36.743
rna28165	920	885	3.41292	0.850723
rna28166	990	955	40.3513	9.32093
rna28167	1883	1848	4	0.477489
rna28168	715	680	264	85.6447
rna28169	883	848	762	198.228
rna28170	2666	2631	404	33.874
rna28171	1431	1396	4	0.632092
rna28172	2049	2014	190	20.8113
rna28173	4451	4416	0	0
rna28174	2360	2325	0	0
rna28175	2272	2237	0	0
rna28176	2256	2221	0	0
rna28177	1972	1937	90	10.2499
rna28178	2024	1989	0	0
rna28180	351	316	0	0
rna28179	1924	1889	0	0
rna28181	1434	1399	15384	2425.81
rna28183	2869	2834	29	2.25738
rna28182	2867	2832	0	0
rna14406	451	416	4.01896	2.13121
rna16474	3619	3584	137.847	8.48467
rna16475	3614	3579	352.155	21.7059
rna16476	3567	3532	578.998	36.1628
rna16478	2237	2202	336.291	33.6902
rna16477	2498	2463	248.709	22.2757
rna17962	1141	1106	1.6961e-006	3.383e-007
rna17963	1305	1270	7.10595	1.23431
rna17964	1157	1122	0	0
rna17965	1197	1162	0	0
rna17966	681	646	0	0
rna17967	1087	1052	50.5456	10.5992
rna17968	1084	1049	22.465	4.72429
rna17969	1328	1293	47.8991	8.17211
gene7770	645	610	3.00031	1.08503
rna17970	1104	1069	57.7787	11.9233
rna17971	4023	3988	1338.85	74.0597
rna17972	1923	1888	45340.7	5297.75
rna19608	2965	2930	1983.43	149.333
rna19609	3108	3073	37.1285	2.66532
rna19610	3092	3057	1098.87	79.2971
rna19611	826	791	227	63.3075
rna19612	1380	1345	99	16.2375
rna19613	1310	1275	367.874	63.6494
rna19614	1447	1412	0	0
rna19615	1513	1478	14.2507	2.12699
rna19616	1547	1512	65.8754	9.61119
rna19617	501	466	709	335.634
rna19618	495	460	5	2.39783
rna22029	531	496	0	0
rna22030	3326	3291	0	0
rna22050	2116	2081	0.767377	0.0813471
rna22049	2113	2078	4.21647	0.447619
rna22048	2110	2075	85.3686	9.07582
rna22047	2231	2196	18.2004	1.82832
rna22046	2246	2211	17.2022	1.71633
rna22045	2189	2154	0	0
rna22044	3574	3539	0	0
rna22043	3570	3535	0	0
rna22042	3568	3533	0	0
rna22041	3687	3652	0	0
rna22039	2855	2820	0	0
rna22040	3173	3138	0	0
rna22032	3523	3488	1.72936	0.109374
rna22033	3526	3491	0	0
rna22034	3269	3234	0	0
rna22035	3523	3488	1.72936	0.109374
rna22036	3526	3491	0	0
rna22037	3701	3666	0	0
rna22038	3704	3669	0	0
rna22031	3646	3611	0	0
rna22051	1376	1341	510.815	84.0313
rna22052	2644	2609	23.5574	1.99186
gene9536	3769	3734	326.677	19.2997
gene11859	895	860	0	0
gene11860	888	853	0	0
gene11861	888	853	0	0
rna27232	1797	1762	45.919	5.749
rna27233	1797	1762	26.0337	3.25939
rna27234	730	695	26.7187	8.48078
gene11863	886	851	0	0
rna27235	609	574	4.60921	1.77142
rna27236	1723	1688	298.933	39.0668
rna27237	1136	1101	29.1131	5.83321
rna27238	493	458	0	0
rna27239	1806	1771	229	28.5248
rna27240	3789	3754	97	5.70011
rna27241	4029	3994	8681.49	479.504
rna27242	155	120	732.48	1346.54
gene11872	3520	3485	236.051	14.942
rna27243	153	118	2.07933	3.88729
rna27244	888	853	15186.7	3927.54
rna28190	569	534	0	0
rna28189	566	531	0	0
rna28188	496	461	4.23334	2.02576
rna28186	653	618	0	0
rna28187	730	695	0	0
rna28185	624	589	0	0
rna28184	619	584	0	0
rna28191	946	911	49.5557	12
rna28192	2426	2391	554.7	51.1781
rna28199	428	393	0.0012641	0.000709567
rna28198	425	390	10.7667	6.09007
rna28196	567	532	0	0
rna28197	644	609	0	0
rna28195	546	511	0	0
rna28194	544	509	0	0
rna28193	1206	1171	2.99872	0.564917
rna28200	72	37	0.25	1.49054
rna28201	1019	984	1	0.224187
rna28202	2117	2082	31.2641	3.31261
rna28205	1468	1433	39.028	6.00808
rna28204	1654	1619	0	0
rna28203	1677	1642	15.6568	2.10346
rna28206	1341	1306	0	0
rna28207	994	959	103.051	23.705
rna28208	1389	1354	10	1.62925
rna28209	10088	10053	1602	35.1538
rna28210	137	102	0	0
rna28211	23	24	0	0
rna28212	136	101	0	0
rna28213	22	23	0	0
rna28214	721	686	136	43.7341
rna28215	688	653	192	64.8625
rna28216	255	220	0	0
rna28219	2190	2155	81.1792	8.31004
rna28218	2626	2591	72.8208	6.20003
rna28217	2613	2578	0	0
rna28220	520	485	0	0
rna28221	1383	1348	3	0.49095
rna28222	696	661	0	0
rna28223	2151	2116	18	1.87656
rna28227	593	558	590.795	233.565
rna28226	682	647	58.2048	19.8454
rna28225	690	655	0	0
rna28224	715	680	0	0
rna28228	1872	1837	1311	157.434
rna28229	1038	1003	45.2374	9.94952
rna28230	1047	1012	147.413	32.1336
rna28231	3060	3025	4.11152e-008	2.99835e-009
rna28232	3011	2976	0	0
rna28233	2986	2951	378.449	28.2907
rna28234	2798	2763	453.33	36.1942
rna28235	2974	2939	57.0414	4.2815
rna28236	2944	2909	8.52975	0.646842
rna28237	5268	5233	0.000138273	5.82898e-006
rna28238	5271	5236	1053	44.3644
rna28239	4091	4056	0	0
rna28240	3902	3867	584.681	33.3542
rna28241	4065	4030	166.319	9.10421
rna28242	4369	4334	1010.33	51.4259
rna28243	3897	3862	606.617	34.6504
rna28244	2511	2476	154.453	13.761
rna28245	671	636	120.708	41.8683
rna28246	669	634	273.839	95.2822
rna28247	1515	1480	453.893	67.6546
rna28248	1701	1666	352.107	46.6235
rna28249	362	327	0	0
rna28250	1014	979	1	0.225332
rna28251	1347	1312	0	0
rna28253	1493	1458	35.1434	5.3173
rna28252	1569	1534	54.1216	7.78306
gene12322	371	336	352.165	231.213
rna28254	528	493	223.738	100.115
rna28255	1199	1164	0.332959	0.063102
rna28256	1089	1054	24.7026	5.1702
rna28257	1088	1053	75.7874	15.8772
rna28258	1130	1095	105.149	21.1835
rna28259	1091	1056	2.63279	0.549994
rna28260	1210	1175	0	0
rna28261	1207	1172	0	0
rna28262	1103	1068	0	0
rna28263	1100	1065	0	0
rna28267	1145	1110	76.8982	15.2827
rna28265	929	894	0	0
rna28266	1162	1127	1.23086e-006	2.4093e-007
rna28264	1274	1239	0	0
rna28268	1502	1467	36.9154	5.55115
rna28269	1348	1313	0	0
rna28270	1349	1314	0	0
rna28271	1343	1308	0	0
rna28272	1255	1220	25.6592	4.63968
rna28273	1252	1217	2.11913	0.384124
rna28274	1300	1265	0	0
rna28275	1003	968	8.0724	1.83964
rna28276	1108	1073	0	0
rna28277	1079	1044	0	0
rna28278	1044	1009	0	0
rna28279	1570	1535	20.9276	3.00758
rna28280	478	443	0	0
rna28281	1114	1079	1	0.204449
rna28282	715	680	0	0
rna28283	915	880	100.892	25.2917
rna28284	432	397	4	2.22267
rna28286	1525	1490	24.7905	3.67032
rna28285	1613	1578	149.163	20.8525
rna28288	531	496	0	0
rna28287	1116	1081	7.10849	1.45063
rna28290	1782	1747	305.047	38.5194
rna28289	1762	1727	0	0
rna28291	1356	1321	17	2.83891
rna28292	614	579	29	11.0491
rna28293	1923	1888	45340.7	5297.75
rna28294	155	120	732.48	1346.54
rna28295	986	951	11	2.55163
rna28296	1686	1651	0	0
rna28297	429	394	0	0
rna28298	1754	1719	45	5.77487
rna28304	1129	1094	0	0
rna28300	1256	1221	0	0
rna28301	1259	1224	0	0
rna28302	1363	1328	0	0
rna28303	1366	1331	13.5603	2.24749
rna28299	1079	1044	22.4233	4.73811
rna28306	702	667	15.881	5.25238
rna28305	618	583	15.157	5.73521
rna28307	513	478	2	0.923013
rna28308	682	647	0	0
rna28309	4029	3994	8681.49	479.504
rna28310	155	120	732.48	1346.54
rna28311	1923	1888	45340.7	5297.75
gene12351	2225	2190	41708.2	4201.29
rna28312	1923	1888	45340.7	5297.75
rna28313	4029	3994	252462	13944.2
rna28314	155	120	732.48	1346.54
rna28315	982	947	20926.3	4874.71
rna28321	1235	1200	236.061	43.396
rna28318	1428	1393	0	0
rna28319	1516	1481	0	0
rna28320	1522	1487	0	0
rna28317	1452	1417	0.000171347	2.66755e-005
rna28316	1436	1401	114.349	18.0052
rna28322	495	460	0	0
rna28323	573	538	0	0
rna28324	504	469	0	0
rna28325	572	537	14.9028	6.12209
rna28326	483	448	0	0
rna28327	524	489	0	0
rna28328	485	450	0	0
rna28329	604	569	0	0
rna28330	3962	3927	291.161	16.356
